<<<<<<< HEAD
Source,Location ID,City,State,Country,Latitude,Longitude,Time Zone,Elevation,,,,,
TMY3,724756,Bryce Cnyn Faa Ap,UT,USA,37.7,-112.15,-7,2312,,,,,
Year,Month,Day,Hour,GHI,DNI,DHI,Tdry,Tdew,RH,Pres,Wspd,Wdir,Albedo
2002,1,1,0,0,0,0,-12,-12,100,761,3.6,330,0.27
2002,1,1,1,0,0,0,-12,-13,91,761,3.1,320,0.27
2002,1,1,2,0,0,0,-9,-11,84,763,2.6,310,0.27
2002,1,1,3,0,0,0,-5,-6,92,765,3.1,300,0.27
2002,1,1,4,0,0,0,-4.4,-5.5,91,767,2.6,310,0.27
2002,1,1,5,0,0,0,-4,-5,92,768,2.1,310,0.27
2002,1,1,6,0,0,0,-3,-5,84,769,4.1,300,0.27
2002,1,1,7,0,0,0,-2,-7,65,768,4.1,340,0.27
2002,1,1,8,22,0,22,-2,-6,71,769,4.1,320,0.27
2002,1,1,9,267,576,110,-1,-4,78,769,4.6,290,0.27
2002,1,1,10,261,272,155,1,-5,61,772,3.1,340,0.27
2002,1,1,11,205,30,191,1,-7,51,771,5.1,20,0.27
2002,1,1,12,152,0,152,2,-7,48,773,5.7,30,0.27
2002,1,1,13,294,184,209,2,-4,62,773,5.1,300,0.27
2002,1,1,14,284,342,148,1,-6,56,771,1.5,350,0.27
2002,1,1,15,285,648,102,0,-6,60,770,3.1,40,0.27
2002,1,1,16,59,0,59,-1,-5,71,770,2.6,20,0.27
2002,1,1,17,0,0,0,-2,-7,65,770,2.6,320,0.27
2002,1,1,18,0,0,0,-7,-9,84,767,3.1,60,0.27
2002,1,1,19,0,0,0,-10,-12,84,765,2.1,250,0.27
2002,1,1,20,0,0,0,-14,-15,91,763,2.6,250,0.27
2002,1,1,21,0,0,0,-14,-16,83,763,2.2,240,0.27
2002,1,1,22,0,0,0,-13,-14,91,763,1.9,240,0.27
2002,1,1,23,0,0,0,-15,-17,83,761,1.5,230,0.27
2002,1,2,0,0,0,0,-17,-18,91,760,2.1,240,0.27
2002,1,2,1,0,0,0,-17,-18,91,760,2.4,250,0.27
2002,1,2,2,0,0,0,-15,-17,83,762,2.6,260,0.27
2002,1,2,3,0,0,0,-12,-14,83,764,2.1,250,0.27
2002,1,2,4,0,0,0,-11,-13,84,764,2,250,0.27
2002,1,2,5,0,0,0,-11,-12,91,764,1.8,250,0.27
2002,1,2,6,0,0,0,-10,-11,91,766,1.7,250,0.27
2002,1,2,7,0,0,0,-8,-10,84,769,1.5,250,0.27
2002,1,2,8,16,0,16,-7,-9,84,771,1.8,200,0.27
2002,1,2,9,169,269,96,-4,-6,84,773,2.1,150,0.27
2002,1,2,10,78,0,78,-4,-6,84,773,5.7,160,0.27
2002,1,2,11,324,278,195,-4,-7,77,773,4.1,170,0.27
2002,1,2,12,359,325,199,-4,-6,84,773,3.1,160,0.27
2002,1,2,13,105,0,105,-4,-5,92,772,3.6,150,0.27
2002,1,2,14,174,25,164,-4,-5,92,772,3.6,130,0.27
2002,1,2,15,155,96,128,-4,-4,100,771,3.6,150,0.27
2002,1,2,16,198,545,123,-4,-4,100,771,2.6,150,0.27
2002,1,2,17,0,0,0,-4,-5,92,771,3.6,160,0.27
2002,1,2,18,0,0,0,-4,-6,84,770,3.1,140,0.27
2002,1,2,19,0,0,0,-4,-6,84,770,5.1,150,0.27
2002,1,2,20,0,0,0,-4,-6,84,769,3.1,150,0.27
2002,1,2,21,0,0,0,-5,-6,92,768,3.1,180,0.27
2002,1,2,22,0,0,0,-5,-6,92,768,2.6,160,0.27
2002,1,2,23,0,0,0,-5,-6,92,768,3.1,150,0.27
2002,1,3,0,0,0,0,-6,-6,100,767,2.6,160,0.27
2002,1,3,1,0,0,0,-6,-6,100,767,2.6,170,0.27
2002,1,3,2,0,0,0,-6,-6,100,767,1.5,170,0.27
2002,1,3,3,0,0,0,-7,-8,92,767,1.5,160,0.27
2002,1,3,4,0,0,0,-7,-8,92,766,2.1,140,0.27
2002,1,3,5,0,0,0,-6,-7,92,767,2.6,150,0.27
2002,1,3,6,0,0,0,-6,-7,92,767,2.1,170,0.27
2002,1,3,7,0,0,0,-8,-9,92,766,1.5,250,0.27
2002,1,3,8,16,0,16,-7,-9,84,767,1.5,330,0.27
2002,1,3,9,102,16,98,-5,-6,92,768,2.6,140,0.27
2002,1,3,10,135,0,135,-5,-6,92,768,2.6,140,0.27
2002,1,3,11,119,0,119,-4,-6,84,768,3.1,140,0.27
2002,1,3,12,109,0,109,-3.6,-5.4,86,768,3.4,150,0.27
2002,1,3,13,418,423,219,-4,-5,92,767,3.6,150,0.27
2002,1,3,14,435,758,131,-3.1,-4.5,89,767,3.1,180,0.27
2002,1,3,15,245,528,94,-3,-4,92,768,2.6,220,0.27
2002,1,3,16,54,0,54,-3,-4,92,768,2,250,0.27
2002,1,3,17,0,0,0,-3,-4,92,768,1.5,280,0.27
2002,1,3,18,0,0,0,-4.2,-4.3,99,768,1.7,300,0.27
2002,1,3,19,0,0,0,-4.5,-4.7,98,768,1.8,320,0.27
2002,1,3,20,0,0,0,-4.3,-4.3,100,767,2,340,0.27
2002,1,3,21,0,0,0,-4,-4,100,767,2.1,350,0.27
2002,1,3,22,0,0,0,-4.3,-4.5,98,767,2.3,10,0.27
2002,1,3,23,0,0,0,-4.5,-4.9,97,767,2.4,30,0.27
2002,1,4,0,0,0,0,-4,-5,92,767,2.6,50,0.27
2002,1,4,1,0,0,0,-5,-6.1,91,766,2.5,40,0.27
2002,1,4,2,0,0,0,-5.5,-6.5,92,766,2.4,30,0.27
2002,1,4,3,0,0,0,-6.6,-7.6,92,765,2.4,30,0.27
2002,1,4,4,0,0,0,-7.4,-8.4,92,765,2.3,20,0.27
2002,1,4,5,0,0,0,-8.4,-9.3,92,764,2.2,10,0.27
2002,1,4,6,0,0,0,-9,-10,92,764,2.1,360,0.27
2002,1,4,7,0,0,0,-9,-11,84,764,3.6,350,0.27
2002,1,4,8,51,102,39,-7,-10,77,766,7.2,350,0.27
2002,1,4,9,160,181,111,-6,-11,64,767,7.2,20,0.27
2002,1,4,10,213,127,164,-4,-11,54,769,7.2,10,0.27
2002,1,4,11,460,728,120,-3,-11,50,769,7.7,20,0.27
2002,1,4,12,358,313,204,-2,-11,46,769,7.2,10,0.27
2002,1,4,13,522,864,114,-3,-9,60,769,11.3,310,0.27
2002,1,4,14,456,1029,41,-3,-8,65,770,11.3,310,0.27
2002,1,4,15,317,1000,27,-4,-8,71,769,10.3,310,0.27
2002,1,4,16,181,826,64,-5,-9,71,770,7.2,320,0.27
2002,1,4,17,0,0,0,-7,-9,84,768,8.2,310,0.27
2002,1,4,18,0,0,0,-7,-11,70,770,5.7,310,0.27
2002,1,4,19,0,0,0,-9,-12,77,769,1.5,10,0.27
2002,1,4,20,0,0,0,-12,-14,83,768,2.6,280,0.27
2002,1,4,21,0,0,0,-14,-16,83,767,4.6,280,0.27
2002,1,4,22,0,0,0,-17,-18,91,765,5.7,290,0.27
2002,1,4,23,0,0,0,-15,-17,83,766,5.1,280,0.27
2002,1,5,0,0,0,0,-17,-18,91,765,4.1,280,0.27
2002,1,5,1,0,0,0,-18,-21,75,764,5.1,280,0.27
2002,1,5,2,0,0,0,-17,-19,83,765,3.6,280,0.27
2002,1,5,3,0,0,0,-18,-21,75,765,2.6,20,0.27
2002,1,5,4,0,0,0,-17,-20,75,766,3.6,330,0.27
2002,1,5,5,0,0,0,-17,-19,83,766,4.6,280,0.27
2002,1,5,6,0,0,0,-15,-17,83,768,2.6,340,0.27
2002,1,5,7,0,0,0,-14,-16,83,769,2.1,300,0.27
2002,1,5,8,62,290,27,-14,-17,76,771,2.6,290,0.27
2002,1,5,9,267,741,64,-11,-14,76,773,2.6,30,0.27
2002,1,5,10,416,816,97,-6,-15,45,777,2.1,300,0.27
2002,1,5,11,363,361,194,-1,-16,27,778,2.1,360,0.27
2002,1,5,12,194,42,173,-1,-13,35,778,3.1,60,0.27
2002,1,5,13,398,459,180,4,-13,24,781,4.6,290,0.27
2002,1,5,14,462,858,115,3,-14,24,780,6.7,310,0.27
2002,1,5,15,324,998,32,3,-16,20,780,6.2,320,0.27
2002,1,5,16,174,823,55,2,-17,19,780,5.1,320,0.27
2002,1,5,17,0,0,0,-1,-18,22,778,4.6,310,0.27
2002,1,5,18,0,0,0,-7,-16,45,775,5.1,270,0.27
2002,1,5,19,0,0,0,-8,-16,49,775,1.5,280,0.27
2002,1,5,20,0,0,0,-6,-15,45,775,3.1,280,0.27
2002,1,5,21,0,0,0,-7,-15,49,775,3.1,280,0.27
2002,1,5,22,0,0,0,-7,-14,54,773,3.1,280,0.27
2002,1,5,23,0,0,0,-8,-15,53,771,2.6,270,0.27
2002,1,6,0,0,0,0,-10,-16,58,770,2.1,250,0.27
2002,1,6,1,0,0,0,-12,-16,69,768,2.6,260,0.27
2002,1,6,2,0,0,0,-13,-17,69,768,2.1,260,0.27
2002,1,6,3,0,0,0,-12,-16,69,768,1.5,300,0.27
2002,1,6,4,0,0,0,-9,-13,70,770,1.5,270,0.27
2002,1,6,5,0,0,0,-10,-14,70,770,1.5,220,0.27
2002,1,6,6,0,0,0,-8,-13,64,773,2.1,240,0.27
2002,1,6,7,0,0,0,-7,-12,64,774,2.6,260,0.27
2002,1,6,8,19,0,19,-4,-11,54,775,2.1,330,0.27
2002,1,6,9,231,560,78,-3,-10,55,777,4.1,280,0.27
2002,1,6,10,427,740,136,-4,-10,59,777,2.1,330,0.27
2002,1,6,11,357,337,199,-2,-9,55,777,2.6,30,0.27
2002,1,6,12,479,728,117,6,-4,47,781,6.2,330,0.27
2002,1,6,13,397,490,164,7,-3,48,782,7.2,310,0.27
2002,1,6,14,368,675,93,7,-3,48,782,7.2,320,0.27
2002,1,6,15,322,818,81,6,-3,51,782,6.2,310,0.27
2002,1,6,16,119,145,98,6,-3,51,782,5.1,290,0.27
2002,1,6,17,0,0,0,3,-3,63,780,5.7,290,0.27
2002,1,6,18,0,0,0,3,-3,63,781,3.1,340,0.27
2002,1,6,19,0,0,0,0,-3,78,779,2.6,310,0.27
2002,1,6,20,0,0,0,-3,-5,84,777,2.1,280,0.27
2002,1,6,21,0,0,0,-4,-6,84,776,3.6,270,0.27
2002,1,6,22,0,0,0,-3,-4,92,777,3.1,260,0.27
2002,1,6,23,0,0,0,-2,-4,85,777,2.6,280,0.27
2002,1,7,0,0,0,0,-4,-6,84,774,2.1,250,0.27
2002,1,7,1,0,0,0,-3,-6,77,775,5.7,270,0.27
2002,1,7,2,0,0,0,-4,-7,77,775,4.1,290,0.27
2002,1,7,3,0,0,0,-2,-6,71,776,2.1,230,0.27
2002,1,7,4,0,0,0,-6,-7,92,773,1.5,360,0.27
2002,1,7,5,0,0,0,-6,-7,92,773,2.6,10,0.27
2002,1,7,6,0,0,0,-7,-8,92,773,2.6,250,0.27
2002,1,7,7,0,0,0,-6,-7,92,775,3.6,280,0.27
2002,1,7,8,32,0,32,-3,-6,77,777,1.5,30,0.27
2002,1,7,9,209,494,73,-1,-4,78,779,2.1,30,0.27
2002,1,7,10,239,197,162,4,-3,59,781,2.1,360,0.27
2002,1,7,11,516,776,151,6,-2,55,782,2.1,310,0.27
2002,1,7,12,412,469,178,6,-2,55,781,1.5,50,0.27
2002,1,7,13,449,691,118,7,-1,56,781,2,80,0.27
2002,1,7,14,461,926,81,8,-1,52,781,2.6,120,0.27
2002,1,7,15,321,1000,23,7,-1,56,780,3.1,150,0.27
2002,1,7,16,161,633,66,4,-1,69,780,4.1,140,0.27
2002,1,7,17,0,0,0,-1,-3,85,778,2.6,240,0.27
2002,1,7,18,0,0,0,-1,-3,85,778,3.6,270,0.27
2002,1,7,19,0,0,0,-1,-4,78,778,4.6,290,0.27
2002,1,7,20,0,0,0,-3,-5,84,776,2.6,250,0.27
2002,1,7,21,0,0,0,-3,-6,77,776,2.1,270,0.27
2002,1,7,22,0,0,0,-4,-6,84,774,2.1,240,0.27
2002,1,7,23,0,0,0,-6,-7,92,772,1.8,230,0.27
2002,1,8,0,0,0,0,-6,-7,92,772,1.5,220,0.27
2002,1,8,1,0,0,0,-6,-7,92,771,2.3,250,0.27
2002,1,8,2,0,0,0,-2,-4,85,773,3.1,270,0.27
2002,1,8,3,0,0,0,-3,-5,84,773,3.6,250,0.27
2002,1,8,4,0,0,0,-4,-6,84,772,3.1,250,0.27
2002,1,8,5,0,0,0,-5,-7,84,772,2.6,250,0.27
2002,1,8,6,0,0,0,-5,-7,84,772,2.1,270,0.27
2002,1,8,7,0,0,0,-6,-7,92,771,2.6,260,0.27
2002,1,8,8,16,0,16,-4,-6,84,773,2.6,230,0.27
2002,1,8,9,129,82,106,0,-3,78,776,2.1,210,0.27
2002,1,8,10,187,46,169,3,-2,68,778,1.8,150,0.27
2002,1,8,11,334,296,195,6,-1,60,779,1.5,80,0.27
2002,1,8,12,515,764,132,6.4,-1.4,57,778,2.6,120,0.27
2002,1,8,13,345,300,200,6,-2,55,777,3.6,150,0.27
2002,1,8,14,467,680,186,7,-1,56,776,2.6,150,0.27
2002,1,8,15,151,163,102,7,-2,52,776,1.5,150,0.27
2002,1,8,16,88,60,79,5,-1,64,775,3.6,140,0.27
2002,1,8,17,0,0,0,4,-1,69,774,2.1,170,0.27
2002,1,8,18,0,0,0,4,-2,64,774,1.5,190,0.27
2002,1,8,19,0,0,0,3,-2,68,774,1.5,220,0.27
2002,1,8,20,0,0,0,3,-2,68,774,1.5,240,0.27
2002,1,8,21,0,0,0,2,-2,73,772,1.5,270,0.27
2002,1,8,22,0,0,0,0,-2,85,770,1.5,290,0.27
2002,1,8,23,0,0,0,0,-1,92,769,1.8,270,0.27
2002,1,9,0,0,0,0,-1,-2,92,767,2.1,240,0.27
2002,1,9,1,0,0,0,0,-3,78,767,1.5,280,0.27
2002,1,9,2,0,0,0,-1,-3,85,767,2.1,250,0.27
2002,1,9,3,0,0,0,-2,-3,92,766,1.5,190,0.27
2002,1,9,4,0,0,0,-1,-4,78,766,1.5,200,0.27
2002,1,9,5,0,0,0,-2,-4,85,766,1.5,200,0.27
2002,1,9,6,0,0,0,1,-4,67,767,2.1,180,0.27
2002,1,9,7,0,0,0,1,-4,67,768,1.5,170,0.27
2002,1,9,8,16,0,16,3,-3,63,769,5.7,150,0.27
2002,1,9,9,53,0,53,3,-2,68,769,2.6,330,0.27
2002,1,9,10,192,52,172,4,-2,64,770,3.1,150,0.27
2002,1,9,11,238,77,202,4,-3,59,769,5.1,140,0.27
2002,1,9,12,582,794,182,4,-3,59,769,4.6,200,0.27
2002,1,9,13,435,648,121,6,-3,51,770,4.1,260,0.27
2002,1,9,14,473,862,115,6,-3,51,770,5.1,320,0.27
2002,1,9,15,335,1002,31,6,-4,47,770,2.6,270,0.27
2002,1,9,16,170,692,63,4,-4,54,769,3.1,290,0.27
2002,1,9,17,0,0,0,3,-3,63,769,3.1,320,0.27
2002,1,9,18,0,0,0,1,-3,72,768,1.5,290,0.27
2002,1,9,19,0,0,0,1,-4,67,768,4.6,310,0.27
2002,1,9,20,0,0,0,0,-4,72,768,2.1,360,0.27
2002,1,9,21,0,0,0,-2,-5,78,767,2.1,20,0.27
2002,1,9,22,0,0,0,-3,-6,77,767,4.1,290,0.27
2002,1,9,23,0,0,0,-3,-4,92,767,4.1,320,0.27
2002,1,10,0,0,0,0,-3,-4,92,767,5.7,320,0.27
2002,1,10,1,0,0,0,-4,-5,92,767,4.1,350,0.27
2002,1,10,2,0,0,0,-3,-4,92,768,6.2,320,0.27
2002,1,10,3,0,0,0,-3.7,-5.1,89,767,4.9,320,0.27
2002,1,10,4,0,0,0,-4,-6,84,767,3.6,320,0.27
2002,1,10,5,0,0,0,-4,-6,84,767,5.7,310,0.27
2002,1,10,6,0,0,0,-5.8,-7.3,88,768,5.1,320,0.27
2002,1,10,7,0,0,0,-6,-7,92,768,4.6,320,0.27
2002,1,10,8,41,40,36,-4,-7,77,770,7.7,360,0.27
2002,1,10,9,156,203,99,-3,-7,71,771,9.3,30,0.27
2002,1,10,10,432,740,137,-3,-8,65,772,9.8,40,0.27
2002,1,10,11,402,527,151,-1,-10,46,773,6.2,10,0.27
2002,1,10,12,454,619,141,0,-9,46,774,8.7,360,0.27
2002,1,10,13,344,281,207,1,-11,36,775,8.2,20,0.27
2002,1,10,14,465,861,105,1,-12,33,774,9.8,10,0.27
2002,1,10,15,324,1007,16,1,-11,36,775,8.2,360,0.27
2002,1,10,16,185,710,72,0,-12,36,775,5.7,10,0.27
2002,1,10,17,0,0,0,-3,-10,55,774,5.7,340,0.27
2002,1,10,18,0,0,0,-6,-11,64,773,4.1,340,0.27
2002,1,10,19,0,0,0,-7,-11,70,773,5.7,330,0.27
2002,1,10,20,0,0,0,-7,-11,70,773,2.6,280,0.27
2002,1,10,21,0,0,0,-11,-13,84,771,3.1,280,0.27
2002,1,10,22,0,0,0,-12,-13,91,771,1.5,260,0.27
2002,1,10,23,0,0,0,-12,-14,83,770,4.1,270,0.27
2002,1,11,0,0,0,0,-12,-14,83,770,3.6,280,0.27
2002,1,11,1,0,0,0,-13,-15,83,769,1.5,270,0.27
2002,1,11,2,0,0,0,-13,-16,76,769,2.6,270,0.27
2002,1,11,3,0,0,0,-13,-16,76,769,3.6,260,0.27
2002,1,11,4,0,0,0,-12,-16,69,770,3.6,270,0.27
2002,1,11,5,0,0,0,-11,-14,76,771,2.1,350,0.27
2002,1,11,6,0,0,0,-12,-14,83,772,1.5,260,0.27
2002,1,11,7,0,0,0,-10,-14,70,774,2.6,310,0.27
2002,1,11,8,90,640,10,-8,-13,64,775,2.6,280,0.27
2002,1,11,9,267,890,19,-6,-13,54,777,2.6,50,0.27
2002,1,11,10,432,741,136,1,-15,25,782,1.5,340,0.27
2002,1,11,11,323,249,204,1,-12,33,781,2.1,20,0.27
2002,1,11,12,321,138,250,2,-13,28,780,1.5,50,0.27
2002,1,11,13,259,98,212,7,-11,24,783,1.5,20,0.27
2002,1,11,14,457,760,137,8,-14,17,783,1.5,360,0.27
2002,1,11,15,314,931,26,8,-11,22,783,1.5,320,0.27
2002,1,11,16,179,662,72,5,-9,33,782,2.1,340,0.27
2002,1,11,17,0,0,0,0,-9,46,779,2.1,50,0.27
2002,1,11,18,0,0,0,-6,-9,77,776,2.6,270,0.27
2002,1,11,19,0,0,0,-5,-11,59,776,3.6,270,0.27
2002,1,11,20,0,0,0,-5,-12,54,776,3.6,280,0.27
2002,1,11,21,0,0,0,-8,-13,64,774,2.1,330,0.27
2002,1,11,22,0,0,0,-3,-14,38,776,2.6,10,0.27
2002,1,11,23,0,0,0,-10,-13,76,772,3.6,260,0.27
2002,1,12,0,0,0,0,-9,-13,70,772,3.1,270,0.27
2002,1,12,1,0,0,0,-8,-13,64,771,3.6,270,0.27
2002,1,12,2,0,0,0,-8,-13,64,771,2.6,290,0.27
2002,1,12,3,0,0,0,-8,-13,64,771,3.6,270,0.27
2002,1,12,4,0,0,0,-8,-13,64,771,3.6,280,0.27
2002,1,12,5,0,0,0,-9,-12,77,771,3.1,270,0.27
2002,1,12,6,0,0,0,-7,-11,70,773,4.6,280,0.27
2002,1,12,7,0,0,0,-7,-10,77,772,4.1,280,0.27
2002,1,12,8,38,13,36,-3,-7,71,774,4.1,290,0.27
2002,1,12,9,116,49,102,1,-6,56,777,2.6,280,0.27
2002,1,12,10,338,422,169,3,-4,58,777,2.9,300,0.27
2002,1,12,11,159,6,156,6,-6,39,779,3.3,310,0.27
2002,1,12,12,575,800,166,8,-5,37,779,3.6,330,0.27
2002,1,12,13,538,1033,30,8,-4,41,777,3.1,250,0.27
2002,1,12,14,449,992,29,6,-3,51,775,2.6,170,0.27
2002,1,12,15,347,989,38,6,-4,47,775,3.6,150,0.27
2002,1,12,16,192,765,66,5,-5,46,774,1.5,160,0.27
2002,1,12,17,0,0,0,2,-7,48,773,2.6,170,0.27
2002,1,12,18,0,0,0,-3,-7,71,769,2.1,190,0.27
2002,1,12,19,0,0,0,-2,-9,55,769,3.1,30,0.27
2002,1,12,20,0,0,0,-3,-11,50,767,2.9,20,0.27
2002,1,12,21,0,0,0,2,-16,21,769,2.6,360,0.27
2002,1,12,22,0,0,0,-3,-15,35,765,4.6,10,0.27
2002,1,12,23,0,0,0,-7,-14,54,762,4.4,360,0.27
2002,1,13,0,0,0,0,-6,-16,41,762,4.3,360,0.27
2002,1,13,1,0,0,0,-2,-18,24,764,4.1,350,0.27
2002,1,13,2,0,0,0,-3,-16,32,765,4.6,340,0.27
2002,1,13,3,0,0,0,-4,-16,34,763,4.6,10,0.27
2002,1,13,4,0,0,0,-3,-13,42,764,7.2,360,0.27
2002,1,13,5,0,0,0,-5,-13,49,763,5.7,340,0.27
2002,1,13,6,0,0,0,-6,-12,59,765,6.2,340,0.27
2002,1,13,7,0,0,0,-6,-13,54,764,4.6,330,0.27
2002,1,13,8,77,517,11,-4,-11,54,766,5.1,330,0.27
2002,1,13,9,209,544,56,-2,-10,50,766,5.7,330,0.27
2002,1,13,10,348,642,90,1,-10,40,769,3.6,360,0.27
2002,1,13,11,544,912,104,1,-10,40,769,6.7,20,0.27
2002,1,13,12,593,1046,56,2,-10,37,769,6.2,330,0.27
2002,1,13,13,570,1045,53,3,-10,34,769,5.7,320,0.27
2002,1,13,14,491,1035,49,2,-9,40,768,8.7,310,0.27
2002,1,13,15,345,1007,28,1,-10,40,768,8.7,320,0.27
2002,1,13,16,186,745,61,-1,-12,39,767,6.2,320,0.27
2002,1,13,17,0,121,0,-3,-12,46,767,6.7,330,0.27
2002,1,13,18,0,0,0,-6,-12,59,766,4.6,330,0.27
2002,1,13,19,0,0,0,-6,-13,54,766,4.6,340,0.27
2002,1,13,20,0,0,0,-6,-14,49,765,4.6,340,0.27
2002,1,13,21,0,0,0,-8,-14,58,763,4.6,340,0.27
2002,1,13,22,0,0,0,-11,-16,63,761,3.9,320,0.27
2002,1,13,23,0,0,0,-12,-16,69,760,3.3,300,0.27
2002,1,14,0,0,0,0,-16,-18,83,757,2.6,280,0.27
2002,1,14,1,0,0,0,-14,-18,69,758,4.1,280,0.27
2002,1,14,2,0,0,0,-14,-18,69,758,3.1,270,0.27
2002,1,14,3,0,0,0,-17,-21,68,756,2.1,250,0.27
2002,1,14,4,0,0,0,-18,-21,75,755,2.6,250,0.27
2002,1,14,5,0,0,0,-18,-21,75,756,3.1,240,0.27
2002,1,14,6,0,0,0,-17,-21,68,757,3.1,240,0.27
2002,1,14,7,0,0,0,-18,-21,75,756,3.1,220,0.27
2002,1,14,8,66,302,28,-14,-19,63,759,1.5,210,0.27
2002,1,14,9,152,148,110,-8,-14,58,763,1.5,230,0.27
2002,1,14,10,234,156,171,-2,-11,46,766,3.1,160,0.27
2002,1,14,11,515,775,140,-1,-10,46,766,6.2,160,0.27
2002,1,14,12,435,457,200,0,-9,46,767,6.2,150,0.27
2002,1,14,13,569,873,135,1,-9,43,766,6.7,150,0.27
2002,1,14,14,448,928,49,2,-10,37,766,7.2,140,0.27
2002,1,14,15,301,865,25,2,-10,37,767,5.1,150,0.27
2002,1,14,16,162,616,57,2,-12,31,767,4.6,170,0.27
2002,1,14,17,1,108,0,-1,-13,35,766,5.1,170,0.27
2002,1,14,18,0,0,0,-5,-13,49,764,4.1,170,0.27
2002,1,14,19,0,0,0,-8,-14,58,762,1.5,270,0.27
2002,1,14,20,0,0,0,-13,-16,76,758,2.6,250,0.27
2002,1,14,21,0,0,0,-13,-17,69,756,1.5,260,0.27
2002,1,14,22,0,0,0,-14,-18,69,754,1.5,240,0.27
2002,1,14,23,0,0,0,-14,-17,76,754,2.4,210,0.27
2002,1,15,0,0,0,0,-9,-16,53,756,3.2,190,0.27
2002,1,15,1,0,0,0,-4,-15,38,758,4.1,160,0.27
2002,1,15,2,0,0,0,-4,-14,41,758,2.6,150,0.27
2002,1,15,3,0,0,0,-6,-14,49,756,2.6,160,0.27
2002,1,15,4,0,0,0,-2,-14,35,758,3.1,120,0.27
2002,1,15,5,0,0,0,-1,-13,35,760,2.6,120,0.27
2002,1,15,6,0,0,0,-2,-13,38,760,2.1,110,0.27
2002,1,15,7,0,0,0,-3,-13,42,761,2.6,70,0.27
2002,1,15,8,22,0,22,-3,-12,46,763,3.1,30,0.27
2002,1,15,9,174,275,96,0,-13,32,765,5.7,250,0.27
2002,1,15,10,281,214,194,0,-11,39,766,7.7,240,0.27
2002,1,15,11,345,213,242,1,-11,36,766,6.7,260,0.27
2002,1,15,12,399,355,215,1,-10,40,764,8.7,260,0.27
2002,1,15,13,304,134,237,1,-11,36,762,5.7,300,0.27
2002,1,15,14,348,420,166,0,-11,39,763,3.1,320,0.27
2002,1,15,15,325,783,73,-2,-10,50,762,5.1,330,0.27
2002,1,15,16,192,753,61,-3,-10,55,761,3.6,360,0.27
2002,1,15,17,1,141,0,-4,-11,54,761,3.6,310,0.27
2002,1,15,18,0,0,0,-5,-11,59,761,4.6,300,0.27
2002,1,15,19,0,0,0,-6,-12,59,761,3.6,330,0.27
2002,1,15,20,0,0,0,-9,-12,77,759,4.1,30,0.27
2002,1,15,21,0,0,0,-11,-13,84,758,4.1,360,0.27
2002,1,15,22,0,0,0,-12,-13,91,758,3.6,360,0.27
2002,1,15,23,0,0,0,-11,-13,84,758,4.6,340,0.27
2002,1,16,0,0,0,0,-11,-13,84,758,4.6,330,0.27
2002,1,16,1,0,0,0,-13,-14,91,757,4.6,350,0.27
2002,1,16,2,0,0,0,-13,-14,91,758,3.1,360,0.27
2002,1,16,3,0,0,0,-14,-16,83,758,2.1,20,0.27
2002,1,16,4,0,0,0,-14,-16,83,758,2.6,340,0.27
2002,1,16,5,0,0,0,-14,-16,83,758,2.6,330,0.27
2002,1,16,6,0,0,0,-17,-18,91,756,2.6,300,0.27
2002,1,16,7,0,0,0,-16,-18,83,757,2.6,270,0.27
2002,1,16,8,89,647,5,-14,-17,76,759,2.9,320,0.27
2002,1,16,9,282,809,50,-11,-14,76,762,3.1,10,0.27
2002,1,16,10,364,596,120,-9,-13,70,763,3.1,40,0.27
2002,1,16,11,294,166,213,-7,-13,59,763,3.2,30,0.27
2002,1,16,12,592,805,172,-5.2,-11.5,58,764,3.3,10,0.27
2002,1,16,13,575,794,175,-4.3,-10.2,60,764,3.4,360,0.27
2002,1,16,14,241,125,186,-3.7,-9.1,63,765,3.4,340,0.27
2002,1,16,15,357,734,118,-4,-8,71,765,3.5,330,0.27
2002,1,16,16,204,824,58,-6,-8,84,763,3.6,310,0.27
2002,1,16,17,2,165,1,-8,-11,77,763,2.6,260,0.27
2002,1,16,18,0,0,0,-9,-12,77,763,3.6,290,0.27
2002,1,16,19,0,0,0,-10,-13,76,763,3.1,290,0.27
2002,1,16,20,0,0,0,-16,-17,91,759,3.6,250,0.27
2002,1,16,21,0,0,0,-15,-17,83,759,4.1,310,0.27
2002,1,16,22,0,0,0,-13,-16,76,760,3.6,340,0.27
2002,1,16,23,0,0,0,-15,-18,76,758,3.1,40,0.27
2002,1,17,0,0,0,0,-15,-17,83,758,2.1,350,0.27
2002,1,17,1,0,0,0,-18,-20,83,756,1.5,300,0.27
2002,1,17,2,0,0,0,-19,-22,75,756,1.8,330,0.27
2002,1,17,3,0,0,0,-19,-21,83,756,2.1,350,0.27
2002,1,17,4,0,0,0,-19,-22,75,756,3.6,270,0.27
2002,1,17,5,0,0,0,-20,-22,82,756,3.6,270,0.27
2002,1,17,6,0,0,0,-19,-22,75,757,4.1,280,0.27
2002,1,17,7,0,0,0,-20,-23,75,757,2.1,310,0.27
2002,1,17,8,73,331,29,-17,-19,83,760,3.6,280,0.27
2002,1,17,9,121,50,107,-12,-17,63,763,3.6,230,0.27
2002,1,17,10,349,550,123,-8,-16,49,765,3.6,190,0.27
2002,1,17,11,345,284,206,-5,-17,34,767,3.6,140,0.27
2002,1,17,12,598,709,226,-4,-15,38,767,3.6,160,0.27
2002,1,17,13,219,79,179,-3,-13,42,767,2.1,160,0.27
2002,1,17,14,445,739,121,-3,-13,42,767,3.1,150,0.27
2002,1,17,15,364,993,38,-2,-13,38,768,6.7,160,0.27
2002,1,17,16,198,875,40,-3,-13,42,767,5.7,160,0.27
2002,1,17,17,3,188,1,-7,-13,59,765,5.7,140,0.27
2002,1,17,18,0,0,0,-8,-14,58,765,5.7,140,0.27
2002,1,17,19,0,0,0,-13,-18,63,763,1.5,270,0.27
2002,1,17,20,0,0,0,-14,-18,69,761,2.6,210,0.27
2002,1,17,21,0,0,0,-18,-21,75,758,3.6,250,0.27
2002,1,17,22,0,0,0,-19,-22,75,756,2.1,250,0.27
2002,1,17,23,0,0,0,-18,-21,75,756,2.1,320,0.27
2002,1,18,0,0,0,0,-18,-22,68,755,2.1,340,0.27
2002,1,18,1,0,0,0,-19,-22,75,754,2.6,270,0.27
2002,1,18,2,0,0,0,-18,-21,75,754,2.1,280,0.27
2002,1,18,3,0,0,0,-18,-21,75,754,1.8,300,0.27
2002,1,18,4,0,0,0,-19,-22,75,753,1.5,310,0.27
2002,1,18,5,0,0,0,-17,-20,75,755,4.1,300,0.27
2002,1,18,6,0,0,0,-19,-22,75,755,3.1,260,0.27
2002,1,18,7,0,0,0,-18,-21,75,756,4.1,270,0.27
2002,1,18,8,65,301,25,-10,-15,64,762,4.6,300,0.27
2002,1,18,9,215,474,78,-8,-13,64,765,8.7,310,0.27
2002,1,18,10,432,741,126,-8,-13,64,766,6.2,310,0.27
2002,1,18,11,424,562,146,-7,-16,45,766,11.3,310,0.27
2002,1,18,12,483,649,141,-7,-15,49,765,9.3,330,0.27
2002,1,18,13,555,927,82,-6,-15,45,766,11.8,330,0.27
2002,1,18,14,473,1013,24,-6,-15,45,767,9.8,340,0.27
2002,1,18,15,345,985,19,-8,-16,49,766,10.3,320,0.27
2002,1,18,16,209,891,45,-9,-16,53,767,8.7,320,0.27
2002,1,18,17,4,204,1,-10,-17,53,766,6.7,310,0.27
2002,1,18,18,0,0,0,-12,-17,63,767,4.6,300,0.27
2002,1,18,19,0,0,0,-13,-18,63,766,2.6,60,0.27
2002,1,18,20,0,0,0,-16,-19,75,763,2.1,340,0.27
2002,1,18,21,0,0,0,-14,-18,69,764,3.6,300,0.27
2002,1,18,22,0,0,0,-17,-19,83,762,2.6,270,0.27
2002,1,18,23,0,0,0,-21,-22,91,760,4.1,280,0.27
2002,1,19,0,0,0,0,-19,-22,75,761,5.7,280,0.27
2002,1,19,1,0,0,0,-18,-21,75,761,3.1,280,0.27
2002,1,19,2,0,0,0,-20,-22,82,760,2.1,280,0.27
2002,1,19,3,0,0,0,-20,-22,82,760,3.1,280,0.27
2002,1,19,4,0,0,0,-23,-26,74,758,2.6,250,0.27
2002,1,19,5,0,0,0,-23,-26,74,758,2.6,250,0.27
2002,1,19,6,0,0,0,-23,-26,74,759,2.1,260,0.27
2002,1,19,7,0,0,0,-22,-26,67,760,2.1,250,0.27
2002,1,19,8,82,530,11,-18,-22,68,762,4.1,250,0.27
2002,1,19,9,229,563,65,-14,-19,63,763,4.1,200,0.27
2002,1,19,10,443,747,132,-8,-20,33,767,4.1,150,0.27
2002,1,19,11,255,201,155,-7,-19,34,767,5.7,140,0.27
2002,1,19,12,603,805,176,-6,-19,31,766,7.2,150,0.27
2002,1,19,13,573,1043,38,-6,-18,34,764,4.6,150,0.27
2002,1,19,14,472,988,31,-5,-17,34,764,5.7,140,0.27
2002,1,19,15,369,936,55,-5,-17,34,763,7.2,160,0.27
2002,1,19,16,188,734,50,-6,-18,34,763,4.1,140,0.27
2002,1,19,17,4,178,1,-8,-18,40,761,2.1,190,0.27
2002,1,19,18,0,0,0,-14,-19,63,758,1.5,240,0.27
2002,1,19,19,0,0,0,-14,-18,69,758,4.1,280,0.27
2002,1,19,20,0,0,0,-13.9,-17.4,72,758,4.4,280,0.27
2002,1,19,21,0,0,0,-13.8,-17.1,74,759,4.7,280,0.27
2002,1,19,22,0,0,0,-13.9,-16.8,76,759,4.9,280,0.27
2002,1,19,23,0,0,0,-13.7,-16.4,78,760,5.2,280,0.27
2002,1,20,0,0,0,0,-13,-15.6,79,760,5.5,280,0.27
2002,1,20,1,0,0,0,-12.8,-15.4,79,761,5.8,290,0.27
2002,1,20,2,0,0,0,-12.1,-14.6,80,761,6.1,290,0.27
2002,1,20,3,0,0,0,-12.1,-14.4,81,761,6.4,290,0.27
2002,1,20,4,0,0,0,-11.7,-13.9,82,762,6.6,290,0.27
2002,1,20,5,0,0,0,-11.6,-13.5,84,762,6.9,290,0.27
2002,1,20,6,0,0,0,-11,-13,84,763,7.2,290,0.27
2002,1,20,7,0,0,0,-11.9,-14.7,77,763,5.3,300,0.27
2002,1,20,8,74,353,26,-9.3,-12.9,72,764,5.8,300,0.27
2002,1,20,9,184,281,102,-5.7,-11.2,62,764,5,280,0.27
2002,1,20,10,407,788,77,-1.1,-12.4,38,765,4.8,240,0.27
2002,1,20,11,555,918,96,-0.4,-12.1,36,765,5.4,220,0.27
2002,1,20,12,561,973,42,-0.3,-13.3,32,765,5.1,230,0.27
2002,1,20,13,541,970,40,-1.2,-14.1,32,766,3.4,240,0.27
2002,1,20,14,485,993,38,-1.6,-14.8,31,766,3.2,260,0.27
2002,1,20,15,376,1013,32,-2,-16,29,767,2.6,280,0.27
2002,1,20,16,214,914,39,-2,-15,32,767,4.1,280,0.27
2002,1,20,17,6,235,1,-5,-15,41,766,3.6,310,0.27
2002,1,20,18,0,0,0,-9,-16,53,764,4.6,280,0.27
2002,1,20,19,0,0,0,-7,-15,49,766,3.1,310,0.27
2002,1,20,20,0,0,0,-12,-17,63,763,5.1,250,0.27
2002,1,20,21,0,0,0,-12,-16,69,763,4.6,270,0.27
2002,1,20,22,0,0,0,-13,-16,76,762,5.7,270,0.27
2002,1,20,23,0,0,0,-13,-16,76,762,5.1,270,0.27
2002,1,21,0,0,0,0,-14,-17,76,761,2.6,250,0.27
2002,1,21,1,0,0,0,-14,-16,83,760,4.1,260,0.27
2002,1,21,2,0,0,0,-14,-17,76,760,4.6,260,0.27
2002,1,21,3,0,0,0,-14,-16,83,760,4.6,270,0.27
2002,1,21,4,0,0,0,-14,-16,83,760,3.1,270,0.27
2002,1,21,5,0,0,0,-14,-16,83,760,4.1,270,0.27
2002,1,21,6,0,0,0,-13,-15,83,762,3.6,280,0.27
2002,1,21,7,0,0,0,-14,-16,83,761,1.5,280,0.27
2002,1,21,8,89,483,23,-11,-14,76,764,2.1,270,0.27
2002,1,21,9,293,812,52,-6,-11,64,767,2.1,250,0.27
2002,1,21,10,459,991,42,-1,-10,46,770,3.4,200,0.27
2002,1,21,11,560,918,99,1,-8,47,770,4.6,150,0.27
2002,1,21,12,525,691,154,2,-8,44,770,4.1,140,0.27
2002,1,21,13,219,67,184,2,-8,44,769,5.1,140,0.27
2002,1,21,14,428,637,139,2,-8,44,768,5.1,160,0.27
2002,1,21,15,382,932,63,3,-8,41,769,4.1,160,0.27
2002,1,21,16,209,929,28,1,-8,47,767,4.6,140,0.27
2002,1,21,17,7,253,1,0,-9,46,766,5.1,170,0.27
2002,1,21,18,0,0,0,-3,-10,55,765,4.1,160,0.27
2002,1,21,19,0,0,0,-4,-11,54,764,3.6,150,0.27
2002,1,21,20,0,0,0,-4,-11,54,763,5.1,120,0.27
2002,1,21,21,0,0,0,-8,-13,64,759,3.9,130,0.27
2002,1,21,22,0,0,0,-11,-13,84,755,2.7,150,0.27
2002,1,21,23,0,0,0,-12,-14,83,754,1.5,160,0.27
2002,1,22,0,0,0,0,-8,-12,70,756,1.5,360,0.27
2002,1,22,1,0,0,0,-7,-12,64,755,2.1,120,0.27
2002,1,22,2,0,0,0,-8,-12,70,754,4.1,170,0.27
2002,1,22,3,0,0,0,-4,-11,54,756,6.2,210,0.27
2002,1,22,4,0,0,0,-3,-10,55,756,4.1,190,0.27
2002,1,22,5,0,0,0,-2,-9,55,757,5.1,200,0.27
2002,1,22,6,0,0,0,-2,-9,55,758,9.3,230,0.27
2002,1,22,7,0,0,0,-2,-9,55,758,7.2,230,0.27
2002,1,22,8,105,411,47,-3,-10,55,757,6.2,230,0.27
2002,1,22,9,171,199,112,-1,-9,50,759,9.8,240,0.27
2002,1,22,10,292,261,182,-1,-9,50,760,8.7,230,0.27
2002,1,22,11,289,118,229,-1,-9,50,759,8.7,250,0.27
2002,1,22,12,518,661,161,-1,-9,50,758,8.2,250,0.27
2002,1,22,13,424,421,204,-1,-9,50,757,8.2,280,0.27
2002,1,22,14,273,144,208,-3,-8,65,757,4.1,340,0.27
2002,1,22,15,256,403,117,-6,-8,84,755,5.1,10,0.27
2002,1,22,16,160,485,64,-7.2,-9.3,83,755,4.9,360,0.27
2002,1,22,17,6,139,2,-8.6,-10.3,86,755,4.8,350,0.27
2002,1,22,18,0,0,0,-9,-11,84,755,4.6,340,0.27
2002,1,22,19,0,0,0,-11.8,-13.4,87,753,3.9,350,0.27
2002,1,22,20,0,0,0,-13.9,-15.1,90,752,3.3,350,0.27
2002,1,22,21,0,0,0,-16,-17,91,751,2.6,360,0.27
2002,1,22,22,0,0,0,-15,-17,83,752,4.6,320,0.27
2002,1,22,23,0,0,0,-17,-17,100,751,3.1,340,0.27
2002,1,23,0,0,0,0,-17,-18,91,751,4.6,290,0.27
2002,1,23,1,0,0,0,-19,-21,83,751,1.5,300,0.27
2002,1,23,2,0,0,0,-19,-22,75,751,3.6,310,0.27
2002,1,23,3,0,0,0,-26,-28,82,748,3.1,320,0.27
2002,1,23,4,0,0,0,-22,-24,82,751,2.1,360,0.27
2002,1,23,5,0,0,0,-22,-24,82,751,1.5,320,0.27
2002,1,23,6,0,0,0,-24,-27,74,751,2.6,290,0.27
2002,1,23,7,0,0,0,-24,-27,74,752,2.6,310,0.27
2002,1,23,8,88,352,38,-18,-20,83,756,3.1,350,0.27
2002,1,23,9,127,127,88,-13,-16,76,761,4.6,360,0.27
2002,1,23,10,428,736,114,-11,-16,63,763,2.1,270,0.27
2002,1,23,11,521,770,129,-9,-16,53,764,5.1,20,0.27
2002,1,23,12,247,48,221,-8,-16,49,765,6.7,20,0.27
2002,1,23,13,244,43,222,-9,-14,64,765,7.7,50,0.27
2002,1,23,14,504,698,182,-8,-18,40,766,5.1,360,0.27
2002,1,23,15,156,79,129,-9,-17,48,768,8.2,20,0.27
2002,1,23,16,214,472,118,-9,-17,48,767,8.2,30,0.27
2002,1,23,17,10,142,5,-13,-19,57,766,3.6,350,0.27
2002,1,23,18,0,0,0,-13,-18,63,768,3.1,20,0.27
2002,1,23,19,0,0,0,-16,-20,69,767,5.1,350,0.27
2002,1,23,20,0,0,0,-17,-19,83,764,6.7,340,0.27
2002,1,23,21,0,0,0,-16,-19,75,764,6.2,340,0.27
2002,1,23,22,0,0,0,-15,-19,69,764,5.7,360,0.27
2002,1,23,23,0,0,0,-18,-20,83,763,5.7,340,0.27
2002,1,24,0,0,0,0,-17,-19,83,763,5.7,330,0.27
2002,1,24,1,0,0,0,-16,-18,83,765,7.7,350,0.27
2002,1,24,2,0,0,0,-14,-19,63,766,7.2,350,0.27
2002,1,24,3,0,0,0,-16,-19,75,766,5.1,330,0.27
2002,1,24,4,0,0,0,-17,-20,75,765,5.1,320,0.27
2002,1,24,5,0,0,0,-16,-21,62,767,3.1,330,0.27
2002,1,24,6,0,0,0,-15,-19,69,768,5.7,310,0.27
2002,1,24,7,0,0,0,-15,-19,69,770,6.2,320,0.27
2002,1,24,8,109,684,11,-12,-19,52,772,4.6,340,0.27
2002,1,24,9,303,675,98,-8,-17,44,774,3.1,340,0.27
2002,1,24,10,266,203,179,-6.3,-16,42,776,2.8,20,0.27
2002,1,24,11,560,693,205,-5,-15,41,777,2.4,50,0.27
2002,1,24,12,367,222,246,-3,-14,38,777,2.1,90,0.27
2002,1,24,13,282,61,250,-1,-13,35,777,2.1,40,0.27
2002,1,24,14,349,318,202,1,-12,33,778,2.1,340,0.27
2002,1,24,15,254,263,161,1,-11,36,779,1.5,220,0.27
2002,1,24,16,125,139,97,-1,-11,42,778,2.3,140,0.27
2002,1,24,17,6,44,5,-5,-12,54,776,3.1,50,0.27
2002,1,24,18,0,0,0,-9,-13,70,773,2.1,340,0.27
2002,1,24,19,0,0,0,-13,-16,76,772,1.5,210,0.27
2002,1,24,20,0,0,0,-15,-17,83,770,2.6,250,0.27
2002,1,24,21,0,0,0,-12,-15,76,771,2.1,240,0.27
2002,1,24,22,0,0,0,-13,-16,76,769,1.5,230,0.27
2002,1,24,23,0,0,0,-17,-19,83,766,2.6,230,0.27
2002,1,25,0,0,0,0,-17,-19,83,766,2.1,250,0.27
2002,1,25,1,0,0,0,-17,-19,83,765,1.5,230,0.27
2002,1,25,2,0,0,0,-18,-20,83,764,3.6,260,0.27
2002,1,25,3,0,0,0,-17,-19,83,764,3.1,250,0.27
2002,1,25,4,0,0,0,-18,-21,75,763,3.1,250,0.27
2002,1,25,5,0,0,0,-19,-21,83,764,2.6,240,0.27
2002,1,25,6,0,0,0,-17,-19,83,766,3.1,270,0.27
2002,1,25,7,0,0,0,-17,-19,83,767,3.6,240,0.27
2002,1,25,8,92,439,28,-13,-16,76,770,2.1,250,0.27
2002,1,25,9,200,288,111,-7,-12,64,773,2.6,230,0.27
2002,1,25,10,361,545,125,-1,-14,32,777,3.1,200,0.27
2002,1,25,11,402,420,185,1,-13,30,778,3.6,160,0.27
2002,1,25,12,404,210,288,2,-12,31,778,5.1,150,0.27
2002,1,25,13,410,347,225,2,-12,31,777,3.6,160,0.27
2002,1,25,14,523,704,193,3,-12,29,777,3.6,140,0.27
2002,1,25,15,171,151,117,3,-12,29,776,3.1,130,0.27
2002,1,25,16,55,0,55,1,-12,33,775,2.1,180,0.27
2002,1,25,17,3,0,3,-3,-12,46,773,3.1,190,0.27
2002,1,25,18,0,0,0,-3,-14,38,773,2.6,220,0.27
2002,1,25,19,0,0,0,-11,-13,84,768,2.1,250,0.27
2002,1,25,20,0,0,0,-10,-13,76,767,2.6,210,0.27
2002,1,25,21,0,0,0,-10,-13,76,766,2.6,250,0.27
2002,1,25,22,0,0,0,-11,-13,84,764,2.1,260,0.27
2002,1,25,23,0,0,0,-13,-15,83,762,1.5,200,0.27
2002,1,26,0,0,0,0,-13,-16,76,761,3.1,220,0.27
2002,1,26,1,0,0,0,-13,-16,76,761,3.1,230,0.27
2002,1,26,2,0,0,0,-16,-18,83,758,3.1,250,0.27
2002,1,26,3,0,0,0,-13,-16,76,760,3.1,240,0.27
2002,1,26,4,0,0,0,-16,-18,83,758,3.6,240,0.27
2002,1,26,5,0,0,0,-16,-18,83,759,3.1,250,0.27
2002,1,26,6,0,0,0,-17,-19,83,758,3.1,240,0.27
2002,1,26,7,0,0,0,-16,-18,83,761,3.1,250,0.27
2002,1,26,8,81,286,39,-12,-15,76,763,2.1,220,0.27
2002,1,26,9,295,677,86,-7,-13,59,766,1.8,280,0.27
2002,1,26,10,272,203,184,-2,-14,35,769,1.5,330,0.27
2002,1,26,11,379,237,256,0,-13,32,770,3.1,60,0.27
2002,1,26,12,434,390,217,2,-13,28,770,4.6,140,0.27
2002,1,26,13,474,633,133,3,-13,26,770,3.6,130,0.27
2002,1,26,14,404,598,122,3,-12,29,770,3.6,150,0.27
2002,1,26,15,277,439,118,3,-11,31,769,6.2,150,0.27
2002,1,26,16,201,556,82,1,-11,36,769,4.6,160,0.27
2002,1,26,17,13,192,5,-2,-11,46,767,4.6,140,0.27
2002,1,26,18,0,0,0,-1,-12,39,768,5.7,140,0.27
2002,1,26,19,0,0,0,-4,-13,45,766,3.6,130,0.27
2002,1,26,20,0,0,0,-5,-13,49,765,3.6,160,0.27
2002,1,26,21,0,0,0,-3,-13,42,764,4.1,150,0.27
2002,1,26,22,0,0,0,-3,-13,42,763,4.1,140,0.27
2002,1,26,23,0,0,0,-3,-13,42,762,4.6,140,0.27
2002,1,27,0,0,0,0,-2,-14,35,762,5.7,140,0.27
2002,1,27,1,0,0,0,-8,-15,53,759,2.6,190,0.27
2002,1,27,2,0,0,0,-13,-16,76,756,1.5,230,0.27
2002,1,27,3,0,0,0,-14,-17,76,755,2.6,280,0.27
2002,1,27,4,0,0,0,-16,-18,83,754,1.5,260,0.27
2002,1,27,5,0,0,0,-17,-19,83,754,3.6,270,0.27
2002,1,27,6,0,0,0,-18,-20,83,753,2.1,210,0.27
2002,1,27,7,0,0,0,-17,-19,83,755,2.1,230,0.27
2002,1,27,8,118,429,53,-8,-15,53,761,1.8,240,0.27
2002,1,27,9,96,0,96,-5,-13,49,761,1.5,240,0.27
2002,1,27,10,251,145,188,1,-10,40,765,5.7,130,0.27
2002,1,27,11,204,18,195,1,-10,40,764,4.1,110,0.27
2002,1,27,12,193,6,189,2,-10,37,764,8.2,230,0.27
2002,1,27,13,397,268,252,2,-11,34,764,5.1,200,0.27
2002,1,27,14,348,286,211,3,-9,37,765,4.6,180,0.27
2002,1,27,15,413,752,138,3,-10,34,766,7.7,220,0.27
2002,1,27,16,210,575,86,2,-10,37,766,6.7,210,0.27
2002,1,27,17,15,207,6,-2,-9,55,764,4.1,190,0.27
2002,1,27,18,0,0,0,-3,-12,46,763,2.6,180,0.27
2002,1,27,19,0,0,0,-6,-11,64,761,3.1,180,0.27
2002,1,27,20,0,0,0,-3,-12,46,761,6.7,200,0.27
2002,1,27,21,0,0,0,-4,-13,45,760,2.6,210,0.27
2002,1,27,22,0,0,0,-2,-11,46,759,9.3,220,0.27
2002,1,27,23,0,0,0,-2,-10,50,758,7.2,230,0.27
2002,1,28,0,0,0,0,-2,-10,50,758,9.8,220,0.27
2002,1,28,1,0,0,0,-2,-10,50,758,8.7,210,0.27
2002,1,28,2,0,0,0,-2,-11,46,757,13.4,210,0.27
2002,1,28,3,0,0,0,-2,-11,46,757,13.4,200,0.27
2002,1,28,4,0,0,0,-3,-11,50,757,10.3,210,0.27
2002,1,28,5,0,0,0,-3,-11,50,758,8.2,200,0.27
2002,1,28,6,0,0,0,-3,-11,50,758,7.2,200,0.27
2002,1,28,7,0,0,0,-4,-10,59,758,7.7,200,0.27
2002,1,28,8,113,696,6,-4,-8,71,758,7.7,200,0.27
2002,1,28,9,297,672,85,-3,-6.5,74,758,6.9,210,0.27
2002,1,28,10,126,0,126,-2.5,-5.9,75,758,6.1,210,0.27
2002,1,28,11,385,308,223,-2.4,-5.3,78,758,5.4,220,0.27
2002,1,28,12,554,720,149,-3,-5,84,757,4.6,220,0.27
2002,1,28,13,384,256,244,-1.6,-4.9,76,757,5.1,220,0.27
2002,1,28,14,132,0,132,-0.5,-4.9,69,757,5.6,230,0.27
2002,1,28,15,411,653,170,-0.3,-5,67,757,6.1,230,0.27
2002,1,28,16,77,0,77,-2.1,-6.7,68,757,6.7,230,0.27
2002,1,28,17,6,0,6,-4,-8,71,756,7.2,240,0.27
2002,1,28,18,0,0,0,-5,-9,71,756,7.7,240,0.27
2002,1,28,19,0,0,0,-6,-10,70,756,7.2,250,0.27
2002,1,28,20,0,0,0,-6,-12,59,756,5.7,250,0.27
2002,1,28,21,0,0,0,-7,-13,59,755,7.2,260,0.27
2002,1,28,22,0,0,0,-7,-13,59,755,6.2,280,0.27
2002,1,28,23,0,0,0,-7,-14,54,755,3.6,240,0.27
2002,1,29,0,0,0,0,-9,-13,70,754,3.1,180,0.27
2002,1,29,1,0,0,0,-10,-13,76,754,2.1,180,0.27
2002,1,29,2,0,0,0,-12,-14,83,753,1.5,160,0.27
2002,1,29,3,0,0,0,-17,-18,91,749,2.1,240,0.27
2002,1,29,4,0,0,0,-19.4,-21,86,748,2.9,250,0.27
2002,1,29,5,0,0,0,-22,-24,82,747,3.6,250,0.27
2002,1,29,6,0,0,0,-21,-23,82,748,2.6,260,0.27
2002,1,29,7,0,0,0,-18,-20,83,750,1.5,270,0.27
2002,1,29,8,25,0,25,-15.7,-16.8,90,752,1.5,250,0.27
2002,1,29,9,169,145,123,-12,-13,91,754,1.5,220,0.27
2002,1,29,10,100,0,100,-8,-12,70,756,1.8,140,0.27
2002,1,29,11,300,118,237,-8,-13,64,756,2.1,50,0.27
2002,1,29,12,168,0,168,-7.1,-11.9,65,756,2.6,70,0.27
2002,1,29,13,211,12,204,-7,-11,70,756,3.1,80,0.27
2002,1,29,14,104,0,104,-7,-11,70,757,2.6,110,0.27
2002,1,29,15,193,91,159,-8,-9,92,758,2.9,90,0.27
2002,1,29,16,89,0,89,-8.9,-10.3,88,758,3.1,60,0.27
2002,1,29,17,8,0,8,-9.9,-11.3,88,759,3.4,40,0.27
2002,1,29,18,0,0,0,-10,-12,84,759,3.6,10,0.27
2002,1,29,19,0,0,0,-12,-14,83,757,7.2,30,0.27
2002,1,29,20,0,0,0,-14,-16,83,756,1.5,340,0.27
2002,1,29,21,0,0,0,-13,-16,76,756,4.6,30,0.27
2002,1,29,22,0,0,0,-15,-17,83,753,3.1,330,0.27
2002,1,29,23,0,0,0,-18,-21,75,752,4.6,290,0.27
2002,1,30,0,0,0,0,-21,-23,82,749,1.5,360,0.27
2002,1,30,1,0,0,0,-26,-28,82,746,1.5,300,0.27
2002,1,30,2,0,0,0,-24,-27,74,748,2.1,320,0.27
2002,1,30,3,0,0,0,-23,-26,74,749,2.6,330,0.27
2002,1,30,4,0,0,0,-23,-26,74,749,4.1,300,0.27
2002,1,30,5,0,0,0,-25,-27,82,747,3.6,310,0.27
2002,1,30,6,0,0,0,-27,-29,81,747,1.5,310,0.27
2002,1,30,7,0,0,0,-23.6,-25.3,84,750,2.3,300,0.27
2002,1,30,8,119,511,37,-20,-22,82,753,3.1,300,0.27
2002,1,30,9,225,356,110,-14,-16,83,757,3.6,290,0.27
2002,1,30,10,247,105,200,-12,-17,63,758,4.1,10,0.27
2002,1,30,11,272,53,244,-10,-19,44,760,8.7,30,0.27
2002,1,30,12,168,6,165,-9,-21,33,761,6.7,20,0.27
2002,1,30,13,505,438,262,-9,-22,30,762,7.7,30,0.27
2002,1,30,14,291,143,221,-9,-21,33,762,4.6,360,0.27
2002,1,30,15,176,52,156,-9,-19,40,762,5.1,340,0.27
2002,1,30,16,249,585,116,-11,-21,39,762,7.2,330,0.27
2002,1,30,17,23,235,11,-14,-21,52,761,4.1,340,0.27
2002,1,30,18,0,0,0,-16,-22,56,761,3.6,340,0.27
2002,1,30,19,0,0,0,-17,-23,56,760,5.7,350,0.27
2002,1,30,20,0,0,0,-17,-21,68,758,7.7,10,0.27
2002,1,30,21,0,0,0,-17,-20,75,758,5.7,10,0.27
2002,1,30,22,0,0,0,-19,-21,83,756,5.1,340,0.27
2002,1,30,23,0,0,0,-21,-22,91,755,4.1,310,0.27
2002,1,31,0,0,0,0,-21,-23,82,755,4.6,320,0.27
2002,1,31,1,0,0,0,-25,-28,74,752,2.6,360,0.27
2002,1,31,2,0,0,0,-22,-24,82,755,3.6,330,0.27
2002,1,31,3,0,0,0,-19,-22,75,757,5.7,320,0.27
2002,1,31,4,0,0,0,-20,-22,82,758,5.1,320,0.27
2002,1,31,5,0,0,0,-21,-23,82,758,5.7,340,0.27
2002,1,31,6,0,0,0,-18,-21,75,762,7.2,310,0.27
2002,1,31,7,0,0,0,-18,-21,75,762,7.2,310,0.27
2002,1,31,8,101,417,33,-16,-20,69,764,6.2,350,0.27
2002,1,31,9,198,223,125,-14,-18,69,766,4.1,350,0.27
2002,1,31,10,362,494,139,-12,-17,63,767,4.6,330,0.27
2002,1,31,11,425,391,215,-11,-16,63,769,5.7,270,0.27
2002,1,31,12,367,156,277,-9,-16,53,769,5.7,280,0.27
2002,1,31,13,300,91,249,-7,-16,45,772,3.6,280,0.27
2002,1,31,14,567,789,179,-6,-15,45,771,4.6,280,0.27
2002,1,31,15,415,1027,23,-6,-14,49,770,4.6,300,0.27
2002,1,31,16,257,975,31,-6,-15,45,771,3.1,290,0.27
2002,1,31,17,26,406,3,-12,-18,57,769,2.6,260,0.27
2002,1,31,18,0,0,0,-17,-20,75,766,2.1,230,0.27
2002,1,31,19,0,0,0,-19,-22,75,765,2.1,260,0.27
2002,1,31,20,0,0,0,-19,-21,83,765,3.1,270,0.27
2002,1,31,21,0,0,0,-17.2,-19.5,75,765,3,280,0.27
2002,1,31,22,0,0,0,-15.6,-18.1,83,764,3,280,0.27
2002,1,31,23,0,0,0,-13.9,-16.7,82,762,2.9,280,0.27
1997,2,1,0,0,0,0,-12.2,-15.4,64,770,2.9,260,0.22
1997,2,1,1,0,0,0,-10.5,-14,63,770,2.8,260,0.22
1997,2,1,2,0,0,0,-8.9,-12.6,64,770,2.8,270,0.22
1997,2,1,3,0,0,0,-7.3,-11.3,70,769,2.7,290,0.22
1997,2,1,4,0,0,0,-5.7,-10.7,65,769,4.6,290,0.22
1997,2,1,5,0,0,0,-11,-16,63,768,2.9,210,0.22
1997,2,1,6,0,0,0,-6.3,-11.3,64,768,3.3,220,0.22
1997,2,1,7,7,97,3,-4.7,-8.7,71,768,3.6,210,0.22
1997,2,1,8,129,591,31,-5,-10,65,767,4.6,250,0.22
1997,2,1,9,312,841,37,-2,-9,55,770,0,0,0.22
1997,2,1,10,408,698,90,3,-7,45,772,0,0,0.22
1997,2,1,11,558,930,56,8,-4,41,774,3.1,250,0.22
1997,2,1,12,597,945,52,9,-5,35,774,5.1,300,0.22
1997,2,1,13,555,839,84,9,-5,35,773,4.6,300,0.22
1997,2,1,14,486,809,85,9,-4,38,773,3.1,300,0.22
1997,2,1,15,345,663,90,7,-5,40,773,3.6,290,0.22
1997,2,1,16,177,381,88,4.2,-5.7,46,773,3.7,290,0.22
1997,2,1,17,16,59,11,0.3,-7.3,53,773,3.7,280,0.22
1997,2,1,18,0,0,0,-0.5,-8,53,773,3.7,280,0.22
1997,2,1,19,0,0,0,-9.3,-13.7,67,773,3.7,270,0.22
1997,2,1,20,0,0,0,-11.2,-14.3,75,773,3.8,260,0.22
1997,2,1,21,0,0,0,-11,-14,76,773,3.8,260,0.22
1997,2,1,22,0,0,0,-12.8,-16.7,70,773,3.8,250,0.22
1997,2,1,23,0,0,0,-11.7,-15.3,72,773,3.9,250,0.22
1997,2,2,0,0,0,0,-13.5,-17,72,773,3.9,240,0.22
1997,2,2,1,0,0,0,-14.3,-17.7,73,773,4,240,0.22
1997,2,2,2,0,0,0,-17.2,-20.3,74,773,3.9,230,0.22
1997,2,2,3,0,0,0,-17,-20,75,773,4,230,0.22
1997,2,2,4,0,0,0,-21,-23,82,773,4.1,230,0.22
1997,2,2,5,0,0,0,-21,-24,75,772,4.3,240,0.22
1997,2,2,6,0,0,0,-17,-21,68,772,4.4,250,0.22
1997,2,2,7,8,88,5,-17,-20,75,771,4.6,260,0.22
1997,2,2,8,119,500,35,-18,-21,75,774,3.1,270,0.22
1997,2,2,9,285,736,42,-14,-18,69,776,3.1,250,0.22
1997,2,2,10,454,863,58,-9,-15,58,779,2.1,210,0.22
1997,2,2,11,445,659,86,-6,-13,54,782,4.6,130,0.22
1997,2,2,12,607,924,70,-4,-12,50,782,3.6,120,0.22
1997,2,2,13,591,933,63,-6,-9,77,782,3.1,130,0.22
1997,2,2,14,466,807,62,-4,-10,59,782,3.6,130,0.22
1997,2,2,15,213,128,163,-4,-11,54,782,4.7,130,0.22
1997,2,2,16,116,37,107,-4,-10,59,782,4.5,140,0.22
1997,2,2,17,32,4,32,-5,-9,71,781,4.5,150,0.22
1997,2,2,18,0,0,0,-6,-9,77,781,4.3,150,0.22
1997,2,2,19,0,0,0,-6,-9,77,780,4.3,170,0.22
1997,2,2,20,0,0,0,-6,-9,77,780,4.1,180,0.22
1997,2,2,21,0,0,0,-6,-10,70,780,4,190,0.22
1997,2,2,22,0,0,0,-6,-11,64,779,3.9,200,0.22
1997,2,2,23,0,0,0,-6,-11,64,779,3.8,220,0.22
1997,2,3,0,0,0,0,-6,-10,70,778,3.7,220,0.22
1997,2,3,1,0,0,0,-5,-11,59,778,3.5,230,0.22
1997,2,3,2,0,0,0,-5,-11,59,778,3.4,240,0.22
1997,2,3,3,0,0,0,-5,-10,65,777,3.2,250,0.22
1997,2,3,4,0,0,0,-6,-8,84,777,3.1,260,0.22
1997,2,3,5,0,0,0,-6,-8,84,776,2.9,260,0.22
1997,2,3,6,0,0,0,-8,-8.9,92,776,2.8,270,0.22
1997,2,3,7,10,30,8,-8.3,-8.4,99,776,2.6,280,0.22
1997,2,3,8,136,653,24,-7.7,-7.7,100,779,3.1,250,0.22
1997,2,3,9,271,692,39,-6.3,-6.8,96,781,0,0,0.22
1997,2,3,10,290,349,128,-5.7,-6.5,93,784,3.1,150,0.22
1997,2,3,11,507,487,240,-6,-7,92,784,5.1,140,0.22
1997,2,3,12,190,0,190,-6,-7,92,785,7.2,150,0.22
1997,2,3,13,402,449,146,-5.3,-6.4,91,786,5.1,140,0.22
1997,2,3,14,348,366,164,-5,-6,92,786,4.6,140,0.22
1997,2,3,15,192,277,83,-5,-6,92,784,3.6,160,0.22
1997,2,3,16,170,142,136,-6,-6,100,784,3.5,160,0.22
1997,2,3,17,27,39,24,-6,-7,92,783,3.3,170,0.22
1997,2,3,18,0,0,0,-6,-7,92,783,3.2,170,0.22
1997,2,3,19,0,0,0,-6.5,-7.4,92,781,3.3,170,0.22
1997,2,3,20,0,0,0,-9.9,-9.9,100,780,3.3,180,0.22
1997,2,3,21,0,0,0,-14.4,-15.2,93,778,3.4,190,0.22
1997,2,3,22,0,0,0,-15.8,-16.5,94,776,3.5,200,0.22
1997,2,3,23,0,0,0,-14.3,-15.9,86,775,3.6,200,0.22
1997,2,4,0,0,0,0,-14.8,-16.3,87,773,3.6,210,0.22
1997,2,4,1,0,0,0,-15.2,-16.7,87,772,3.7,220,0.22
1997,2,4,2,0,0,0,-16.7,-18.1,88,770,3.8,230,0.22
1997,2,4,3,0,0,0,-21.2,-22.5,88,769,3.8,230,0.22
1997,2,4,4,0,0,0,-18.6,-19.8,89,767,3.9,240,0.22
1997,2,4,5,0,0,0,-13.1,-13.2,99,765,4,250,0.22
1997,2,4,6,0,0,0,-12.5,-13.6,90,764,4,260,0.22
1997,2,4,7,12,208,3,-13,-14,91,762,4.1,260,0.22
1997,2,4,8,128,568,28,-10,-12,84,763,3.6,260,0.22
1997,2,4,9,238,34,227,-4,-9,65,767,0,0,0.22
1997,2,4,10,456,809,79,-2,-7,65,767,5.1,140,0.22
1997,2,4,11,549,842,84,1,-4,67,769,7.7,160,0.22
1997,2,4,12,548,787,85,2,-5,57,769,6.2,150,0.22
1997,2,4,13,374,310,195,1,-4,67,768,6.2,160,0.22
1997,2,4,14,138,112,81,1,-5,61,768,4.6,140,0.22
1997,2,4,15,224,230,132,0.7,-5.3,61,767,4.4,160,0.22
1997,2,4,16,96,130,64,-0.6,-5.6,66,767,4.3,170,0.22
1997,2,4,17,44,53,40,-1.9,-4.9,78,767,4.3,170,0.22
1997,2,4,18,0,0,0,-3.2,-6.2,77,766,4.2,180,0.22
1997,2,4,19,0,0,0,-4.5,-6.5,84,766,4.1,190,0.22
1997,2,4,20,0,0,0,-4.8,-6.8,84,766,4,190,0.22
1997,2,4,21,0,0,0,-5.1,-7.1,84,765,4,200,0.22
1997,2,4,22,0,0,0,-5.4,-8.4,77,765,3.9,210,0.22
1997,2,4,23,0,0,0,-8.6,-10.6,84,765,3.8,210,0.22
1997,2,5,0,0,0,0,-6.9,-9.9,77,764,3.6,220,0.22
1997,2,5,1,0,0,0,-8.2,-11.2,77,764,3.6,230,0.22
1997,2,5,2,0,0,0,-8.5,-11.5,77,764,3.5,240,0.22
1997,2,5,3,0,0,0,-10.8,-12.8,84,764,3.4,250,0.22
1997,2,5,4,0,0,0,-12.1,-14.1,83,763,3.3,250,0.22
1997,2,5,5,0,0,0,-10.4,-12.4,84,763,3.3,250,0.22
1997,2,5,6,0,0,0,-10.7,-12.7,84,763,3.2,260,0.22
1997,2,5,7,4,0,4,-9,-12,77,762,3.1,270,0.22
1997,2,5,8,44,0,44,-8,-11,77,763,3.6,270,0.22
1997,2,5,9,98,0,98,-6,-9,77,764,0,0,0.22
1997,2,5,10,143,0,143,-3,-7,71,767,0,0,0.22
1997,2,5,11,173,0,173,-3,-7,71,767,0,0,0.22
1997,2,5,12,485,379,260,0,-7,55,767,0,0,0.22
1997,2,5,13,364,263,212,0,-7,55,766,0,0,0.22
1997,2,5,14,110,0,110,-2,-4,85,764,6.2,310,0.22
1997,2,5,15,83,0,83,-3,-4,92,764,5.1,320,0.22
1997,2,5,16,118,2,117,-5.2,-5.9,94,763,5.1,320,0.22
1997,2,5,17,34,20,32,-7.3,-7.3,100,763,5.1,320,0.22
1997,2,5,18,0,0,0,-9.2,-9.2,100,762,5.1,320,0.22
1997,2,5,19,0,0,0,-10.7,-10.7,100,762,5.1,320,0.22
1997,2,5,20,0,0,0,-11.8,-11.8,100,762,5.1,320,0.22
1997,2,5,21,0,0,0,-12.6,-12.6,100,761,5.1,320,0.22
1997,2,5,22,0,0,0,-13.4,-13.4,100,761,5.1,320,0.22
1997,2,5,23,0,0,0,-13.6,-13.6,100,760,5.1,320,0.22
1997,2,6,0,0,0,0,-14.1,-14.1,100,760,5.1,320,0.22
1997,2,6,1,0,0,0,-14.3,-14.3,100,759,5.1,320,0.22
1997,2,6,2,0,0,0,-14.5,-14.5,100,759,5.1,320,0.22
1997,2,6,3,0,0,0,-14.9,-15.1,98,759,5.1,320,0.22
1997,2,6,4,0,0,0,-15.3,-15.6,97,758,5.1,320,0.22
1997,2,6,5,0,0,0,-15.6,-16.4,93,758,5.1,320,0.22
1997,2,6,6,0,0,0,-15.7,-16.9,89,757,5.1,320,0.22
1997,2,6,7,13,176,5,-14,-16,83,757,5.1,320,0.22
1997,2,6,8,144,671,22,-12,-15,76,759,4.6,300,0.22
1997,2,6,9,305,625,89,-10,-13,76,761,7.7,330,0.22
1997,2,6,10,344,522,96,-9,-12,77,762,6.2,340,0.22
1997,2,6,11,529,499,249,-8,-11,77,763,8.2,300,0.22
1997,2,6,12,480,417,230,-6,-10,70,764,7.7,310,0.22
1997,2,6,13,484,357,276,-7,-10,77,764,7.7,310,0.22
1997,2,6,14,387,301,231,-6,-10,70,764,9.8,330,0.22
1997,2,6,15,283,363,136,-6,-10,70,764,8.2,330,0.22
1997,2,6,16,112,200,60,-8.5,-12,73,764,7.9,330,0.22
1997,2,6,17,37,137,26,-10.9,-13.2,81,764,7.5,320,0.22
1997,2,6,18,0,0,0,-13.1,-14.3,90,763,7.2,320,0.22
1997,2,6,19,0,0,0,-14.9,-15.2,97,763,6.8,320,0.22
1997,2,6,20,0,0,0,-16.3,-16.3,100,763,6.5,310,0.22
1997,2,6,21,0,0,0,-17.5,-17.5,100,763,6.1,310,0.22
1997,2,6,22,0,0,0,-18.6,-18.6,100,762,5.8,300,0.22
1997,2,6,23,0,0,0,-19.1,-19.1,100,762,5.4,300,0.22
1997,2,7,0,0,0,0,-19.9,-20,99,762,5,300,0.22
1997,2,7,1,0,0,0,-20.5,-20.8,97,762,4.7,290,0.22
1997,2,7,2,0,0,0,-20.9,-21.5,94,762,4.4,290,0.22
1997,2,7,3,0,0,0,-21.6,-22.6,91,761,4,290,0.22
1997,2,7,4,0,0,0,-22.3,-23.3,91,761,3.7,280,0.22
1997,2,7,5,0,0,0,-22.9,-24.1,89,761,3.3,280,0.22
1997,2,7,6,0,0,0,-23.4,-24.8,87,761,2.9,270,0.22
1997,2,7,7,16,256,3,-22,-24,82,760,2.6,270,0.22
1997,2,7,8,167,803,18,-18,-20,83,764,2.6,290,0.22
1997,2,7,9,362,957,28,-14,-17,76,767,0,0,0.22
1997,2,7,10,525,1021,36,-9,-14,64,770,0,0,0.22
1997,2,7,11,635,1051,42,-7,-10,77,771,0,0,0.22
1997,2,7,12,683,1062,44,-4,-12,50,773,0,0,0.22
1997,2,7,13,664,1057,43,-1,-10,46,774,0,0,0.22
1997,2,7,14,547,932,61,0,-7,55,775,3.1,150,0.22
1997,2,7,15,411,862,58,0,-7,55,775,4.1,150,0.22
1997,2,7,16,242,831,27,-2.5,-8.8,58,774,4.1,160,0.22
1997,2,7,17,55,441,16,-5,-9.8,66,773,4.1,160,0.22
1997,2,7,18,0,0,0,-7.3,-10.8,73,772,4.1,170,0.22
1997,2,7,19,0,0,0,-9.2,-11.5,81,772,4.1,180,0.22
1997,2,7,20,0,0,0,-10.6,-12.3,86,771,4.1,180,0.22
1997,2,7,21,0,0,0,-11.9,-13.2,89,770,4.1,190,0.22
1997,2,7,22,0,0,0,-13,-14.2,90,769,4.1,200,0.22
1997,2,7,23,0,0,0,-13.6,-14.4,93,768,4.1,210,0.22
1997,2,8,0,0,0,0,-14.5,-15.3,93,768,4.1,210,0.22
1997,2,8,1,0,0,0,-15.1,-15.9,93,767,4.1,220,0.22
1997,2,8,2,0,0,0,-15.6,-16.5,92,766,4.1,230,0.22
1997,2,8,3,0,0,0,-16.4,-17.3,92,765,4.1,230,0.22
1997,2,8,4,0,0,0,-17.2,-17.8,95,764,4.1,240,0.22
1997,2,8,5,0,0,0,-17.8,-18.5,94,764,4.1,250,0.22
1997,2,8,6,0,0,0,-18.3,-19,94,763,4.1,250,0.22
1997,2,8,7,15,200,5,-17,-18,91,762,4.1,260,0.22
1997,2,8,8,154,668,27,-13,-16,76,764,2.6,250,0.22
1997,2,8,9,323,822,33,-9,-16,53,767,0,0,0.22
1997,2,8,10,515,785,137,-2,-10,50,770,5.1,160,0.22
1997,2,8,11,420,346,224,-1,-9,50,771,4.1,150,0.22
1997,2,8,12,325,171,221,0,-8,51,771,4.1,160,0.22
1997,2,8,13,456,554,128,0,-8,51,770,3.6,150,0.22
1997,2,8,14,266,111,207,0,-7,55,770,3.6,160,0.22
1997,2,8,15,169,0,169,0,-7,55,770,3.1,150,0.22
1997,2,8,16,140,53,126,-1.4,-8.3,55,770,3.1,160,0.22
1997,2,8,17,46,73,39,-3.8,-9.7,60,768,3.2,170,0.22
1997,2,8,18,0,0,0,-5.3,-10,66,768,3.2,180,0.22
1997,2,8,19,0,0,0,-7.7,-11.3,73,767,3.5,180,0.22
1997,2,8,20,0,0,0,-15.1,-16.7,86,763,3.5,180,0.22
1997,2,8,21,0,0,0,-13.5,-16,79,763,3.7,180,0.22
1997,2,8,22,0,0,0,-16.9,-18.3,88,761,3.8,170,0.22
1997,2,8,23,0,0,0,-14.3,-16.7,80,763,3.8,170,0.22
1997,2,9,0,0,0,0,-14.8,-17,82,762,4,170,0.22
1997,2,9,1,0,0,0,-16.2,-17.3,90,761,4.2,170,0.22
1997,2,9,2,0,0,0,-20.6,-21.7,90,758,4.3,170,0.22
1997,2,9,3,0,0,0,-21,-23,82,758,4.5,170,0.22
1997,2,9,4,0,0,0,-22,-24,82,758,4.3,150,0.22
1997,2,9,5,0,0,0,-23,-25,82,757,4.2,140,0.22
1997,2,9,6,0,0,0,-23,-26,74,758,4.2,130,0.22
1997,2,9,7,16,216,5,-21,-23,82,760,4.1,120,0.22
1997,2,9,8,167,741,24,-19,-22,75,764,3.6,130,0.22
1997,2,9,9,360,909,36,-14,-17,76,766,3.6,130,0.22
1997,2,9,10,522,979,46,-11,-14,76,768,2.5,130,0.22
1997,2,9,11,632,1012,52,-8,-13,64,769,6.1,130,0.22
1997,2,9,12,679,1023,55,-7,-12,64,768,7.2,120,0.22
1997,2,9,13,660,1018,54,-6,-12,59,768,5.1,130,0.22
1997,2,9,14,576,993,49,-5,-11,59,770,5.1,140,0.22
1997,2,9,15,434,941,41,-4,-11,54,770,7.7,240,0.22
1997,2,9,16,251,828,30,-6,-12,59,770,7.4,240,0.22
1997,2,9,17,62,513,16,-8,-13,64,770,7.2,240,0.22
1997,2,9,18,0,0,0,-11,-13,84,768,6.9,240,0.22
1997,2,9,19,0,0,0,-13,-16,76,767,6.7,240,0.22
1997,2,9,20,0,0,0,-18,-20,83,764,6.4,240,0.22
1997,2,9,21,0,0,0,-19,-21,83,763,6.2,240,0.22
1997,2,9,22,0,0,0,-21,-22,91,761,5.9,240,0.22
1997,2,9,23,0,0,0,-21,-22,91,761,5.6,250,0.22
1997,2,10,0,0,0,0,-23,-26,74,759,5.4,250,0.22
1997,2,10,1,0,0,0,-23,-25,82,759,5.1,250,0.22
1997,2,10,2,0,0,0,-20.9,-22.8,83,760,4.9,250,0.22
1997,2,10,3,0,0,0,-19,-21,83,761,4.6,250,0.22
1997,2,10,4,0,0,0,-18,-19,91,762,4.4,250,0.22
1997,2,10,5,0,0,0,-22,-23,91,760,4.1,250,0.22
1997,2,10,6,0,0,0,-18,-20,83,764,3.9,250,0.22
1997,2,10,7,19,273,4,-21,-23,82,762,3.6,250,0.22
1997,2,10,8,174,788,19,-18,-19,91,766,3.6,250,0.22
1997,2,10,9,367,935,30,-12,-13,91,769,4.1,260,0.22
1997,2,10,10,528,997,38,-10,-13,76,771,5.6,310,0.22
1997,2,10,11,637,1027,43,-7,-13,59,772,6.6,310,0.22
1997,2,10,12,684,1038,46,-6,-12,59,773,6.1,280,0.22
1997,2,10,13,666,1034,45,-4,-12,50,774,7.2,280,0.22
1997,2,10,14,583,1014,41,-3,-12,46,773,7.7,300,0.22
1997,2,10,15,443,969,34,-2,-13,38,773,9.2,290,0.22
1997,2,10,16,251,783,39,-3,-14,38,772,9,310,0.22
1997,2,10,17,66,511,18,-9,-16,53,769,8.8,330,0.22
1997,2,10,18,0,7,0,-14,-18,69,766,8.7,360,0.22
1997,2,10,19,0,0,0,-13.8,-18.7,63,766,8.4,30,0.22
1997,2,10,20,0,0,0,-10.5,-17.4,53,767,8,40,0.22
1997,2,10,21,0,0,0,-13.3,-18.1,64,762,7.7,60,0.22
1997,2,10,22,0,0,0,-12.1,-16.8,65,762,7.3,70,0.22
1997,2,10,23,0,0,0,-9.8,-15.5,60,762,7.1,100,0.22
1997,2,11,0,0,0,0,-11.6,-16.2,66,760,6.8,120,0.22
1997,2,11,1,0,0,0,-11.4,-15.8,67,760,6.5,130,0.22
1997,2,11,2,0,0,0,-14.2,-16.5,81,757,6.2,150,0.22
1997,2,11,3,0,0,0,-9.9,-13.2,74,758,5.9,180,0.22
1997,2,11,4,0,0,0,-9.7,-12.9,75,758,5.4,190,0.22
1997,2,11,5,0,0,0,-10.5,-11.6,91,759,5.2,220,0.22
1997,2,11,6,0,0,0,-10.2,-12.3,83,761,4.9,230,0.22
1997,2,11,7,17,146,9,-11,-12,91,760,4.6,250,0.22
1997,2,11,8,163,563,50,-6,-10,70,764,3.6,300,0.22
1997,2,11,9,313,415,161,-3.1,-8.8,61,766,3.6,360,0.22
1997,2,11,10,288,252,163,-1,-8,55,769,3.6,50,0.22
1997,2,11,11,557,414,316,1,-6,56,768,2.6,170,0.22
1997,2,11,12,642,931,66,4,-7,42,769,0,0,0.22
1997,2,11,13,667,1001,61,5,-7,39,769,0,0,0.22
1997,2,11,14,583,977,56,6,-8,33,770,5.1,330,0.22
1997,2,11,15,383,690,89,5,-6,42,769,5.7,330,0.22
1997,2,11,16,257,808,34,3.3,-2.8,63,769,8.5,310,0.22
1997,2,11,17,60,394,22,2.6,-5.6,52,768,5.4,340,0.22
1997,2,11,18,0,8,0,1.8,-7.4,47,767,5.6,340,0.22
1997,2,11,19,0,0,0,-1.9,-7.2,64,767,7.4,350,0.22
1997,2,11,20,0,0,0,-5.6,-11,62,766,5.3,10,0.22
1997,2,11,21,0,0,0,-6.3,-11.8,62,766,5,70,0.22
1997,2,11,22,0,0,0,-9,-13.6,66,765,6.1,30,0.22
1997,2,11,23,0,0,0,-6.8,-12.4,61,764,5.8,50,0.22
1997,2,12,0,0,0,0,-5.5,-12.2,55,764,6.3,90,0.22
1997,2,12,1,0,0,0,-6.2,-12,60,763,4.9,100,0.22
1997,2,12,2,0,0,0,-6.9,-11.8,65,762,5.6,130,0.22
1997,2,12,3,0,0,0,-7.6,-11.6,70,762,6.7,220,0.22
1997,2,12,4,0,0,0,-8.3,-10.4,83,761,5.8,110,0.22
1997,2,12,5,0,0,0,-9.2,-11.3,83,761,3.9,50,0.22
1997,2,12,6,0,0,0,-9.8,-12,82,760,5.5,110,0.22
1997,2,12,7,10,15,9,-11,-13,84,759,2.6,240,0.22
1997,2,12,8,47,53,36,-10,-13,76,761,3.1,250,0.22
1997,2,12,9,178,87,146,-4.8,-10.5,61,763,2.9,250,0.22
1997,2,12,10,390,82,349,-0.5,-8.4,51,765,2.8,250,0.22
1997,2,12,11,226,0,226,3,-7,45,767,2.6,250,0.22
1997,2,12,12,414,174,305,4,-7,42,767,5.1,300,0.22
1997,2,12,13,465,397,223,4,-7,42,766,6.7,290,0.22
1997,2,12,14,165,0,165,3,-6,49,764,7.7,300,0.22
1997,2,12,15,125,0,125,1,-5,61,763,8.7,320,0.22
1997,2,12,16,73,0,73,2.1,-5.8,53,763,7.1,340,0.22
1997,2,12,17,27,37,23,1.1,-5.5,58,763,7.1,320,0.22
1997,2,12,18,0,3,0,1.2,-5.3,59,763,2.9,340,0.22
1997,2,12,19,0,0,0,1.3,-5,60,763,2.9,340,0.22
1997,2,12,20,0,0,0,1.3,-4.8,61,763,5.4,280,0.22
1997,2,12,21,0,0,0,1.4,-4.5,62,763,8.5,350,0.22
1997,2,12,22,0,0,0,1.4,-4.3,63,763,4.7,250,0.22
1997,2,12,23,0,0,0,1.5,-4,64,764,5.2,270,0.22
1997,2,13,0,0,0,0,0.6,-4.8,64,764,6.7,280,0.22
1997,2,13,1,0,0,0,-0.4,-4.5,71,764,7.1,280,0.22
1997,2,13,2,0,0,0,-0.3,-4.3,72,764,6,320,0.22
1997,2,13,3,0,0,0,-1.3,-6,67,764,3.9,20,0.22
1997,2,13,4,0,0,0,-5.2,-8.8,73,764,4.9,350,0.22
1997,2,13,5,0,0,0,-6.1,-9.5,74,764,6.4,340,0.22
1997,2,13,6,0,0,0,-6.1,-9.3,76,764,5.2,310,0.22
1997,2,13,7,15,90,10,-10,-12,84,764,6.7,350,0.22
1997,2,13,8,167,544,54,-7,-14,54,766,7.7,10,0.22
1997,2,13,9,351,713,85,-7,-11,70,766,7.7,30,0.22
1997,2,13,10,532,775,141,-6,-10,70,768,8.2,30,0.22
1997,2,13,11,629,944,71,-4.7,-10,63,769,8,30,0.22
1997,2,13,12,702,997,75,-4,-10,59,770,7.7,20,0.22
1997,2,13,13,682,990,74,-3,-8,65,770,8.2,130,0.22
1997,2,13,14,440,562,132,-4,-10,59,770,7.2,50,0.22
1997,2,13,15,418,780,79,-4.1,-10.1,59,770,6.6,70,0.22
1997,2,13,16,241,611,68,-4,-10.9,55,770,7.1,60,0.22
1997,2,13,17,66,337,31,-5,-10.5,62,770,4.7,80,0.22
1997,2,13,18,0,8,0,-5,-10.2,64,770,3.1,320,0.22
1997,2,13,19,0,0,0,-6,-9.9,71,770,3,340,0.22
1997,2,13,20,0,0,0,-7.9,-11.6,72,770,2.9,360,0.22
1997,2,13,21,0,0,0,-10,-13.3,74,771,2.8,10,0.22
1997,2,13,22,0,0,0,-10.9,-14,76,771,2.7,30,0.22
1997,2,13,23,0,0,0,-5.9,-9.7,72,771,2.5,40,0.22
1997,2,14,0,0,0,0,-4.8,-9.4,67,771,2.4,60,0.22
1997,2,14,1,0,0,0,-5.9,-9.1,76,771,2.3,70,0.22
1997,2,14,2,0,0,0,-7.8,-9.8,84,771,2.4,350,0.22
1997,2,14,3,0,0,0,-7.8,-9.5,86,771,2.1,110,0.22
1997,2,14,4,0,0,0,-8.8,-9.6,93,771,2,120,0.22
1997,2,14,5,0,0,0,-9.9,-10.7,93,771,1.8,140,0.22
1997,2,14,6,0,0,0,-11.9,-12.9,91,771,1.7,150,0.22
1997,2,14,7,25,315,7,-13,-14,91,771,3.1,280,0.22
1997,2,14,8,194,806,23,-11,-13,84,773,2.1,270,0.22
1997,2,14,9,392,948,34,-7,-11,70,775,2.6,20,0.22
1997,2,14,10,556,1010,42,-4,-10,59,777,3.1,350,0.22
1997,2,14,11,667,1039,48,-1,-7,60,778,3.1,340,0.22
1997,2,14,12,716,1050,51,0.2,-6.4,57,778,4.9,360,0.22
1997,2,14,13,697,1046,50,1,-6,56,778,6.7,20,0.22
1997,2,14,14,612,1026,45,2,-5,57,779,5.1,20,0.22
1997,2,14,15,297,246,188,2.8,-4.4,57,778,5.1,50,0.22
1997,2,14,16,175,228,109,2.5,-4.6,57,778,5.8,100,0.22
1997,2,14,17,75,486,22,2.1,-4,62,777,6.5,150,0.22
1997,2,14,18,0,33,0,0.3,-6.4,57,777,6.8,160,0.22
1997,2,14,19,0,0,0,-2.6,-8.1,62,777,6.5,170,0.22
1997,2,14,20,0,0,0,-5,-10,65,776,6.3,210,0.22
1997,2,14,21,0,0,0,-7.4,-12,67,776,5.9,230,0.22
1997,2,14,22,0,0,0,-10.6,-15.8,62,776,4.8,270,0.22
1997,2,14,23,0,0,0,-12.8,-17.8,63,775,4.1,30,0.22
1997,2,15,0,0,0,0,-13.3,-17.7,67,775,3.5,60,0.22
1997,2,15,1,0,0,0,-13.8,-17.5,71,774,3.1,90,0.22
1997,2,15,2,0,0,0,-14,-17.3,74,774,2.6,110,0.22
1997,2,15,3,0,0,0,-14.6,-17.3,78,774,2,140,0.22
1997,2,15,4,0,0,0,-11.3,-14,78,773,1.9,170,0.22
1997,2,15,5,0,0,0,-8.1,-11.1,77,773,1.7,200,0.22
1997,2,15,6,0,0,0,-8.3,-10.8,80,772,4.8,270,0.22
1997,2,15,7,24,135,15,-9,-11,84,772,3.1,290,0.22
1997,2,15,8,134,421,43,-5.9,-8.7,78,775,2.9,300,0.22
1997,2,15,9,352,794,49,-2,-6.7,67,777,2.8,300,0.22
1997,2,15,10,478,841,47,1,-5,61,780,2.6,310,0.22
1997,2,15,11,671,1034,50,5,-7,39,782,4.1,300,0.22
1997,2,15,12,719,1045,53,4,-6,45,782,3.1,330,0.22
1997,2,15,13,700,1040,52,4,-6,45,781,5.1,350,0.22
1997,2,15,14,615,1019,47,5,-5,46,781,4.6,350,0.22
1997,2,15,15,471,973,40,6,-4,47,782,1.5,80,0.22
1997,2,15,16,280,860,29,5.8,-4.6,45,782,1.6,360,0.22
1997,2,15,17,83,595,17,3.5,-5.2,50,780,0,0,0.22
1997,2,15,18,0,34,0,0.3,-6.8,55,779,2.2,120,0.22
1997,2,15,19,0,0,0,-7,-9.3,82,779,2.2,110,0.22
1997,2,15,20,0,0,0,-6.3,-8.9,80,777,2.3,140,0.22
1997,2,15,21,0,0,0,-9.5,-10.5,92,774,2.3,150,0.22
1997,2,15,22,0,0,0,-13.8,-14.1,97,772,2.9,200,0.22
1997,2,15,23,0,0,0,-9,-11.7,79,771,3.9,200,0.22
1997,2,16,0,0,0,0,-10.3,-12.3,84,771,3.5,220,0.22
1997,2,16,1,0,0,0,-10.5,-12.8,81,771,4.5,250,0.22
1997,2,16,2,0,0,0,-11.8,-15.4,72,769,4,250,0.22
1997,2,16,3,0,0,0,-13,-16,76,770,2.6,270,0.22
1997,2,16,4,0,0,0,-12,-15,76,768,2.6,260,0.22
1997,2,16,5,0,0,0,-13,-16,76,769,1.5,250,0.22
1997,2,16,6,0,0,0,-13,-16,76,767,0,0,0.22
1997,2,16,7,24,144,15,-12,-15,76,769,2.6,250,0.22
1997,2,16,8,187,676,38,-13,-17,69,772,2.1,250,0.22
1997,2,16,9,347,643,98,-9,-14,64,775,1.5,220,0.22
1997,2,16,10,446,627,121,-6,-11,64,776,5.1,160,0.22
1997,2,16,11,589,787,113,2,-10,37,775,4.1,150,0.22
1997,2,16,12,595,666,167,3,-11,31,775,4.4,150,0.22
1997,2,16,13,603,671,182,3,-9,37,774,4.6,150,0.22
1997,2,16,14,576,859,94,3,-9,37,774,6.7,150,0.22
1997,2,16,15,412,680,108,2,-8,44,773,5.7,150,0.22
1997,2,16,16,229,504,80,2,-8,44,773,4.1,150,0.22
1997,2,16,17,73,367,31,-1,-9,50,772,3.6,160,0.22
1997,2,16,18,0,12,0,-4.7,-10.1,62,772,2.6,170,0.22
1997,2,16,19,0,0,0,-8,-11,77,771,2.6,270,0.22
1997,2,16,20,0,0,0,-10,-13,76,769,1.5,260,0.22
1997,2,16,21,0,0,0,-11,-14,76,766,3.6,270,0.22
1997,2,16,22,0,0,0,-12,-14,83,766,3.1,240,0.22
1997,2,16,23,0,0,0,-12,-14,83,764,2.6,250,0.22
1997,2,17,0,0,0,0,-12,-14,83,764,2.6,250,0.22
1997,2,17,1,0,0,0,-13,-15,83,761,1.5,280,0.22
1997,2,17,2,0,0,0,-13,-15,83,760,4.1,270,0.22
1997,2,17,3,0,0,0,-13,-15,83,760,0,0,0.22
1997,2,17,4,0,0,0,-14,-17,76,759,0,0,0.22
1997,2,17,5,0,0,0,-14,-16,83,759,1.5,260,0.22
1997,2,17,6,0,0,0,-13,-15,83,758,3.1,260,0.22
1997,2,17,7,28,243,12,-12,-13,91,758,1.5,270,0.22
1997,2,17,8,179,603,43,-14.7,-14.7,100,761,2.1,240,0.22
1997,2,17,9,391,904,38,-7.5,-11.4,71,764,2.1,230,0.22
1997,2,17,10,543,949,47,-4.2,-9.1,65,763,1.5,200,0.22
1997,2,17,11,647,967,57,0.5,-7.8,50,764,7.2,160,0.22
1997,2,17,12,677,951,61,2.3,-8.5,41,763,6.7,170,0.22
1997,2,17,13,664,877,109,3,-6.2,48,763,6.7,170,0.22
1997,2,17,14,577,903,66,4.3,-5.9,45,764,5.7,170,0.22
1997,2,17,15,356,487,136,5,-5,46,762,6.7,160,0.22
1997,2,17,16,206,402,86,5,-5,46,762,4.6,160,0.22
1997,2,17,17,67,151,49,4,-6,45,762,7.2,160,0.22
1997,2,17,18,0,15,0,3,-6,49,761,7.2,160,0.22
1997,2,17,19,0,0,0,0.7,-4.9,63,760,0.3,20,0.22
1997,2,17,20,0,0,0,1.4,-5.8,55,759,2.1,240,0.22
1997,2,17,21,0,0,0,1.1,-6.8,52,759,0.9,60,0.22
1997,2,17,22,0,0,0,-4.2,-6.7,81,759,3.4,300,0.22
1997,2,17,23,0,0,0,-7.5,-7.6,99,759,5.2,10,0.22
1997,2,18,0,0,0,0,-7.8,-7.8,100,759,4.5,360,0.22
1997,2,18,1,0,0,0,-8.2,-8.2,100,759,3.7,40,0.22
1997,2,18,2,0,0,0,-9.5,-9.5,100,758,2.5,150,0.22
1997,2,18,3,0,0,0,-10.8,-10.8,100,760,6.4,110,0.22
1997,2,18,4,0,0,0,-12.1,-12.1,100,761,7.8,330,0.22
1997,2,18,5,0,0,0,-10.4,-10.4,100,762,7.6,120,0.22
1997,2,18,6,0,0,0,-9.7,-9.7,100,763,5.9,130,0.22
1997,2,18,7,29,30,27,-5,-7,84,765,6.2,330,0.22
1997,2,18,8,110,191,66,-3,-5,84,767,5.7,320,0.22
1997,2,18,9,348,637,96,-1,-3,85,768,4.6,310,0.22
1997,2,18,10,541,884,75,1,-2,79,770,4.6,330,0.22
1997,2,18,11,611,806,116,2,-2,73,770,6.2,360,0.22
1997,2,18,12,481,326,268,2,-3,67,771,6.7,330,0.22
1997,2,18,13,659,832,129,2,-3,67,771,5.7,40,0.22
1997,2,18,14,502,736,82,2,-3,67,771,6.2,30,0.22
1997,2,18,15,429,857,38,2,-3,67,771,4.6,30,0.22
1997,2,18,16,275,810,30,0.7,-4.8,64,771,4.8,60,0.22
1997,2,18,17,88,518,24,-0.5,-5.8,64,771,5,80,0.22
1997,2,18,18,1,53,0,-1.5,-6.6,65,770,5.1,100,0.22
1997,2,18,19,0,0,0,-3.7,-7.1,75,770,0.6,80,0.22
1997,2,18,20,0,0,0,-6.9,-7.6,94,770,0.4,340,0.22
1997,2,18,21,0,0,0,-7.1,-9.1,84,769,0.8,300,0.22
1997,2,18,22,0,0,0,-6.3,-10.6,69,769,0.9,200,0.22
1997,2,18,23,0,0,0,-6.6,-9.1,80,769,0.3,250,0.22
1997,2,19,0,0,0,0,-5.8,-9.5,72,769,2,250,0.22
1997,2,19,1,0,0,0,-8,-10,84,768,2.1,320,0.22
1997,2,19,2,0,0,0,-9.9,-11.2,89,768,2.2,320,0.22
1997,2,19,3,0,0,0,-11.8,-13.3,87,768,1.2,320,0.22
1997,2,19,4,0,0,0,-13.3,-14.5,90,767,1.8,330,0.22
1997,2,19,5,0,0,0,-13.7,-14.7,91,767,0,0,0.22
1997,2,19,6,0,0,0,-13.6,-14.8,90,767,0.5,330,0.22
1997,2,19,7,31,269,12,-11,-14,76,766,2.1,320,0.22
1997,2,19,8,187,562,56,-4,-12,50,771,0,0,0.22
1997,2,19,9,281,247,182,-1,-8,55,772,0,0,0.22
1997,2,19,10,474,571,170,1,-6,56,774,1.5,30,0.22
1997,2,19,11,437,463,150,5,-7,39,776,4.1,310,0.22
1997,2,19,12,709,878,132,6.7,-7.9,32,776,2.1,340,0.22
1997,2,19,13,710,997,71,8,-9,26,775,0,0,0.22
1997,2,19,14,624,973,65,7,-5,40,775,5.1,310,0.22
1997,2,19,15,462,884,55,6,-5.6,41,774,3.4,330,0.22
1997,2,19,16,290,811,41,5.7,-6.3,39,773,0.7,290,0.22
1997,2,19,17,91,525,25,4.4,-5.1,48,773,4.1,300,0.22
1997,2,19,18,0,27,0,3.1,-4.9,53,772,3,310,0.22
1997,2,19,19,0,0,0,2.7,-5.7,51,771,3.3,330,0.22
1997,2,19,20,0,0,0,2.5,-4.5,57,771,2.2,310,0.22
1997,2,19,21,0,0,0,2.1,-4.3,60,770,3.6,320,0.22
1997,2,19,22,0,0,0,1.9,-3,68,770,6.5,330,0.22
1997,2,19,23,0,0,0,1.5,-2.8,71,769,3.3,320,0.22
1997,2,20,0,0,0,0,1.2,-2.6,74,768,6.1,310,0.22
1997,2,20,1,0,0,0,0.9,-3.3,71,768,8.1,310,0.22
1997,2,20,2,0,0,0,-0.4,-3.3,78,767,6.4,290,0.22
1997,2,20,3,0,0,0,-0.7,-3,83,766,8.8,310,0.22
1997,2,20,4,0,0,0,-1,-2.9,85,766,5.1,310,0.22
1997,2,20,5,0,0,0,-0.4,-2.5,84,765,9.1,300,0.22
1997,2,20,6,0,0,0,-2.6,-3.5,93,765,8.3,300,0.22
1997,2,20,7,30,202,15,-4,-5,92,764,7.7,310,0.22
1997,2,20,8,185,489,69,-3,-6,77,766,5.1,340,0.22
1997,2,20,9,372,676,99,-2,-5,78,767,8.2,350,0.22
1997,2,20,10,350,420,124,-2,-6,71,767,8.2,310,0.22
1997,2,20,11,605,641,205,-1,-6,66,767,7.7,340,0.22
1997,2,20,12,599,594,206,-2,-9,55,767,7.7,300,0.22
1997,2,20,13,551,701,98,-1,-10,46,766,8.7,320,0.22
1997,2,20,14,622,959,67,-1,-9,50,767,10.3,310,0.22
1997,2,20,15,456,856,58,-2,-9,55,766,8.2,320,0.22
1997,2,20,16,279,730,52,-2.3,-9.5,54,766,8.8,320,0.22
1997,2,20,17,95,467,35,-4.6,-11,57,766,7.5,300,0.22
1997,2,20,18,1,19,0,-4.9,-12.5,51,766,4.9,290,0.22
1997,2,20,19,0,0,0,-6.3,-11,66,766,4.6,300,0.22
1997,2,20,20,0,0,0,-7.6,-8.5,92,766,4.7,310,0.22
1997,2,20,21,0,0,0,-8.9,-9,99,766,3.6,240,0.22
1997,2,20,22,0,0,0,-8.2,-9.5,89,766,4,130,0.22
1997,2,20,23,0,0,0,-9.5,-10,96,766,2.8,210,0.22
1997,2,21,0,0,0,0,-8.8,-10.5,86,766,4.3,340,0.22
1997,2,21,1,0,0,0,-9.1,-11,84,766,4.4,300,0.22
1997,2,21,2,0,0,0,-9.4,-11.5,83,766,2.5,30,0.22
1997,2,21,3,0,0,0,-9.8,-12,82,766,2.6,30,0.22
1997,2,21,4,0,0,0,-10.1,-12.5,81,766,4.8,270,0.22
1997,2,21,5,0,0,0,-10.4,-13,79,766,4.3,250,0.22
1997,2,21,6,0,0,0,-10.7,-12.5,85,766,6.1,270,0.22
1997,2,21,7,36,311,13,-11,-13,84,766,3.1,10,0.22
1997,2,21,8,204,717,30,-8,-12,70,769,5.1,10,0.22
1997,2,21,9,427,945,40,-6,-12,59,771,5.1,20,0.22
1997,2,21,10,510,847,52,-5,-13,49,771,5.1,50,0.22
1997,2,21,11,661,930,77,-4,-11,54,772,4.6,70,0.22
1997,2,21,12,691,831,137,-2,-12,42,773,2.6,30,0.22
1997,2,21,13,638,654,213,-2,-13,38,772,0,0,0.22
1997,2,21,14,335,241,195,-1,-13,35,773,0,0,0.22
1997,2,21,15,455,754,102,0,-12,36,772,0,0,0.22
1997,2,21,16,270,585,86,-1,-12.4,37,772,0,0,0.22
1997,2,21,17,87,415,31,-6,-13.1,53,771,0,0,0.22
1997,2,21,18,2,17,1,-8,-15.8,50,771,0.5,360,0.22
1997,2,21,19,0,0,0,-10,-16.5,55,770,0,0,0.22
1997,2,21,20,0,0,0,-9,-16.2,52,770,0,0,0.22
1997,2,21,21,0,0,0,-8,-15.9,49,769,0,0,0.22
1997,2,21,22,0,0,0,-10,-15.6,60,769,0,0,0.22
1997,2,21,23,0,0,0,-12,-18.4,55,769,0,0,0.22
1997,2,22,0,0,0,0,-12.1,-17.7,60,768,0,0,0.22
1997,2,22,1,0,0,0,-12,-16.8,64,768,0,0,0.22
1997,2,22,2,0,0,0,-11,-15.5,66,767,0,0,0.22
1997,2,22,3,0,0,0,-10,-14.2,68,767,0,0,0.22
1997,2,22,4,0,0,0,-12,-14.9,77,766,0,0,0.22
1997,2,22,5,0,0,0,-11,-14.6,72,766,0,0,0.22
1997,2,22,6,0,0,0,-11,-13.3,81,765,0,0,0.22
1997,2,22,7,14,0,14,-11,-13,84,764,0,0,0.22
1997,2,22,8,72,0,72,-10,-13,76,765,0,0,0.22
1997,2,22,9,209,114,162,-7,-11,70,767,0,0,0.22
1997,2,22,10,336,143,258,-2,-10,50,769,3.6,130,0.22
1997,2,22,11,394,326,188,-2,-12,42,769,3.6,160,0.22
1997,2,22,12,216,0,216,-2,-12,42,768,4.1,130,0.22
1997,2,22,13,211,0,211,-1,-10,46,768,3.6,120,0.22
1997,2,22,14,188,0,188,-1,-9,50,768,2.1,150,0.22
1997,2,22,15,148,0,148,-1,-8.4,53,767,1.8,160,0.22
1997,2,22,16,79,10,76,-2,-7.8,61,766,3.2,160,0.22
1997,2,22,17,51,125,34,-2,-7.3,64,765,2.4,150,0.22
1997,2,22,18,0,0,0,-2,-6.7,67,765,1.2,140,0.22
1997,2,22,19,0,0,0,-2,-6.1,71,765,0.5,160,0.22
1997,2,22,20,0,0,0,-2,-6.5,68,764,0,0,0.22
1997,2,22,21,0,0,0,-2,-5.9,72,764,1.1,110,0.22
1997,2,22,22,0,0,0,-2,-4.3,82,763,2.9,140,0.22
1997,2,22,23,0,0,0,-2,-3.8,86,762,3.7,160,0.22
1997,2,23,0,0,0,0,-2,-3.2,90,761,2.5,130,0.22
1997,2,23,1,0,0,0,-2,-2.6,95,760,5.4,140,0.22
1997,2,23,2,0,0,0,-1,-2,92,760,3.6,140,0.22
1997,2,23,3,0,0,0,-3,-4,92,758,3.1,120,0.22
1997,2,23,4,0,0,0,-2,-3,92,759,2.1,140,0.22
1997,2,23,5,0,0,0,-3,-5,84,758,2.1,100,0.22
1997,2,23,6,0,0,0,-1,-2,92,759,3.6,110,0.22
1997,2,23,7,17,0,17,-2,-2,100,759,3.6,120,0.22
1997,2,23,8,77,0,77,-2,-2,100,759,4.6,130,0.22
1997,2,23,9,133,0,133,-1,-2,92,760,5.7,120,0.22
1997,2,23,10,178,0,178,-1,-2,92,759,7.7,130,0.22
1997,2,23,11,207,0,207,-1,-1,100,759,5.1,130,0.22
1997,2,23,12,220,0,220,-1,-2,92,759,5.7,140,0.22
1997,2,23,13,449,325,234,-1,-2,92,759,4.6,120,0.22
1997,2,23,14,545,709,125,-1,-2,92,758,5.7,120,0.22
1997,2,23,15,451,773,83,-1,-2,92,759,3.1,110,0.22
1997,2,23,16,70,0,70,-1,-2,92,759,1.5,140,0.22
1997,2,23,17,28,0,28,-1,-2,92,759,3.1,140,0.22
1997,2,23,18,0,0,0,-1,-2,92,759,3.1,150,0.22
1997,2,23,19,0,0,0,-1,-2,92,760,5.1,120,0.22
1997,2,23,20,0,0,0,-1,-2,92,760,3.6,140,0.22
1997,2,23,21,0,0,0,-2,-2,100,760,3.1,150,0.22
1997,2,23,22,0,0,0,-2,-2,100,760,0,0,0.22
1997,2,23,23,0,0,0,-2,-2,100,760,0,0,0.22
1997,2,24,0,0,0,0,-2,-3,92,760,0,0,0.22
1997,2,24,1,0,0,0,-2,-2,100,760,0,0,0.22
1997,2,24,2,0,0,0,-2,-2,100,760,0,0,0.22
1997,2,24,3,0,0,0,-3,-3,100,759,0,0,0.22
1997,2,24,4,0,0,0,-5,-5,100,758,0,0,0.22
1997,2,24,5,0,0,0,-6,-7,92,758,0,0,0.22
1997,2,24,6,0,0,0,-5,-6,92,759,0,0,0.22
1997,2,24,7,13,0,13,-7,-8,92,759,2.6,250,0.22
1997,2,24,8,57,0,57,-4,-5,92,761,3.1,280,0.22
1997,2,24,9,170,241,68,-2,-3,92,763,3.1,280,0.22
1997,2,24,10,171,0,171,-1,-3,85,764,5.1,270,0.22
1997,2,24,11,202,0,202,0,-3,78,764,3.1,270,0.22
1997,2,24,12,215,0,215,1,-3,72,765,3.1,280,0.22
1997,2,24,13,385,209,246,-1,-2,92,764,4.1,140,0.22
1997,2,24,14,186,0,186,0,-2,85,764,5.1,140,0.22
1997,2,24,15,260,157,185,0,-1,92,764,2.6,150,0.22
1997,2,24,16,179,150,130,-1,-2,92,764,2.6,160,0.22
1997,2,24,17,23,0,23,-1.1,-2,93,765,2.1,180,0.22
1997,2,24,18,2,12,1,-1,-2,92,766,1.5,190,0.22
1997,2,24,19,0,0,0,-1.7,-3.8,84,766,2.2,230,0.22
1997,2,24,20,0,0,0,-0.4,-3.5,77,767,3.3,200,0.22
1997,2,24,21,0,0,0,-1.1,-5.3,70,767,2.3,200,0.22
1997,2,24,22,0,0,0,-4.8,-7.1,82,764,0.3,290,0.22
1997,2,24,23,0,0,0,-5.5,-5.8,97,763,0.4,270,0.22
1997,2,25,0,0,0,0,-9.2,-10.6,88,761,4.1,160,0.22
1997,2,25,1,0,0,0,-6.8,-9.4,80,763,3.1,150,0.22
1997,2,25,2,0,0,0,-5.5,-8.2,79,763,4.7,110,0.22
1997,2,25,3,0,0,0,-9.2,-10.9,86,761,6.4,80,0.22
1997,2,25,4,0,0,0,-8.9,-10.6,86,761,5.9,90,0.22
1997,2,25,5,0,0,0,-8.6,-10.5,85,762,5.4,80,0.22
1997,2,25,6,0,0,0,-9.3,-12.2,77,761,6,50,0.22
1997,2,25,7,17,0,17,-9,-11,84,762,6.7,40,0.22
1997,2,25,8,184,152,144,-9,-12,77,762,9.3,50,0.22
1997,2,25,9,297,449,105,-7,-11,70,763,5.1,50,0.22
1997,2,25,10,465,678,85,-5,-10,65,764,6.2,50,0.22
1997,2,25,11,551,651,129,0,-10,43,766,6.2,20,0.22
1997,2,25,12,678,861,89,0,-9,46,765,8.2,20,0.22
1997,2,25,13,689,913,79,0.7,-8.9,45,765,6.1,350,0.22
1997,2,25,14,590,809,104,1,-9,43,764,4.1,310,0.22
1997,2,25,15,403,507,156,0.1,-7.6,52,764,4,290,0.22
1997,2,25,16,267,594,70,-0.7,-7.2,58,763,2.4,290,0.22
1997,2,25,17,103,502,29,-0.7,-7.8,55,763,1.7,270,0.22
1997,2,25,18,2,46,1,-2.6,-9.3,56,762,0,0,0.22
1997,2,25,19,0,0,0,-3.4,-9,62,762,0,0,0.22
1997,2,25,20,0,0,0,-4.3,-9.5,64,761,0,0,0.22
1997,2,25,21,0,0,0,-5.2,-11.1,60,761,0,0,0.22
1997,2,25,22,0,0,0,-6,-10.7,66,760,0,0,0.22
1997,2,25,23,0,0,0,-6,-11.3,63,760,1.8,160,0.22
1997,2,26,0,0,0,0,-6.9,-11.8,65,759,0.6,140,0.22
1997,2,26,1,0,0,0,-8.7,-12.5,71,759,0,0,0.22
1997,2,26,2,0,0,0,-8.6,-13,67,758,0.4,120,0.22
1997,2,26,3,0,0,0,-8.5,-12.6,69,758,2,100,0.22
1997,2,26,4,0,0,0,-8.3,-12.2,71,757,0.3,70,0.22
1997,2,26,5,0,0,0,-8.3,-11.8,73,757,1.3,50,0.22
1997,2,26,6,0,0,0,-7.2,-10.3,76,756,0.1,60,0.22
1997,2,26,7,23,0,23,-8,-11,77,756,2.1,50,0.22
1997,2,26,8,85,0,85,-5,-10,65,758,3.6,10,0.22
1997,2,26,9,141,0,141,-4,-9,65,759,0,0,0.22
1997,2,26,10,185,0,185,-2,-7,65,759,2.1,350,0.22
1997,2,26,11,214,0,214,-0.5,-6.4,61,759,3,340,0.22
1997,2,26,12,226,0,226,0.4,-5.8,60,760,3.9,340,0.22
1997,2,26,13,221,0,221,0.9,-5.3,60,760,4.8,330,0.22
1997,2,26,14,198,0,198,1,-5,61,760,5.7,320,0.22
1997,2,26,15,266,219,159,3.1,-4.7,54,760,5.7,310,0.22
1997,2,26,16,75,0,75,1.3,-1.3,82,759,5.2,290,0.22
1997,2,26,17,33,0,33,2.4,0,84,759,8.4,30,0.22
1997,2,26,18,4,37,3,0.6,-0.6,91,758,6.5,50,0.22
1997,2,26,19,0,0,0,-2.4,-2.7,98,757,1.5,120,0.22
1997,2,26,20,0,0,0,0.6,-0.7,90,757,1.4,110,0.22
1997,2,26,21,0,0,0,-3.3,-3.3,100,756,1.4,100,0.22
1997,2,26,22,0,0,0,-2.3,-2.8,96,756,2.5,250,0.22
1997,2,26,23,0,0,0,-1.2,-1.2,100,755,3.6,300,0.22
1997,2,27,0,0,0,0,-0.2,-0.8,95,754,3.2,220,0.22
1997,2,27,1,0,0,0,-3.2,-3.8,95,754,2.6,60,0.22
1997,2,27,2,0,0,0,-2.2,-2.9,94,753,6.2,180,0.22
1997,2,27,3,0,0,0,-3.2,-3.2,100,753,6.3,180,0.22
1997,2,27,4,0,0,0,-3.1,-3.9,93,752,5.3,160,0.22
1997,2,27,5,0,0,0,-3.1,-4,93,752,5.8,160,0.22
1997,2,27,6,0,0,0,-6,-6.9,93,751,5.7,160,0.22
1997,2,27,7,15,0,15,-4,-5,92,750,5.7,140,0.22
1997,2,27,8,58,0,58,-4,-5,92,751,5.1,150,0.22
1997,2,27,9,97,0,97,-4,-5,92,750,7.2,150,0.22
1997,2,27,10,129,0,129,-3,-4,92,749,6.2,140,0.22
1997,2,27,11,149,0,149,-3,-4,92,748,7.7,150,0.22
1997,2,27,12,158,0,158,3,-4,58,751,8.2,160,0.22
1997,2,27,13,154,0,154,-3,-4,92,746,7.2,160,0.22
1997,2,27,14,138,0,138,-2.8,-3.9,91,746,7,150,0.22
1997,2,27,15,132,0,132,-3,-4,92,745,6.7,130,0.22
1997,2,27,16,105,0,105,-4.2,-4.2,100,745,6.5,120,0.22
1997,2,27,17,45,0,45,-5.4,-5.4,100,745,6.4,120,0.22
1997,2,27,18,3,6,3,-6.6,-6.6,100,745,6.2,110,0.22
1997,2,27,19,0,0,0,-6.8,-6.8,100,745,6.1,110,0.22
1997,2,27,20,0,0,0,-7,-7,100,745,5.9,100,0.22
1997,2,27,21,0,0,0,-7.2,-7.2,100,745,9.3,110,0.22
1997,2,27,22,0,0,0,-7.5,-7.5,100,745,9,110,0.22
1997,2,27,23,0,0,0,-7.5,-7.5,100,745,8.8,130,0.22
1997,2,28,0,0,0,0,-7.7,-8.1,97,745,8.5,140,0.22
1997,2,28,1,0,0,0,-7.9,-8.8,92,745,7.8,160,0.22
1997,2,28,2,0,0,0,-8.1,-9.4,89,745,7,160,0.22
1997,2,28,3,0,0,0,-9,-10.8,85,745,7.4,200,0.22
1997,2,28,4,0,0,0,-9.8,-12,82,745,7.7,220,0.22
1997,2,28,5,0,0,0,-10.5,-13.1,79,745,8.2,260,0.22
1997,2,28,6,0,0,0,-10.9,-14,76,745,8.5,270,0.22
1997,2,28,7,35,174,20,-9.7,-13.2,73,745,8.9,310,0.22
1997,2,28,8,189,291,109,-8,-12,70,744,8.7,310,0.22
1997,2,28,9,453,782,106,-7,-11,70,749,10.3,310,0.22
1997,2,28,10,272,218,146,-7,-11,70,749,9.3,330,0.22
1997,2,28,11,215,0,215,-5,-9,71,751,8.2,300,0.22
1997,2,28,12,284,34,259,-6,-10,70,751,9.8,310,0.22
1997,2,28,13,477,140,381,-5,-10,65,752,9.3,310,0.22
1997,2,28,14,198,0,198,-5,-10,65,753,10.8,320,0.22
1997,2,28,15,248,85,205,-6,-11,64,753,7.2,320,0.22
1997,2,28,16,206,234,126,-8.4,-11.3,77,754,9.9,120,0.22
1997,2,28,17,31,39,25,-8.9,-12.6,72,754,8.1,140,0.22
1997,2,28,18,2,5,2,-11.3,-12.9,87,755,8.3,100,0.22
1997,2,28,19,0,0,0,-11.8,-14.3,80,755,7.4,50,0.22
1997,2,28,20,0,0,0,-12.2,-13.6,88,756,7.5,40,0.22
1997,2,28,21,0,0,0,-10.2,-11.5,89,756,7.2,360,0.22
1997,2,28,22,0,0,0,-8.3,-9.4,90,757,7,310,0.22
1997,2,28,23,0,0,0,-6.4,-7.4,91,757,6.7,290,0.22
1991,3,1,0,0,0,0,-4.4,-5.3,100,753,6.5,170,0.18
1991,3,1,1,0,0,0,-2.5,-3.3,100,753,6.2,140,0.18
1991,3,1,2,0,0,0,-0.6,-1.2,100,752,6,150,0.18
1991,3,1,3,0,0,0,1.2,0.7,96,752,5.7,140,0.18
1991,3,1,4,0,0,0,-1.4,-1.4,100,752,5.2,130,0.18
1991,3,1,5,0,0,0,-1.9,-2,99,752,4.1,130,0.18
1991,3,1,6,0,0,0,0.5,0.2,98,752,1,150,0.18
1991,3,1,7,47,20,46,-1,-1.6,95,752,4.6,130,0.18
1991,3,1,8,138,75,117,-0.5,-2.1,88,752,4.1,130,0.18
1991,3,1,9,140,132,81,0,-1.6,88,752,6.2,130,0.18
1991,3,1,10,273,142,191,0,-1,92,752,5.1,130,0.18
1991,3,1,11,346,222,198,0.6,-1,88,753,5.1,130,0.18
1991,3,1,12,137,26,118,0,-1,92,751,6.2,130,0.18
1991,3,1,13,357,125,271,0.6,-1,88,751,5.7,140,0.18
1991,3,1,14,450,86,397,0,-1.6,88,750,4.1,140,0.18
1991,3,1,15,177,68,143,0.6,-1.6,84,751,3.1,120,0.18
1991,3,1,16,94,0,94,-1.5,-2.2,94,751,2.3,140,0.18
1991,3,1,17,99,61,90,0.4,-3.7,71,752,1.7,160,0.18
1991,3,1,18,3,0,3,-4.7,-4.7,100,753,0.4,190,0.18
1991,3,1,19,0,0,0,-3.8,-4.8,92,753,1.2,190,0.18
1991,3,1,20,0,0,0,-2.9,-3.4,96,754,2.1,190,0.18
1991,3,1,21,0,0,0,-7,-7,100,754,2.9,230,0.18
1991,3,1,22,0,0,0,-4.1,-4.5,97,755,3.8,230,0.18
1991,3,1,23,0,0,0,-6.2,-6.2,100,756,4.1,270,0.18
1991,3,2,0,0,0,0,-3.3,-4.6,90,756,4.4,270,0.18
1991,3,2,1,0,0,0,-3.4,-4.2,93,757,3.8,260,0.18
1991,3,2,2,0,0,0,-3.5,-4.7,90,758,5.6,260,0.18
1991,3,2,3,0,0,0,-2.6,-4.3,87,758,6,260,0.18
1991,3,2,4,0,0,0,-1.7,-4.8,77,759,6.3,260,0.18
1991,3,2,5,0,0,0,0.2,-3.4,74,759,6.6,270,0.18
1991,3,2,6,0,0,0,1.1,-3.9,67,760,8,250,0.18
1991,3,2,7,55,330,24,-1,-5.5,68,761,9.8,300,0.18
1991,3,2,8,239,707,39,0,-5.5,63,763,8.2,280,0.18
1991,3,2,9,431,848,49,1.1,-4.3,64,765,7.7,290,0.18
1991,3,2,10,326,195,212,1.7,-3.8,64,766,8.2,310,0.18
1991,3,2,11,607,779,86,2.2,-4.9,57,767,7.7,300,0.18
1991,3,2,12,539,125,450,3.9,-6.6,43,768,7.2,320,0.18
1991,3,2,13,713,937,67,5,-5.5,44,769,5.7,310,0.18
1991,3,2,14,633,910,68,3.9,-5.5,48,769,7.2,320,0.18
1991,3,2,15,499,879,56,4.4,-5.5,46,770,7.2,310,0.18
1991,3,2,16,329,820,44,3.4,-5.5,49,768,3.8,150,0.18
1991,3,2,17,99,214,64,2.3,-4.6,58,768,3.4,130,0.18
1991,3,2,18,4,31,3,1.3,-3.6,67,766,5.2,360,0.18
1991,3,2,19,0,0,0,1.3,-3.7,67,764,4.5,350,0.18
1991,3,2,20,0,0,0,1.2,-2.7,73,763,3.9,330,0.18
1991,3,2,21,0,0,0,-0.8,-2.8,85,761,5.1,320,0.18
1991,3,2,22,0,0,0,-0.8,-3.8,78,759,4.8,320,0.18
1991,3,2,23,0,0,0,-1.9,-2.8,93,758,6,320,0.18
1991,3,3,0,0,0,0,-1.9,-3.9,85,756,5.6,310,0.18
1991,3,3,1,0,0,0,-2.9,-3.9,92,754,6.4,300,0.18
1991,3,3,2,0,0,0,-3,-4,92,753,6,280,0.18
1991,3,3,3,0,0,0,-3,-4,92,753,5.7,270,0.18
1991,3,3,4,0,0,0,-3,-6,77,754,3.6,270,0.18
1991,3,3,5,0,0,0,-7,-8,92,754,5.1,270,0.18
1991,3,3,6,0,0,0,-7,-8,92,756,4.6,270,0.18
1991,3,3,7,35,0,35,-8,-9,92,758,3.6,270,0.18
1991,3,3,8,240,428,117,-3,-6,77,758,4.1,270,0.18
1991,3,3,9,179,0,179,-2,-5,78,760,0,0,0.18
1991,3,3,10,233,0,233,-2,-5,78,761,2.1,250,0.18
1991,3,3,11,699,873,110,-0.1,-4.1,72,761,0,0,0.18
1991,3,3,12,730,846,129,1,-3,72,762,0,0,0.18
1991,3,3,13,758,906,129,1,-3,72,763,0,0,0.18
1991,3,3,14,248,0,248,1,-3,72,763,4.6,140,0.18
1991,3,3,15,200,0,200,1,-3,72,764,4.1,180,0.18
1991,3,3,16,224,250,136,2,-4,62,764,3.1,180,0.18
1991,3,3,17,131,594,32,1,-3,72,764,2.6,180,0.18
1991,3,3,18,7,150,2,-1,-3,85,764,0,0,0.18
1991,3,3,19,0,0,0,-3,-4,92,762,1.5,240,0.18
1991,3,3,20,0,0,0,-6,-7,92,762,3.6,240,0.18
1991,3,3,21,0,0,0,-8,-9,92,761,2.1,250,0.18
1991,3,3,22,0,0,0,-7,-9,84,762,1.5,250,0.18
1991,3,3,23,0,0,0,-9,-9,100,760,2.1,250,0.18
1991,3,4,0,0,0,0,-8,-9,92,760,2.6,270,0.18
1991,3,4,1,0,0,0,-8,-9,92,760,4.6,270,0.18
1991,3,4,2,0,0,0,-8,-10,84,760,5.1,280,0.18
1991,3,4,3,0,0,0,-10,-11,91,757,0,0,0.18
1991,3,4,4,0,0,0,-9,-11,84,757,0,0,0.18
1991,3,4,5,0,0,0,-11,-13,84,760,3.1,270,0.18
1991,3,4,6,0,7,0,-12,-14,83,758,2.6,240,0.18
1991,3,4,7,67,407,25,-12,-13,91,761,5.1,270,0.18
1991,3,4,8,266,794,34,-10,-12,84,764,0,0,0.18
1991,3,4,9,448,867,49,-8,-10,84,767,6.7,300,0.18
1991,3,4,10,441,504,141,-5,-8,77,772,7.2,300,0.18
1991,3,4,11,470,481,143,1,-3,72,773,6.7,310,0.18
1991,3,4,12,717,635,262,2,-3,67,773,6.7,310,0.18
1991,3,4,13,699,755,172,2,-3,67,773,7.7,310,0.18
1991,3,4,14,493,623,101,2,-3,67,774,9.3,320,0.18
1991,3,4,15,349,81,307,2,-3,67,775,7.7,300,0.18
1991,3,4,16,250,348,127,2,-3,67,776,7.7,310,0.18
1991,3,4,17,91,31,86,2,-3,67,774,7.7,330,0.18
1991,3,4,18,2,0,2,1,-3,72,776,6.2,310,0.18
1991,3,4,19,0,0,0,-0.2,-3.5,76,773,6.6,310,0.18
1991,3,4,20,0,0,0,-0.5,-4.1,74,770,5.5,300,0.18
1991,3,4,21,0,0,0,-3.7,-5.6,85,767,5.4,280,0.18
1991,3,4,22,0,0,0,-4,-6.2,83,766,8.5,310,0.18
1991,3,4,23,0,0,0,-2.2,-4.7,81,764,7.9,270,0.18
1991,3,5,0,0,0,0,-0.4,-4.3,72,764,8.3,290,0.18
1991,3,5,1,0,0,0,0.3,-3.8,71,763,8.2,280,0.18
1991,3,5,2,0,0,0,1.1,-3.4,70,762,10.7,270,0.18
1991,3,5,3,0,0,0,0.9,-3.9,68,762,11.6,260,0.18
1991,3,5,4,0,0,0,1.6,-3.5,67,761,12.6,260,0.18
1991,3,5,5,0,0,0,2.4,-3,66,762,9.9,300,0.18
1991,3,5,6,0,0,0,2.1,-2.6,69,762,8.4,280,0.18
1991,3,5,7,30,0,30,3.9,-2.1,64,761,9.8,250,0.18
1991,3,5,8,90,0,90,3.9,-2.1,64,761,10.3,250,0.18
1991,3,5,9,145,0,145,3.9,-2.1,64,762,7.7,250,0.18
1991,3,5,10,189,0,189,5,-3.8,51,763,7.7,250,0.18
1991,3,5,11,217,0,217,4.4,-4.3,51,763,8.2,240,0.18
1991,3,5,12,228,0,228,4.4,-4.9,48,762,7.7,240,0.18
1991,3,5,13,223,0,223,5.6,-4.3,47,762,8.8,250,0.18
1991,3,5,14,200,0,200,4.4,-6,44,761,7.2,250,0.18
1991,3,5,15,162,0,162,3.9,-6.6,43,761,11.3,250,0.18
1991,3,5,16,168,80,139,3.6,-6.6,44,761,12.1,220,0.18
1991,3,5,17,48,8,46,3.3,-6.5,46,760,10.8,240,0.18
1991,3,5,18,4,0,4,2.9,-6.5,47,760,9.5,220,0.18
1991,3,5,19,0,0,0,2.6,-6.5,48,760,8.8,190,0.18
1991,3,5,20,0,0,0,0.3,-7.4,52,760,8.5,200,0.18
1991,3,5,21,0,0,0,1,-6.4,54,760,8.7,170,0.18
1991,3,5,22,0,0,0,0.7,-6.4,55,760,9,160,0.18
1991,3,5,23,0,0,0,-0.7,-7.4,57,760,9.8,150,0.18
1991,3,6,0,0,0,0,-2,-8.3,58,759,7.4,150,0.18
1991,3,6,1,0,0,0,-4.3,-10.3,59,759,8.2,140,0.18
1991,3,6,2,0,0,0,-4.6,-10.3,61,759,5.4,180,0.18
1991,3,6,3,0,0,0,-3.9,-10.2,58,759,3.1,210,0.18
1991,3,6,4,0,0,0,-5.2,-11.2,59,759,4.9,30,0.18
1991,3,6,5,0,0,0,-9.6,-14.2,66,759,4.6,220,0.18
1991,3,6,6,0,6,0,-7.9,-12.1,69,759,2.3,190,0.18
1991,3,6,7,69,337,31,-8.2,-12.1,71,758,4.1,30,0.18
1991,3,6,8,250,666,48,-4.9,-11.6,56,761,2.6,320,0.18
1991,3,6,9,186,135,122,-4.3,-12.7,48,761,5.1,120,0.18
1991,3,6,10,594,869,70,-3.2,-12.1,46,762,3.6,350,0.18
1991,3,6,11,708,924,71,-2.1,-9.3,54,763,4.6,260,0.18
1991,3,6,12,753,927,81,-1.6,-9.3,52,763,3.6,280,0.18
1991,3,6,13,741,944,73,-0.2,-7.8,52,764,5.6,290,0.18
1991,3,6,14,698,992,65,1.1,-6.6,53,764,7.7,300,0.18
1991,3,6,15,549,948,56,1.7,-6.6,51,764,6.7,320,0.18
1991,3,6,16,352,851,43,0.2,-7.1,54,764,6.4,320,0.18
1991,3,6,17,138,616,28,0.1,-7.6,52,764,5.5,310,0.18
1991,3,6,18,8,104,3,-1.4,-7.9,57,764,5.2,300,0.18
1991,3,6,19,0,0,0,-2,-8.4,58,764,4.8,290,0.18
1991,3,6,20,0,0,0,-2.8,-9,59,763,4.9,50,0.18
1991,3,6,21,0,0,0,-3,-9.5,57,763,0,0,0.18
1991,3,6,22,0,0,0,-3.3,-10,56,763,2.2,200,0.18
1991,3,6,23,0,0,0,-4.3,-10.5,58,763,3.4,270,0.18
1991,3,7,0,0,0,0,-5,-10.9,60,763,7.2,330,0.18
1991,3,7,1,0,0,0,-5.5,-11.4,60,763,3.2,330,0.18
1991,3,7,2,0,0,0,-6.3,-11.9,61,763,3.9,340,0.18
1991,3,7,3,0,0,0,-8.6,-14.4,59,763,4,320,0.18
1991,3,7,4,0,0,0,-7.4,-13.9,56,763,5.2,300,0.18
1991,3,7,5,0,0,0,-6.1,-13.3,53,762,4.9,280,0.18
1991,3,7,6,0,15,0,-6.3,-13.8,51,762,5,260,0.18
1991,3,7,7,74,401,27,-7.1,-13.8,55,762,5.7,320,0.18
1991,3,7,8,258,627,65,-5.5,-13.8,48,764,6.7,350,0.18
1991,3,7,9,444,682,120,-4.3,-13.2,46,765,9.3,20,0.18
1991,3,7,10,635,945,61,-3.2,-11,51,766,8.8,20,0.18
1991,3,7,11,723,935,74,-1.6,-9.9,49,767,5.7,20,0.18
1991,3,7,12,763,951,69,-0.5,-9.3,47,768,7.7,20,0.18
1991,3,7,13,720,906,75,0.6,-7.7,50,768,8.2,280,0.18
1991,3,7,14,655,923,63,0.6,-8.8,45,769,6.7,300,0.18
1991,3,7,15,560,968,53,1.1,-9.3,42,769,5.1,310,0.18
1991,3,7,16,273,207,197,2.1,-10.1,36,769,6.7,280,0.18
1991,3,7,17,128,512,35,0.1,-11,39,769,6.3,250,0.18
1991,3,7,18,8,114,4,-1.9,-10.8,46,768,1.9,240,0.18
1991,3,7,19,0,0,0,-3.9,-12.7,46,768,3.5,200,0.18
1991,3,7,20,0,0,0,-2.9,-12.5,43,768,2.3,190,0.18
1991,3,7,21,0,0,0,-3.9,-12.3,48,768,1,170,0.18
1991,3,7,22,0,0,0,-4.1,-12.1,50,768,0,0,0.18
1991,3,7,23,0,0,0,-4.5,-12.2,51,768,0.4,130,0.18
1991,3,8,0,0,0,0,-4.8,-12.3,52,767,1.1,100,0.18
1991,3,8,1,0,0,0,-4.6,-12.4,50,767,3.8,80,0.18
1991,3,8,2,0,0,0,-5,-12.5,52,767,3.1,70,0.18
1991,3,8,3,0,0,0,-6.9,-14,53,767,2.4,60,0.18
1991,3,8,4,0,0,0,-9,-15.2,57,767,1.7,50,0.18
1991,3,8,5,0,0,0,-7,-14,54,767,1.1,40,0.18
1991,3,8,6,0,23,0,-8,-14.9,54,766,0.4,30,0.18
1991,3,8,7,87,531,23,-6,-12.7,55,766,0,0,0.18
1991,3,8,8,297,826,38,-2.1,-9.9,51,769,2.1,10,0.18
1991,3,8,9,503,937,52,0.6,-11,37,771,2.6,40,0.18
1991,3,8,10,669,990,63,1.7,-12.7,30,772,4.6,20,0.18
1991,3,8,11,779,1016,69,2.8,-4.3,57,772,4.1,20,0.18
1991,3,8,12,824,1025,72,4.4,-6,44,773,4.1,10,0.18
1991,3,8,13,801,1020,70,5,-7.1,38,773,4.6,10,0.18
1991,3,8,14,711,1000,65,5.6,-13.2,21,773,4.6,10,0.18
1991,3,8,15,561,957,56,5.6,-8.2,33,773,5.1,50,0.18
1991,3,8,16,365,868,43,5.3,-8.3,34,773,4.2,360,0.18
1991,3,8,17,65,58,54,2.9,-8.5,39,773,3.1,350,0.18
1991,3,8,18,10,44,8,2.6,-6.6,48,772,3.3,360,0.18
1991,3,8,19,0,0,0,1.3,-7.7,47,772,0.7,140,0.18
1991,3,8,20,0,0,0,-2.1,-8.8,56,772,2.4,70,0.18
1991,3,8,21,0,0,0,-4.4,-11,56,771,4.9,50,0.18
1991,3,8,22,0,0,0,-4.7,-11.1,57,771,3.5,40,0.18
1991,3,8,23,0,0,0,-7.1,-13.2,58,771,3.1,40,0.18
1991,3,9,0,0,0,0,-8.4,-13.3,65,770,3.6,40,0.18
1991,3,9,1,0,0,0,-9.7,-15.5,59,770,3.8,30,0.18
1991,3,9,2,0,0,0,-9,-14.6,60,769,3.3,30,0.18
1991,3,9,3,0,0,0,-11.4,-17.7,56,769,2.9,30,0.18
1991,3,9,4,0,0,0,-10.7,-15.8,63,769,2.4,20,0.18
1991,3,9,5,0,0,0,-10,-15,64,768,1.4,20,0.18
1991,3,9,6,0,5,0,-10.5,-15.2,65,768,1.5,10,0.18
1991,3,9,7,74,261,40,-7.7,-13.2,61,768,0,0,0.18
1991,3,9,8,283,624,84,-1.6,-9.9,49,772,1,80,0.18
1991,3,9,9,365,521,112,1.7,-12.7,30,773,6.7,150,0.18
1991,3,9,10,566,767,92,2.8,-12.1,29,774,5.7,150,0.18
1991,3,9,11,295,112,216,3.9,-9.3,34,775,6.7,150,0.18
1991,3,9,12,391,117,304,4.4,-7.7,38,775,5.7,170,0.18
1991,3,9,13,519,215,364,4.4,-7.7,38,774,7.7,140,0.18
1991,3,9,14,362,108,291,4.4,-7.7,38,774,6.7,180,0.18
1991,3,9,15,189,0,189,4.4,-9.3,33,773,7.7,140,0.18
1991,3,9,16,121,0,121,4.1,-8.5,36,774,8.6,140,0.18
1991,3,9,17,49,0,49,3.9,-8.1,38,772,6.4,150,0.18
1991,3,9,18,5,0,5,2.5,-7.4,45,775,4.7,150,0.18
1991,3,9,19,0,0,0,1.8,-6.8,49,772,1,350,0.18
1991,3,9,20,0,0,0,1,-6.4,54,771,0.9,350,0.18
1991,3,9,21,0,0,0,0.5,-6.1,58,771,2.9,270,0.18
1991,3,9,22,0,0,0,0.4,-5.4,62,769,2.1,220,0.18
1991,3,9,23,0,0,0,0.1,-5.1,65,769,2,290,0.18
1991,3,10,0,0,0,0,-0.9,-4.3,75,768,0.4,360,0.18
1991,3,10,1,0,0,0,-1.4,-3.6,83,767,0.3,360,0.18
1991,3,10,2,0,0,0,-1.7,-2.8,91,767,2.7,200,0.18
1991,3,10,3,0,0,0,-1.9,-2.1,98,767,1.5,250,0.18
1991,3,10,4,0,0,0,-2,-2,100,767,2.6,270,0.18
1991,3,10,5,0,0,0,-3,-3,100,768,2.1,280,0.18
1991,3,10,6,0,0,0,-4,-4,100,766,2.6,270,0.18
1991,3,10,7,43,0,43,-3,-3,100,768,0,0,0.18
1991,3,10,8,119,0,119,-2,-3,92,771,0,0,0.18
1991,3,10,9,188,0,188,-2,-3,92,773,2.6,140,0.18
1991,3,10,10,341,56,306,-1.5,-2.8,90,776,6.2,130,0.18
1991,3,10,11,216,66,169,-1.4,-3,87,776,6.2,130,0.18
1991,3,10,12,594,423,279,-2,-3,92,776,7.7,130,0.18
1991,3,10,13,284,0,284,-1,-3,85,776,2.6,180,0.18
1991,3,10,14,255,0,255,1,-2,79,776,8.7,220,0.18
1991,3,10,15,207,0,207,1,-2,79,776,9.3,270,0.18
1991,3,10,16,113,0,113,0,-2,85,775,6.2,250,0.18
1991,3,10,17,53,0,53,0.1,-2.1,83,775,4.1,260,0.18
1991,3,10,18,4,0,4,-1,-2,92,774,3.6,290,0.18
1991,3,10,19,0,0,0,-1.5,-2.2,94,774,6.7,270,0.18
1991,3,10,20,0,0,0,-2.1,-2.5,97,774,4.1,310,0.18
1991,3,10,21,0,0,0,-2,-3,92,773,2.1,350,0.18
1991,3,10,22,0,0,0,-2,-3,92,773,5.1,310,0.18
1991,3,10,23,0,0,0,-2.1,-3,93,771,6.2,280,0.18
1991,3,11,0,0,0,0,-2,-3,92,770,4.6,320,0.18
1991,3,11,1,0,0,0,-1,-4,78,772,9.8,340,0.18
1991,3,11,2,0,0,0,-1.6,-4.1,81,769,5.7,320,0.18
1991,3,11,3,0,0,0,-1.7,-4.1,82,768,6.7,320,0.18
1991,3,11,4,0,0,0,-2,-4,85,768,0,0,0.18
1991,3,11,5,0,0,0,-2,-3,92,768,3.6,50,0.18
1991,3,11,6,0,0,0,-2,-3,92,769,0,0,0.18
1991,3,11,7,45,0,45,-2,-2.9,93,770,2.1,350,0.18
1991,3,11,8,121,0,121,-2,-4,85,773,2.6,320,0.18
1991,3,11,9,191,0,191,-1,-4,78,775,3.1,310,0.18
1991,3,11,10,245,0,245,-1,-4,78,776,4.6,300,0.18
1991,3,11,11,280,0,280,-1,-4,78,776,3.6,360,0.18
1991,3,11,12,294,0,294,-1,-4,78,777,5.7,290,0.18
1991,3,11,13,286,0,286,-2,-4,85,775,3.6,290,0.18
1991,3,11,14,257,0,257,-1,-5,71,777,4.6,320,0.18
1991,3,11,15,332,255,195,-1,-6,66,778,4.1,280,0.18
1991,3,11,16,143,0,143,-1,-6,66,775,4.1,300,0.18
1991,3,11,17,68,0,68,-1,-7,60,775,5.7,300,0.18
1991,3,11,18,8,15,7,-3,-7,71,773,2.6,320,0.18
1991,3,11,19,0,0,0,-4.4,-7.5,77,771,3.1,260,0.18
1991,3,11,20,0,0,0,-4.9,-8.1,76,769,2.2,260,0.18
1991,3,11,21,0,0,0,-7.3,-9.6,82,769,3.7,290,0.18
1991,3,11,22,0,0,0,-8.7,-10.1,88,767,3.8,270,0.18
1991,3,11,23,0,0,0,-8.2,-10.7,80,766,2.3,340,0.18
1991,3,12,0,0,0,0,-10.3,-12.7,81,765,4.4,290,0.18
1991,3,12,1,0,0,0,-12,-14.7,78,764,3.4,300,0.18
1991,3,12,2,0,0,0,-10.4,-13.2,78,762,0.4,20,0.18
1991,3,12,3,0,0,0,-10.3,-13.4,76,760,2.5,250,0.18
1991,3,12,4,0,0,0,-10.3,-13.3,76,761,2.6,310,0.18
1991,3,12,5,0,0,0,-10.7,-13.8,76,759,3.1,310,0.18
1991,3,12,6,2,66,1,-11.2,-14.4,75,759,0.6,30,0.18
1991,3,12,7,91,380,37,-11.6,-14.9,74,761,2.1,280,0.18
1991,3,12,8,298,757,45,-4.3,-9.9,61,765,3.6,350,0.18
1991,3,12,9,485,889,39,-1.6,-11.6,42,767,5.7,320,0.18
1991,3,12,10,483,123,406,1.1,-9.9,40,769,7.2,320,0.18
1991,3,12,11,603,419,302,1.7,-9.3,40,770,6.7,320,0.18
1991,3,12,12,398,130,301,2.2,-6.6,49,770,4.1,320,0.18
1991,3,12,13,763,964,56,3.3,-6,48,771,8.8,320,0.18
1991,3,12,14,651,900,55,3.9,-6,46,771,6.7,320,0.18
1991,3,12,15,525,874,51,3.9,-6.6,43,771,6.7,310,0.18
1991,3,12,16,352,826,34,3.6,-6.7,44,771,9.7,260,0.18
1991,3,12,17,154,615,31,2.2,-6.7,48,770,9.2,210,0.18
1991,3,12,18,13,142,6,0.9,-7.8,48,770,6.5,230,0.18
1991,3,12,19,0,0,0,-1.5,-8.9,53,769,4.4,230,0.18
1991,3,12,20,0,0,0,-1.8,-8.9,54,768,6.9,90,0.18
1991,3,12,21,0,0,0,-4.2,-10,60,768,5.4,70,0.18
1991,3,12,22,0,0,0,-3.5,-10,57,767,6.8,100,0.18
1991,3,12,23,0,0,0,-4.9,-10.1,64,767,3.6,280,0.18
1991,3,13,0,0,0,0,-5.2,-11.2,59,766,6.1,40,0.18
1991,3,13,1,0,0,0,-6.5,-10.2,72,766,0.9,100,0.18
1991,3,13,2,0,0,0,-6.9,-11.3,68,765,3,360,0.18
1991,3,13,3,0,0,0,-8.2,-11.4,75,764,1.3,360,0.18
1991,3,13,4,0,0,0,-8.6,-11.4,78,764,1.8,350,0.18
1991,3,13,5,0,0,0,-10.9,-13.5,79,763,1.7,340,0.18
1991,3,13,6,1,4,1,-10.3,-12.5,82,763,3.2,300,0.18
1991,3,13,7,54,107,38,-6.6,-11.6,64,762,2.6,310,0.18
1991,3,13,8,192,220,117,-2.1,-10.5,48,765,0,0,0.18
1991,3,13,9,327,133,259,1.1,-12.1,33,766,7.2,150,0.18
1991,3,13,10,370,176,257,1.7,-9.9,38,766,6.7,150,0.18
1991,3,13,11,499,177,370,2.8,-11.6,30,766,8.2,150,0.18
1991,3,13,12,623,511,236,3.9,-10.5,31,766,4.6,100,0.18
1991,3,13,13,224,0,224,2.8,-10.5,33,765,8.8,150,0.18
1991,3,13,14,200,0,200,2.2,-10.5,35,764,4.1,230,0.18
1991,3,13,15,160,0,160,2.2,-11.6,31,763,6.2,160,0.18
1991,3,13,16,134,35,121,1.4,-9.8,39,763,6.2,150,0.18
1991,3,13,17,85,40,77,0.5,-8.9,45,762,5.1,160,0.18
1991,3,13,18,7,21,6,-1.3,-9.1,51,762,4.1,150,0.18
1991,3,13,19,0,0,0,-3.1,-8.3,64,761,3,150,0.18
1991,3,13,20,0,0,0,-4,-8.4,68,761,1.9,150,0.18
1991,3,13,21,0,0,0,-4.8,-8.6,72,760,2.4,150,0.18
1991,3,13,22,0,0,0,-5.6,-7.7,83,759,2.9,150,0.18
1991,3,13,23,0,0,0,-5.5,-7.9,81,759,1.3,130,0.18
1991,3,14,0,0,0,0,-8.3,-8.3,100,758,0.7,130,0.18
1991,3,14,1,0,0,0,-9.1,-9.2,99,758,1.2,140,0.18
1991,3,14,2,0,0,0,-5.9,-7.4,88,757,1.8,140,0.18
1991,3,14,3,0,0,0,-4.8,-6.6,86,756,0,0,0.18
1991,3,14,4,0,0,0,-7.6,-7.6,100,756,0.1,140,0.18
1991,3,14,5,0,0,0,-8.4,-8.4,100,755,0,0,0.18
1991,3,14,6,1,1,1,-3.3,-5,87,755,0.5,120,0.18
1991,3,14,7,26,0,26,-2.1,-3.2,91,754,2.6,120,0.18
1991,3,14,8,75,0,75,-1.6,-4.3,80,755,3.1,120,0.18
1991,3,14,9,123,0,123,-0.5,-4.3,73,756,3.1,130,0.18
1991,3,14,10,134,0,134,-1,-4.3,76,755,3.1,130,0.18
1991,3,14,11,549,235,377,-0.5,-3.8,76,756,3.1,130,0.18
1991,3,14,12,744,548,326,-0.5,-4.3,73,756,5.1,140,0.18
1991,3,14,13,157,0,157,-0.5,-4.3,73,756,5.7,290,0.18
1991,3,14,14,140,0,140,-0.5,-4.3,73,756,4.1,270,0.18
1991,3,14,15,419,190,314,0.6,-4.3,67,757,1.5,280,0.18
1991,3,14,16,228,153,168,1.2,-6.1,55,757,1.9,290,0.18
1991,3,14,17,92,105,71,-0.2,-7.9,52,757,3.3,300,0.18
1991,3,14,18,7,13,7,-1.6,-7.7,59,757,1.3,310,0.18
1991,3,14,19,0,0,0,-3,-7.5,68,757,0,0,0.18
1991,3,14,20,0,0,0,-2.4,-5.3,78,756,0,0,0.18
1991,3,14,21,0,0,0,-3.8,-8.1,69,756,0.9,350,0.18
1991,3,14,22,0,0,0,-5.2,-6.9,86,756,0,0,0.18
1991,3,14,23,0,0,0,-8.6,-8.6,100,756,0.8,360,0.18
1991,3,15,0,0,0,0,-8,-8.4,97,756,0.7,40,0.18
1991,3,15,1,0,0,0,-9.4,-9.4,100,756,1.6,20,0.18
1991,3,15,2,0,0,0,-8.8,-8.8,100,756,3,20,0.18
1991,3,15,3,0,0,0,-7.2,-7.8,95,756,0.9,360,0.18
1991,3,15,4,0,0,0,-7.6,-7.6,100,756,1.8,70,0.18
1991,3,15,5,0,0,0,-6,-7.4,89,756,4.3,70,0.18
1991,3,15,6,1,2,1,-5.4,-7.2,86,756,2.2,110,0.18
1991,3,15,7,35,0,35,-3.8,-6,83,756,5.1,140,0.18
1991,3,15,8,86,0,86,-3.2,-6,79,756,5.7,130,0.18
1991,3,15,9,110,0,110,-3.2,-6.6,75,756,7.2,160,0.18
1991,3,15,10,140,0,140,-3.2,-5.5,82,756,5.1,140,0.18
1991,3,15,11,160,0,160,-2.7,-4.9,83,757,6.7,120,0.18
1991,3,15,12,168,0,168,-2.7,-5.5,79,757,6.2,140,0.18
1991,3,15,13,163,0,163,-2.1,-4.9,79,757,5.7,120,0.18
1991,3,15,14,147,0,147,-2.1,-5.5,75,757,5.7,140,0.18
1991,3,15,15,289,237,158,-1.6,-6,69,757,3.6,130,0.18
1991,3,15,16,253,149,194,-1.6,-6.2,68,757,3.7,150,0.18
1991,3,15,17,165,347,93,-3.6,-5.4,86,757,4.8,170,0.18
1991,3,15,18,7,33,5,-4.5,-6.6,84,757,5.9,180,0.18
1991,3,15,19,0,0,0,-5.5,-6.8,89,757,5,180,0.18
1991,3,15,20,0,0,0,-6.5,-8,88,757,2.4,240,0.18
1991,3,15,21,0,0,0,-7.5,-10.2,79,757,0,0,0.18
1991,3,15,22,0,0,0,-9.5,-9.5,100,757,2,170,0.18
1991,3,15,23,0,0,0,-10.1,-10.1,100,757,1.6,180,0.18
1991,3,16,0,0,0,0,-10.4,-10.7,97,757,5.8,200,0.18
1991,3,16,1,0,0,0,-12.4,-12.4,100,757,4.2,220,0.18
1991,3,16,2,0,0,0,-15.4,-15.4,100,757,4.3,220,0.18
1991,3,16,3,0,0,0,-11.4,-11.4,100,756,1.3,10,0.18
1991,3,16,4,0,0,0,-11.4,-11.4,100,756,2.9,260,0.18
1991,3,16,5,0,0,0,-14.3,-14.3,100,756,0,0,0.18
1991,3,16,6,3,29,2,-12.3,-12.9,95,756,2.5,220,0.18
1991,3,16,7,100,388,37,-9.3,-12.1,78,756,2.1,240,0.18
1991,3,16,8,310,720,55,-3.8,-7.7,72,760,3.6,320,0.18
1991,3,16,9,505,846,64,-0.5,-7.1,57,764,3.6,310,0.18
1991,3,16,10,659,880,85,0.6,-4.9,63,765,4.6,300,0.18
1991,3,16,11,755,914,82,2.8,-5.5,52,766,4.6,310,0.18
1991,3,16,12,679,754,98,3.1,-5.5,50,766,7.2,310,0.18
1991,3,16,13,775,922,83,3.3,-5.5,50,767,9.8,310,0.18
1991,3,16,14,686,888,84,3.9,-5.5,48,768,6.2,310,0.18
1991,3,16,15,553,856,75,3.9,-5.5,48,768,6.2,310,0.18
1991,3,16,16,378,808,55,2.9,-5.8,50,766,3.7,290,0.18
1991,3,16,17,156,571,35,1.9,-6.1,52,766,5.4,300,0.18
1991,3,16,18,16,148,8,-1.1,-3.4,82,765,5.5,310,0.18
1991,3,16,19,0,0,0,-3.1,-5.7,80,763,1.9,300,0.18
1991,3,16,20,0,0,0,-3.1,-6,78,762,2.5,350,0.18
1991,3,16,21,0,0,0,-3,-7.3,69,762,3.6,290,0.18
1991,3,16,22,0,0,0,-4,-7.5,74,761,5.3,300,0.18
1991,3,16,23,0,0,0,-3,-7.8,66,759,3.8,340,0.18
1991,3,17,0,0,0,0,-4,-8.1,70,759,3.9,350,0.18
1991,3,17,1,0,0,0,-2,-8.4,58,758,1.3,360,0.18
1991,3,17,2,0,0,0,-3,-8.7,61,756,2.5,360,0.18
1991,3,17,3,0,0,0,-4,-9,65,755,2.1,10,0.18
1991,3,17,4,0,0,0,-8,-12,70,754,3.1,290,0.18
1991,3,17,5,0,0,0,-8,-12,70,754,2.6,290,0.18
1991,3,17,6,6,117,2,-9,-13,70,755,4.6,310,0.18
1991,3,17,7,136,696,20,-5,-11,59,756,3.6,320,0.18
1991,3,17,8,354,896,32,-3,-9,60,758,2.1,350,0.18
1991,3,17,9,526,916,43,2,-9,40,759,2.6,310,0.18
1991,3,17,10,641,833,94,3,-8,41,759,1.5,280,0.18
1991,3,17,11,614,609,163,3,-8,41,760,4.6,240,0.18
1991,3,17,12,736,874,59,4,-7,42,760,5.7,240,0.18
1991,3,17,13,799,979,60,4,-7,42,760,3.6,220,0.18
1991,3,17,14,700,944,56,3,-6,49,760,1.5,160,0.18
1991,3,17,15,595,971,49,3,-6,49,759,6.7,300,0.18
1991,3,17,16,375,837,38,3,-6,49,760,7.7,300,0.18
1991,3,17,17,175,673,30,2,-6,52,760,4.6,310,0.18
1991,3,17,18,20,250,6,1,-6,56,759,4.1,310,0.18
1991,3,17,19,0,0,0,0,-5,66,758,3.6,350,0.18
1991,3,17,20,0,0,0,-2,-7,65,757,3.1,280,0.18
1991,3,17,21,0,0,0,0,-6,60,757,2.6,280,0.18
1991,3,17,22,0,0,0,1,-7,51,756,3.6,280,0.18
1991,3,17,23,0,0,0,-1,-7,60,755,4.1,260,0.18
1991,3,18,0,0,0,0,-5,-9,71,756,3.6,270,0.18
1991,3,18,1,0,0,0,-7,-9,84,756,5.1,270,0.18
1991,3,18,2,0,0,0,-8,-11,77,753,4.1,270,0.18
1991,3,18,3,0,0,0,-8,-10,84,753,3.6,270,0.18
1991,3,18,4,0,0,0,-9,-11,84,753,4.1,270,0.18
1991,3,18,5,0,0,0,-10,-12,84,754,4.1,270,0.18
1991,3,18,6,5,72,3,-11,-13,84,755,4.6,270,0.18
1991,3,18,7,128,575,29,-9,-11,84,757,3.6,270,0.18
1991,3,18,8,342,815,46,-4,-7,77,760,1.5,290,0.18
1991,3,18,9,510,743,115,0,-6,60,762,0,0,0.18
1991,3,18,10,384,266,208,2,-8,44,762,4.1,160,0.18
1991,3,18,11,229,0,229,4,-9,35,764,2.6,150,0.18
1991,3,18,12,692,643,190,5,-8,36,764,2.6,150,0.18
1991,3,18,13,755,884,85,5,-6,42,765,2.6,140,0.18
1991,3,18,14,566,565,179,3,-3,63,767,3.6,150,0.18
1991,3,18,15,551,853,69,5,-7,39,768,5.1,130,0.18
1991,3,18,16,373,793,50,4,-4,54,769,4.6,150,0.18
1991,3,18,17,170,625,33,2,-5,57,768,3.6,200,0.18
1991,3,18,18,18,131,10,0,-6,60,767,2.6,250,0.18
1991,3,18,19,0,0,0,-0.8,-7.4,57,765,3,260,0.18
1991,3,18,20,0,0,0,-0.6,-7.7,55,764,4.4,260,0.18
1991,3,18,21,0,0,0,-0.4,-7.1,57,762,4.3,240,0.18
1991,3,18,22,0,0,0,-1.2,-7.5,59,761,4.7,250,0.18
1991,3,18,23,0,0,0,-4,-9.8,60,759,2,330,0.18
1991,3,19,0,0,0,0,-4.8,-10.2,62,757,3.9,180,0.18
1991,3,19,1,0,0,0,0.5,-5.6,60,756,5.4,190,0.18
1991,3,19,2,0,0,0,0.7,-6,57,755,5.3,180,0.18
1991,3,19,3,0,0,0,0.9,-6.3,55,754,5.7,200,0.18
1991,3,19,4,0,0,0,1.1,-7.7,48,754,6.6,140,0.18
1991,3,19,5,0,0,0,1.3,-8.1,46,754,7,180,0.18
1991,3,19,6,6,32,5,1.5,-7.4,48,754,6.3,140,0.18
1991,3,19,7,58,48,49,1.7,-8.8,42,756,6.7,140,0.18
1991,3,19,8,170,93,135,2.2,-8.8,40,756,8.2,150,0.18
1991,3,19,9,165,0,165,2.2,-7.7,44,757,7.2,160,0.18
1991,3,19,10,207,0,207,0,-3.8,73,756,4.6,160,0.18
1991,3,19,11,235,0,235,-0.5,-3.8,76,755,5.7,160,0.18
1991,3,19,12,205,0,205,-1,-3.8,79,754,5.7,160,0.18
1991,3,19,13,200,0,200,-1,-3.8,79,753,6.2,120,0.18
1991,3,19,14,180,0,180,-1,-2.7,87,754,3.6,140,0.18
1991,3,19,15,147,0,147,-1,-2.9,85,754,4.2,90,0.18
1991,3,19,16,103,0,103,-1,-3.1,84,754,6.7,90,0.18
1991,3,19,17,52,0,52,-1.1,-3.2,84,755,6.7,90,0.18
1991,3,19,18,7,0,7,-2.1,-2.4,98,755,6.7,80,0.18
1991,3,19,19,0,0,0,-3.1,-3.1,100,755,4.7,190,0.18
1991,3,19,20,0,0,0,-3.1,-3.1,100,755,5.2,190,0.18
1991,3,19,21,0,0,0,-3.1,-3.1,100,756,4.2,200,0.18
1991,3,19,22,0,0,0,-3.1,-3.1,100,756,4.2,170,0.18
1991,3,19,23,0,0,0,-3.2,-3.3,99,756,4.1,180,0.18
1991,3,20,0,0,0,0,-3.2,-3.5,97,756,4.6,190,0.18
1991,3,20,1,0,0,0,-3.2,-4.6,89,756,6.6,180,0.18
1991,3,20,2,0,0,0,-3.2,-4.8,87,757,6.6,170,0.18
1991,3,20,3,0,0,0,-4.2,-5,93,757,6.6,170,0.18
1991,3,20,4,0,0,0,-4.2,-5.2,92,757,6.1,160,0.18
1991,3,20,5,0,0,0,-4.3,-6.3,84,757,4.6,140,0.18
1991,3,20,6,2,0,2,-4.3,-7.5,76,758,5.1,120,0.18
1991,3,20,7,36,0,36,-4.3,-7.7,75,758,4.6,130,0.18
1991,3,20,8,194,185,124,-2.7,-7.7,65,759,4.6,120,0.18
1991,3,20,9,237,147,157,-2.1,-7.1,65,759,4.6,120,0.18
1991,3,20,10,586,263,409,-1.6,-7.1,63,759,5.1,120,0.18
1991,3,20,11,557,334,305,-1,-6.6,62,759,6.2,110,0.18
1991,3,20,12,509,248,314,0.6,-6.6,55,760,5.7,160,0.18
1991,3,20,13,444,299,214,1.1,-6.6,53,759,4.6,150,0.18
1991,3,20,14,482,237,317,0.6,-6,58,759,4.6,120,0.18
1991,3,20,15,143,0,143,0,-5.5,63,759,6.2,150,0.18
1991,3,20,16,344,499,138,-3.2,-3.9,94,758,6.5,140,0.18
1991,3,20,17,113,260,54,-3.4,-5.3,85,758,6.7,130,0.18
1991,3,20,18,9,11,8,-5.6,-6.7,91,757,2.8,150,0.18
1991,3,20,19,0,0,0,-7.8,-8.2,97,757,4,150,0.18
1991,3,20,20,0,0,0,-11,-11.6,95,756,3.7,170,0.18
1991,3,20,21,0,0,0,-13.2,-14,93,756,0.8,120,0.18
1991,3,20,22,0,0,0,-8.4,-8.4,100,755,1.6,130,0.18
1991,3,20,23,0,0,0,-10.6,-11.8,90,755,0,0,0.18
1991,3,21,0,0,0,0,-9.7,-11.2,87,754,0.6,160,0.18
1991,3,21,1,0,0,0,-11.9,-14.6,78,754,3.3,170,0.18
1991,3,21,2,0,0,0,-12.1,-15,77,753,1,180,0.18
1991,3,21,3,0,0,0,-6.3,-8.5,83,753,1.7,220,0.18
1991,3,21,4,0,0,0,-9.5,-11.9,81,753,0.4,300,0.18
1991,3,21,5,0,0,0,-6.7,-9.3,80,752,3.2,240,0.18
1991,3,21,6,3,0,3,-6.9,-9.7,78,752,2.4,230,0.18
1991,3,21,7,85,48,76,-7.1,-12.1,64,751,3.6,240,0.18
1991,3,21,8,220,55,198,-3.2,-9.9,56,753,4.6,260,0.18
1991,3,21,9,303,92,253,-2.7,-10.5,51,754,5.7,240,0.18
1991,3,21,10,323,106,251,-0.5,-8.2,52,756,2.6,160,0.18
1991,3,21,11,472,234,294,-1,-6.6,62,756,3.6,150,0.18
1991,3,21,12,745,403,426,1.1,-8.2,46,757,5.7,240,0.18
1991,3,21,13,292,0,292,1.3,-8.9,43,758,7.3,300,0.18
1991,3,21,14,261,0,261,1.6,-8.6,43,758,5.4,290,0.18
1991,3,21,15,210,0,210,1.8,-7.3,47,758,5.5,280,0.18
1991,3,21,16,142,0,142,2.1,-8,44,759,5.6,290,0.18
1991,3,21,17,39,18,35,2.3,-6.7,48,759,5.2,310,0.18
1991,3,21,18,14,15,13,1.6,-7.4,48,759,4.7,280,0.18
1991,3,21,19,0,0,0,-3.2,-8.1,66,760,3.3,260,0.18
1991,3,21,20,0,0,0,-4.9,-8.8,71,760,4.9,240,0.18
1991,3,21,21,0,0,0,-3.7,-7.5,72,761,3,270,0.18
1991,3,21,22,0,0,0,-4.4,-7.3,78,761,4.2,270,0.18
1991,3,21,23,0,0,0,-6.2,-9,78,761,5.9,280,0.18
1991,3,22,0,0,0,0,-5.9,-9.7,72,762,3.9,280,0.18
1991,3,22,1,0,0,0,-6.7,-10.4,72,762,5,300,0.18
1991,3,22,2,0,0,0,-7.4,-10.1,79,762,5.1,290,0.18
1991,3,22,3,0,0,0,-7.2,-9.8,80,763,5.2,300,0.18
1991,3,22,4,0,0,0,-7.9,-10.5,79,763,2.2,300,0.18
1991,3,22,5,0,0,0,-5.7,-9.2,74,764,5.4,310,0.18
1991,3,22,6,11,149,4,-6.4,-8.9,80,764,4.5,300,0.18
1991,3,22,7,148,592,33,-3.2,-6.6,75,764,4.1,320,0.18
1991,3,22,8,349,802,40,-1,-6.6,62,766,4.9,310,0.18
1991,3,22,9,549,899,53,0.6,-7.1,53,768,5.7,300,0.18
1991,3,22,10,695,919,69,1.1,-7.1,51,769,8.2,300,0.18
1991,3,22,11,785,938,68,2.2,-6,51,770,6.2,310,0.18
1991,3,22,12,832,946,78,3.9,-4.9,50,770,6.2,300,0.18
1991,3,22,13,795,938,69,4.4,-5.5,46,771,5.1,320,0.18
1991,3,22,14,663,616,232,3.3,-6,48,770,4.1,350,0.18
1991,3,22,15,389,365,177,4.4,-4.9,48,771,2.1,110,0.18
1991,3,22,16,390,699,96,4.2,-4,53,771,2.7,120,0.18
1991,3,22,17,147,364,63,3.1,-3.1,62,771,2.1,100,0.18
1991,3,22,18,19,20,18,2.9,-3.2,62,770,0.6,90,0.18
1991,3,22,19,0,0,0,1.7,-3.3,67,770,1.1,110,0.18
1991,3,22,20,0,0,0,1.6,-3.4,67,770,4.2,110,0.18
1991,3,22,21,0,0,0,1.4,-3.5,67,770,3.2,110,0.18
1991,3,22,22,0,0,0,1.2,-3.6,68,769,2.7,110,0.18
1991,3,22,23,0,0,0,1,-3.8,68,769,3.7,140,0.18
1991,3,23,0,0,0,0,0.9,-2.9,74,769,4.1,130,0.18
1991,3,23,1,0,0,0,-0.3,-3,80,769,5.6,120,0.18
1991,3,23,2,0,0,0,-1.5,-3.1,87,768,3.6,120,0.18
1991,3,23,3,0,0,0,-1.6,-3.2,87,768,4.6,140,0.18
1991,3,23,4,0,0,0,-1.8,-3.3,88,768,4.6,140,0.18
1991,3,23,5,0,0,0,-4,-6.4,81,768,3.1,170,0.18
1991,3,23,6,4,0,4,-3.1,-8.5,63,767,3.1,190,0.18
1991,3,23,7,92,131,66,-4.3,-6.6,82,767,1.5,230,0.18
1991,3,23,8,115,0,115,-1.6,-6,69,769,2.6,140,0.18
1991,3,23,9,169,0,169,-1,-4.9,72,770,4.1,140,0.18
1991,3,23,10,212,0,212,0.6,-4.3,67,770,5.1,140,0.18
1991,3,23,11,239,0,239,1.1,-4.9,61,771,6.2,130,0.18
1991,3,23,12,249,0,249,2.2,-4.9,57,771,5.1,160,0.18
1991,3,23,13,242,0,242,2.2,-4.9,57,771,5.7,140,0.18
1991,3,23,14,218,0,218,2.8,-4.9,54,771,4.1,140,0.18
1991,3,23,15,178,0,178,3.3,-4.3,55,771,3.6,140,0.18
1991,3,23,16,314,339,171,2.1,-5.4,55,770,3.4,180,0.18
1991,3,23,17,108,188,64,0.9,-5.4,60,769,3.3,220,0.18
1991,3,23,18,13,29,11,0.7,-3.5,71,769,0,0,0.18
1991,3,23,19,0,0,0,-1.5,-3.5,85,768,0,0,0.18
1991,3,23,20,0,0,0,-1.7,-4.6,78,767,4.8,260,0.18
1991,3,23,21,0,0,0,-3.9,-5.7,86,766,4.1,260,0.18
1991,3,23,22,0,0,0,-3,-3.7,94,765,3.4,250,0.18
1991,3,23,23,0,0,0,-4.2,-5.8,87,765,2.7,250,0.18
1991,3,24,0,0,0,0,-5.4,-5.8,97,764,0,0,0.18
1991,3,24,1,0,0,0,-4.6,-5.9,89,763,0.8,350,0.18
1991,3,24,2,0,0,0,-5.8,-6.9,91,762,1.2,360,0.18
1991,3,24,3,0,0,0,-4,-5,92,762,2.1,30,0.18
1991,3,24,4,0,0,0,-7,-7,100,761,1.5,340,0.18
1991,3,24,5,0,0,0,-9,-9,100,761,2.1,280,0.18
1991,3,24,6,13,154,6,-11,-12,91,761,2.6,270,0.18
1991,3,24,7,153,604,30,-10,-11,91,760,1.5,360,0.18
1991,3,24,8,369,821,45,-4,-5,92,761,1.5,30,0.18
1991,3,24,9,556,888,58,-3,-4,92,764,5.1,50,0.18
1991,3,24,10,719,936,73,-2,-5,78,764,3.6,310,0.18
1991,3,24,11,596,420,271,1,-6,56,765,5.7,300,0.18
1991,3,24,12,832,889,117,3,-7,45,765,5.1,300,0.18
1991,3,24,13,746,782,135,-1,-4,78,765,4.6,290,0.18
1991,3,24,14,687,781,134,1,-4,67,765,6.2,340,0.18
1991,3,24,15,513,575,176,1,-4,67,765,4.6,360,0.18
1991,3,24,16,355,557,118,1,-4,67,765,1.5,340,0.18
1991,3,24,17,96,63,80,-1,-4,78,764,3.1,310,0.18
1991,3,24,18,17,0,17,-2,-4,85,764,4.6,150,0.18
1991,3,24,19,0,0,0,-2,-4,85,764,2.1,100,0.18
1991,3,24,20,0,0,0,-2,-4,85,763,3.1,270,0.18
1991,3,24,21,0,0,0,-2,-4,85,763,3.6,10,0.18
1991,3,24,22,0,0,0,-2,-3,92,763,3.6,310,0.18
1991,3,24,23,0,0,0,-3,-4,92,763,1.5,340,0.18
1991,3,25,0,0,0,0,-3,-4,92,762,2.1,360,0.18
1991,3,25,1,0,0,0,-4,-4,100,762,4.1,330,0.18
1991,3,25,2,0,0,0,-8,-8,100,762,4.6,350,0.18
1991,3,25,3,0,0,0,-11,-11,100,761,3.1,320,0.18
1991,3,25,4,0,0,0,-7,-8,92,761,3.1,320,0.18
1991,3,25,5,0,0,0,-9,-11,84,761,1.5,20,0.18
1991,3,25,6,12,61,9,-8,-9,92,761,1.5,270,0.18
1991,3,25,7,120,206,77,-3,-4,92,760,1.5,320,0.18
1991,3,25,8,326,546,107,-3,-4,92,762,3.6,360,0.18
1991,3,25,9,476,537,172,-3,-4,92,763,4.1,20,0.18
1991,3,25,10,631,744,114,-3,-5,84,764,4.1,310,0.18
1991,3,25,11,532,314,288,-3,-6,77,763,4.6,320,0.18
1991,3,25,12,724,708,151,-2,-6,71,763,6.2,260,0.18
1991,3,25,13,819,959,65,-1,-6,66,763,5.1,330,0.18
1991,3,25,14,739,960,57,-1,-6,66,762,4.6,300,0.18
1991,3,25,15,562,848,61,-1,-6,66,762,4.6,280,0.18
1991,3,25,16,357,668,70,-2,-7,65,762,5.1,310,0.18
1991,3,25,17,211,773,25,-2,-7,65,762,4.1,300,0.18
1991,3,25,18,30,310,9,-4,-8,71,762,3.1,320,0.18
1991,3,25,19,0,0,0,-4.8,-7.5,79,762,3.4,320,0.18
1991,3,25,20,0,0,0,-5.5,-7.9,81,762,0.6,20,0.18
1991,3,25,21,0,0,0,-5.3,-7.4,83,762,0.8,30,0.18
1991,3,25,22,0,0,0,-6,-7.8,86,762,3.2,30,0.18
1991,3,25,23,0,0,0,-4.8,-9.3,68,762,4,320,0.18
1991,3,26,0,0,0,0,-5.5,-7.7,83,763,4.8,340,0.18
1991,3,26,1,0,0,0,-5.3,-9.2,71,763,6,350,0.18
1991,3,26,2,0,0,0,-5,-7.6,80,763,4.3,340,0.18
1991,3,26,3,0,0,0,-5.8,-7.1,89,763,4.2,10,0.18
1991,3,26,4,0,0,0,-5.5,-5.5,100,763,4.1,40,0.18
1991,3,26,5,0,0,0,-6.3,-8,86,763,3.8,60,0.18
1991,3,26,6,6,0,6,-5,-7.4,81,763,3.7,90,0.18
1991,3,26,7,37,0,37,-3.8,-4.9,91,763,3.6,120,0.18
1991,3,26,8,72,0,72,-3.2,-5.5,82,764,4.6,130,0.18
1991,3,26,9,112,0,112,-3.2,-5.5,82,763,4.6,120,0.18
1991,3,26,10,143,0,143,-2.7,-5.5,79,752,3.6,100,0.18
1991,3,26,11,162,0,162,-2.1,-4.9,79,752,2.6,60,0.18
1991,3,26,12,170,0,170,0,-4.9,66,753,3.1,360,0.18
1991,3,26,13,164,0,164,0,-4.3,70,752,2.6,330,0.18
1991,3,26,14,147,0,147,-1,-4.3,76,752,5.1,300,0.18
1991,3,26,15,117,0,117,-2.7,-6.6,72,752,9.8,300,0.18
1991,3,26,16,79,6,76,-2.2,-7.2,65,753,11.4,280,0.18
1991,3,26,17,38,22,32,-2.8,-5.7,78,753,7.9,290,0.18
1991,3,26,18,8,2,7,-4.3,-5.3,92,754,8.5,310,0.18
1991,3,26,19,0,0,0,-4.9,-5.9,92,754,8.1,330,0.18
1991,3,26,20,0,0,0,-6.4,-6.4,100,755,7.7,40,0.18
1991,3,26,21,0,0,0,-5.9,-5.9,100,755,6.2,50,0.18
1991,3,26,22,0,0,0,-8.5,-8.5,100,756,6.3,50,0.18
1991,3,26,23,0,0,0,-9,-9,100,756,7,50,0.18
1991,3,27,0,0,0,0,-9.5,-9.5,100,757,7.1,10,0.18
1991,3,27,1,0,0,0,-9.1,-9.1,100,757,8.2,40,0.18
1991,3,27,2,0,0,0,-11.6,-11.6,100,758,8.3,40,0.18
1991,3,27,3,0,0,0,-10.2,-10.2,100,758,8.4,50,0.18
1991,3,27,4,0,0,0,-10.7,-10.7,100,759,7.5,30,0.18
1991,3,27,5,0,0,0,-7.2,-7.5,97,759,8.1,30,0.18
1991,3,27,6,4,0,4,-7.8,-7.8,100,760,7.7,40,0.18
1991,3,27,7,34,0,34,-4.3,-6.6,82,760,5.7,120,0.18
1991,3,27,8,77,0,77,-4.3,-6.6,82,761,6.2,130,0.18
1991,3,27,9,116,0,116,-3.2,-7.7,68,761,6.7,160,0.18
1991,3,27,10,176,0,176,-3.2,-7.1,72,761,6.7,130,0.18
1991,3,27,11,166,0,166,-2.7,-6,76,762,5.1,130,0.18
1991,3,27,12,173,0,173,-2.7,-6,76,762,6.2,140,0.18
1991,3,27,13,168,0,168,-2.7,-6,76,762,4.6,170,0.18
1991,3,27,14,215,0,215,-1.6,-6,69,762,4.1,120,0.18
1991,3,27,15,174,0,174,-2.1,-6,72,762,3.6,140,0.18
1991,3,27,16,148,22,138,-2,-6.1,71,762,2.7,180,0.18
1991,3,27,17,155,244,94,-3.8,-4.1,97,762,2.7,200,0.18
1991,3,27,18,18,44,15,-3.7,-4.2,96,762,0,0,0.18
1991,3,27,19,0,0,0,-4.6,-4.6,100,762,0,0,0.18
1991,3,27,20,0,0,0,-6.4,-6.4,100,762,0.8,270,0.18
1991,3,27,21,0,0,0,-6.3,-6.3,100,763,0,0,0.18
1991,3,27,22,0,0,0,-5.1,-5.1,100,763,0,0,0.18
1991,3,27,23,0,0,0,-8,-8,100,763,0,0,0.18
1991,3,28,0,0,0,0,-6.6,-6.6,100,763,0,0,0.18
1991,3,28,1,0,0,0,-4.7,-6.7,84,763,0,0,0.18
1991,3,28,2,0,0,0,-4.6,-6.8,83,763,0.2,130,0.18
1991,3,28,3,0,0,0,-5.5,-6.8,89,763,0,0,0.18
1991,3,28,4,0,0,0,-7.3,-7.3,100,764,0,0,0.18
1991,3,28,5,0,0,0,-7.2,-7.2,100,764,0,0,0.18
1991,3,28,6,12,65,8,-6,-7,92,764,0,0,0.18
1991,3,28,7,193,740,27,-4.9,-7.1,83,764,4.1,330,0.18
1991,3,28,8,416,903,41,-2.1,-7.1,65,766,5.7,320,0.18
1991,3,28,9,576,861,76,0,-8.8,47,767,3.1,330,0.18
1991,3,28,10,722,901,84,1.7,-7.7,46,769,6.7,310,0.18
1991,3,28,11,798,924,68,2.2,-6.6,49,769,7.2,300,0.18
1991,3,28,12,850,941,78,3.3,-4.9,52,770,7.7,290,0.18
1991,3,28,13,767,872,72,3.3,-4.3,55,769,7.2,280,0.18
1991,3,28,14,735,928,66,4,-4.6,51,769,7.2,290,0.18
1991,3,28,15,585,881,57,3.9,-4.9,50,769,7.2,290,0.18
1991,3,28,16,395,790,49,3.9,-6.1,45,770,9.6,340,0.18
1991,3,28,17,198,632,40,2.8,-7.3,44,770,8.8,350,0.18
1991,3,28,18,33,306,11,-1.2,-1.2,100,770,7,350,0.18
1991,3,28,19,0,0,0,-3.2,-3.2,100,770,6.8,360,0.18
1991,3,28,20,0,0,0,-6.3,-6.3,100,770,5,50,0.18
1991,3,28,21,0,0,0,-9.3,-9.3,100,770,5.3,50,0.18
1991,3,28,22,0,0,0,-10.3,-10.3,100,770,6.5,70,0.18
1991,3,28,23,0,0,0,-11.4,-11.4,100,770,8.4,60,0.18
1991,3,29,0,0,0,0,-11.4,-11.4,100,770,5.6,100,0.18
1991,3,29,1,0,0,0,-12.4,-12.4,100,770,4.3,60,0.18
1991,3,29,2,0,0,0,-14.5,-14.5,100,770,4.6,60,0.18
1991,3,29,3,0,0,0,-14.5,-14.5,100,770,3.9,100,0.18
1991,3,29,4,0,0,0,-14.5,-14.5,100,770,3.1,70,0.18
1991,3,29,5,0,0,0,-14.6,-14.6,100,771,4.9,40,0.18
1991,3,29,6,16,48,13,-14.6,-14.6,100,771,4.2,80,0.18
1991,3,29,7,154,412,59,-9.6,-9.6,100,771,4.9,150,0.18
1991,3,29,8,168,98,127,-5.7,-5.7,100,771,6.8,150,0.18
1991,3,29,9,284,72,242,-0.7,-3.4,80,771,9.6,170,0.18
1991,3,29,10,610,525,236,1.3,-7.6,48,771,6.8,170,0.18
1991,3,29,11,610,534,185,3.2,-4.8,53,771,7.6,200,0.18
1991,3,29,12,187,14,175,4.2,-8,38,771,2.7,160,0.18
1991,3,29,13,722,608,235,4.7,-9.1,33,771,5.1,140,0.18
1991,3,29,14,604,605,165,5.1,-10.4,29,771,4.4,150,0.18
1991,3,29,15,578,779,108,5.1,-9.6,31,771,4.6,190,0.18
1991,3,29,16,394,668,99,5,-12.8,23,771,7,130,0.18
1991,3,29,17,197,592,47,3,-12,29,772,6.7,140,0.18
1991,3,29,18,31,246,13,-3,-9.2,59,772,4.9,180,0.18
1991,3,29,19,0,0,0,-5.1,-9.4,69,772,2.7,170,0.18
1991,3,29,20,0,0,0,-10.1,-10.1,100,772,0,0,0.18
1991,3,29,21,0,0,0,-10.1,-10.1,100,772,3.7,230,0.18
1991,3,29,22,0,0,0,-11.2,-11.2,100,772,2,260,0.18
1991,3,29,23,0,0,0,-12.2,-12.2,100,772,3.2,220,0.18
1991,3,30,0,0,0,0,-13.2,-13.2,100,772,0.4,240,0.18
1991,3,30,1,0,0,0,-14.3,-14.3,100,772,1.8,250,0.18
1991,3,30,2,0,0,0,-13.3,-13.3,100,772,0,0,0.18
1991,3,30,3,0,0,0,-14.3,-14.3,100,772,0.8,240,0.18
1991,3,30,4,0,0,0,-13.4,-13.4,100,772,0,0,0.18
1991,3,30,5,0,0,0,-15.4,-15.4,100,772,0.8,260,0.18
1991,3,30,6,25,241,10,-12.4,-12.4,100,773,0,0,0.18
1991,3,30,7,203,731,31,-6.5,-9.7,76,773,0,0,0.18
1991,3,30,8,427,896,47,-0.5,-9.9,45,773,2.6,310,0.18
1991,3,30,9,632,970,60,2.8,-10.5,33,775,2.1,230,0.18
1991,3,30,10,792,1008,69,3.3,-9.9,34,775,6.2,70,0.18
1991,3,30,11,895,1027,74,5,-8.8,33,776,4.1,60,0.18
1991,3,30,12,932,1033,76,6.1,-8.8,31,776,2.6,70,0.18
1991,3,30,13,901,1028,75,7.8,-10.5,23,777,2.1,240,0.18
1991,3,30,14,805,1009,70,8.3,-9.9,24,778,3.6,230,0.18
1991,3,30,15,650,973,61,9.4,-12.7,17,779,3.1,240,0.18
1991,3,30,16,450,904,48,9.4,-14.1,15,778,2.4,260,0.18
1991,3,30,17,227,754,33,8.3,-12.6,19,777,3.2,280,0.18
1991,3,30,18,37,309,13,6.3,-11,25,776,1.4,270,0.18
1991,3,30,19,0,0,0,4.3,-11.5,27,774,1.2,290,0.18
1991,3,30,20,0,0,0,1.2,-9.9,39,772,2,270,0.18
1991,3,30,21,0,0,0,-0.8,-7.4,57,772,3.3,330,0.18
1991,3,30,22,0,0,0,-1.8,-6.8,65,772,4.7,320,0.18
1991,3,30,23,0,0,0,-0.9,-7.2,59,770,3.4,350,0.18
1991,3,31,0,0,0,0,-1.9,-6.7,66,770,4.2,360,0.18
1991,3,31,1,0,0,0,-1.9,-7.1,64,769,4.5,350,0.18
1991,3,31,2,0,0,0,-3,-6.6,74,766,4.8,330,0.18
1991,3,31,3,0,0,0,-3,-6,77,765,2.1,280,0.18
1991,3,31,4,0,0,0,-3,-6,77,766,3.6,280,0.18
1991,3,31,5,0,0,0,-4,-6,84,766,2.1,310,0.18
1991,3,31,6,29,310,8,-3,-5,84,767,1.5,340,0.18
1991,3,31,7,216,804,23,1,-4,67,772,2.6,20,0.18
1991,3,31,8,419,893,35,4,-5,49,775,6.7,50,0.18
1991,3,31,9,618,964,45,6,-5,43,777,5.1,60,0.18
1991,3,31,10,779,1007,52,8.2,-4.3,39,776,2.1,90,0.18
1991,3,31,11,856,996,57,10,-4,36,778,2.1,120,0.18
1991,3,31,12,874,979,60,11,-3,36,778,6.2,150,0.18
1991,3,31,13,853,981,61,13,-2,35,778,5.1,120,0.18
1991,3,31,14,778,987,56,13,-3,32,778,3.6,170,0.18
1991,3,31,15,611,926,48,13.5,-3,31,779,4.6,150,0.18
1991,3,31,16,430,877,37,13,-4,29,777,6.2,150,0.18
1991,3,31,17,216,681,40,12,-4,31,777,4.6,150,0.18
1991,3,31,18,38,347,10,6,-2,55,775,2.6,230,0.18
1991,3,31,19,0,0,0,6,-2,55,773,5.1,310,0.18
1991,3,31,20,0,0,0,6,-3,51,771,0,0,0.18
1991,3,31,21,0,0,0,5.6,-3.5,63,768,0.7,0,0.18
1991,3,31,22,0,0,0,5.2,-4,72,767,1.5,270,0.18
1991,3,31,23,0,0,0,4.8,-4.6,72,766,2.2,280,0.18
1996,4,1,0,0,0,0,4.3,-5.1,42,772,2.9,270,0.18
1996,4,1,1,0,0,0,3.9,-5.7,43,772,3.6,270,0.18
1996,4,1,2,0,0,0,3.5,-6.2,45,772,4.4,270,0.18
1996,4,1,3,0,0,0,3.1,-6.9,45,772,5.1,270,0.18
1996,4,1,4,0,0,0,4.4,-6.7,41,772,4.6,270,0.18
1996,4,1,5,0,0,0,2.7,-6.4,48,772,3.6,270,0.18
1996,4,1,6,13,0,13,3,-6.2,48,771,4.1,260,0.18
1996,4,1,7,58,0,58,8.3,-5,37,771,3.1,270,0.18
1996,4,1,8,150,0,150,10.5,-3.4,36,771,1.5,210,0.18
1996,4,1,9,220,0,220,11.6,-2.3,37,773,0,0,0.18
1996,4,1,10,273,0,273,12.2,-2.8,34,775,3.6,140,0.18
1996,4,1,11,296,22,278,12.7,-2.8,33,775,4.1,150,0.18
1996,4,1,12,612,307,354,11.6,-2.8,35,775,3.6,150,0.18
1996,4,1,13,446,84,377,11.6,-2.8,35,775,4.6,150,0.18
1996,4,1,14,732,806,137,10.2,-3.1,38,774,4.1,170,0.18
1996,4,1,15,579,695,152,7.7,-3.9,42,774,5.1,160,0.18
1996,4,1,16,441,773,91,8.1,-4.8,38,773,5.1,150,0.18
1996,4,1,17,178,286,102,7.6,-5.7,36,773,4.6,160,0.18
1996,4,1,18,37,241,17,4,-9.6,33,772,3.6,170,0.18
1996,4,1,19,0,0,0,1,-8.5,45,771,0.3,350,0.18
1996,4,1,20,0,0,0,-0.8,-7.6,56,771,4.1,250,0.18
1996,4,1,21,0,0,0,-7.3,-8.1,93,770,3.9,250,0.18
1996,4,1,22,0,0,0,-7.7,-8.7,92,769,3.2,230,0.18
1996,4,1,23,0,0,0,-7.1,-8.4,89,768,2.8,220,0.18
1996,4,2,0,0,0,0,-7.6,-9.1,88,767,4.7,210,0.18
1996,4,2,1,0,0,0,-7,-8.8,85,766,5,210,0.18
1996,4,2,2,0,0,0,-7.5,-9.5,84,765,4.8,200,0.18
1996,4,2,3,0,0,0,-5.9,-8.2,82,764,5,200,0.18
1996,4,2,4,0,0,0,-6.3,-8.8,80,764,2.7,300,0.18
1996,4,2,5,0,0,0,-5.8,-8.6,78,763,5.6,240,0.18
1996,4,2,6,24,66,19,-4.1,-7.2,77,762,6.8,190,0.18
1996,4,2,7,114,220,58,4.4,-5,48,762,6.1,150,0.18
1996,4,2,8,129,0,129,6.1,-5,43,762,4.1,140,0.18
1996,4,2,9,184,0,184,7.7,-2.8,46,764,8.7,230,0.18
1996,4,2,10,672,593,237,8.3,-1.2,51,764,8.2,240,0.18
1996,4,2,11,767,654,235,8.3,-5,37,764,9.7,260,0.18
1996,4,2,12,726,561,254,10,-5,33,765,5.1,260,0.18
1996,4,2,13,704,558,247,8.8,-4.5,37,764,7.7,310,0.18
1996,4,2,14,573,535,177,9.4,-5,34,765,7.7,320,0.18
1996,4,2,15,496,541,161,8.3,-5.6,35,765,6.1,330,0.18
1996,4,2,16,348,360,184,7.5,-4.9,39,765,6.5,310,0.18
1996,4,2,17,188,316,103,6.7,-4.1,44,765,5.9,300,0.18
1996,4,2,18,36,208,19,4.9,-4.4,49,765,6.2,250,0.18
1996,4,2,19,0,0,0,3.1,-4.6,54,765,5.7,250,0.18
1996,4,2,20,0,0,0,3.3,-4.9,52,765,5.2,260,0.18
1996,4,2,21,0,0,0,3.5,-5.2,50,766,4.7,260,0.18
1996,4,2,22,0,0,0,2.6,-5.4,53,766,4.2,260,0.18
1996,4,2,23,0,0,0,1.9,-5.7,54,766,3.7,270,0.18
1996,4,3,0,0,0,0,2.2,-5.9,52,766,3,250,0.18
1996,4,3,1,0,0,0,1.4,-7.2,49,766,3.4,240,0.18
1996,4,3,2,0,0,0,1.6,-5.4,57,766,3.8,210,0.18
1996,4,3,3,0,0,0,1.8,-4.7,59,766,2.7,190,0.18
1996,4,3,4,0,0,0,1,-4,67,766,3.1,220,0.18
1996,4,3,5,0,0,0,1.2,-4.2,65,767,3,160,0.18
1996,4,3,6,33,195,18,2.4,-4.5,58,767,2.3,150,0.18
1996,4,3,7,184,543,43,2.6,-4.7,56,767,0.1,260,0.18
1996,4,3,8,446,879,53,3.8,-5,50,767,4.1,20,0.18
1996,4,3,9,648,952,66,6.1,-6.2,38,768,3.3,40,0.18
1996,4,3,10,806,989,76,6.1,-6.2,38,769,2.5,50,0.18
1996,4,3,11,845,895,114,7.7,-7.8,30,770,7.7,240,0.18
1996,4,3,12,927,994,87,10.5,-10.6,19,771,5.1,270,0.18
1996,4,3,13,893,975,93,10.5,-10.6,19,771,5.1,320,0.18
1996,4,3,14,499,237,322,9.4,-8.4,25,770,5.6,290,0.18
1996,4,3,15,185,0,185,8.8,-10,23,770,6.1,310,0.18
1996,4,3,16,132,0,132,9.1,-9.9,23,770,7.1,290,0.18
1996,4,3,17,49,0,49,8.3,-10.9,22,770,3.8,260,0.18
1996,4,3,18,17,0,17,5.7,-10.8,26,770,2.7,130,0.18
1996,4,3,19,0,0,0,0.9,-10.7,37,770,2.6,110,0.18
1996,4,3,20,0,0,0,-0.8,-10.5,43,769,2.5,80,0.18
1996,4,3,21,0,0,0,-4.6,-10.5,60,769,2.4,50,0.18
1996,4,3,22,0,0,0,-6.4,-9.4,77,769,2.3,20,0.18
1996,4,3,23,0,0,0,-7.1,-8.6,88,769,2.3,350,0.18
1996,4,4,0,0,0,0,-6.8,-9.2,81,769,2.2,320,0.18
1996,4,4,1,0,0,0,-5.5,-9.2,72,768,2.1,290,0.18
1996,4,4,2,0,0,0,-7.3,-9.3,84,768,2,260,0.18
1996,4,4,3,0,0,0,-7,-9.2,82,768,1.9,230,0.18
1996,4,4,4,0,0,0,-6.8,-9.1,82,768,1.8,210,0.18
1996,4,4,5,0,0,0,-7.4,-10,80,768,1.7,180,0.18
1996,4,4,6,32,201,16,-5.2,-7.9,79,767,4.1,20,0.18
1996,4,4,7,219,667,44,1.1,-5.6,58,767,6.1,20,0.18
1996,4,4,8,441,834,63,3.8,-5,50,769,7.7,10,0.18
1996,4,4,9,616,839,99,6.3,-5.9,39,771,8.5,30,0.18
1996,4,4,10,716,740,167,8.3,-6.7,32,773,9.2,40,0.18
1996,4,4,11,809,816,138,8.8,-7.3,29,773,5.1,60,0.18
1996,4,4,12,741,433,373,8.3,-7.8,29,774,6.1,10,0.18
1996,4,4,13,572,372,265,8.3,-7.8,29,773,4.1,270,0.18
1996,4,4,14,415,252,226,7.7,-7.8,30,773,4.6,360,0.18
1996,4,4,15,621,801,122,8.8,-5.6,34,774,11.3,310,0.18
1996,4,4,16,409,640,113,10,-7.2,27,774,11.6,270,0.18
1996,4,4,17,231,680,45,9.3,-8.6,25,774,10.5,290,0.18
1996,4,4,18,41,262,19,5.4,-11.2,26,774,12.3,250,0.18
1996,4,4,19,0,0,0,-1.3,-10.7,44,774,9,220,0.18
1996,4,4,20,0,0,0,-3.1,-11.2,49,774,10.6,220,0.18
1996,4,4,21,0,0,0,-3.8,-10.7,55,774,8.3,180,0.18
1996,4,4,22,0,0,0,-5.6,-11.2,61,774,12.2,160,0.18
1996,4,4,23,0,0,0,-7.5,-11.7,69,774,8.8,160,0.18
1996,4,5,0,0,0,0,-6.2,-11.3,64,774,8.9,140,0.18
1996,4,5,1,0,0,0,-7,-11.7,66,774,7.2,100,0.18
1996,4,5,2,0,0,0,-7.7,-11.3,73,774,6.9,80,0.18
1996,4,5,3,0,0,0,-6.5,-10.8,69,774,6.7,60,0.18
1996,4,5,4,0,0,0,-7.7,-11.5,71,774,6.3,40,0.18
1996,4,5,5,0,0,0,-7,-9.3,82,773,5,40,0.18
1996,4,5,6,38,255,17,-4.2,-8,72,773,6.8,30,0.18
1996,4,5,7,226,685,42,1.6,-7.8,46,773,8.2,10,0.18
1996,4,5,8,448,847,62,2.7,-8.4,40,774,9.2,30,0.18
1996,4,5,9,650,923,77,5,-8.4,34,776,6.6,30,0.18
1996,4,5,10,807,964,88,7.2,-8.9,28,777,8.7,10,0.18
1996,4,5,11,907,985,94,8.3,-10,24,778,3.6,10,0.18
1996,4,5,12,942,992,96,11.1,-10,20,779,6.6,30,0.18
1996,4,5,13,910,986,94,10.5,-10.6,19,779,4.6,330,0.18
1996,4,5,14,813,966,88,12.7,-11.2,16,780,7.7,30,0.18
1996,4,5,15,658,927,78,12.2,-12.3,15,779,2.5,10,0.18
1996,4,5,16,415,622,126,12.5,-11.4,16,779,0,0,0.18
1996,4,5,17,214,512,73,9.9,-13.3,16,779,0,0,0.18
1996,4,5,18,32,61,27,9.1,-11.4,20,778,0,0,0.18
1996,4,5,19,0,0,0,8.5,-12.5,19,778,0,0,0.18
1996,4,5,20,0,0,0,7.8,-11.4,22,778,0,0,0.18
1996,4,5,21,0,0,0,6.2,-9.5,29,777,0,0,0.18
1996,4,5,22,0,0,0,4.5,-9.5,32,777,0,0,0.18
1996,4,5,23,0,0,0,4.8,-9.6,31,777,0,0,0.18
1996,4,6,0,0,0,0,4.1,-10.6,30,776,0,0,0.18
1996,4,6,1,0,0,0,1.4,-9.6,40,776,0,0,0.18
1996,4,6,2,0,0,0,2.8,-9.7,36,776,0.5,260,0.18
1996,4,6,3,0,0,0,1.1,-8.7,44,776,1.3,280,0.18
1996,4,6,4,0,0,0,-0.5,-8.7,50,775,0.3,250,0.18
1996,4,6,5,0,0,0,-0.3,-8.8,48,775,1.1,280,0.18
1996,4,6,6,35,173,21,-0.9,-8.7,51,775,2.1,300,0.18
1996,4,6,7,224,634,51,4.4,-7.8,38,774,4.6,340,0.18
1996,4,6,8,446,807,74,7.2,-8.4,29,775,4.1,50,0.18
1996,4,6,9,648,891,92,10.2,-9.8,21,777,3.9,40,0.18
1996,4,6,10,806,935,105,12.7,-11.2,16,778,3.6,20,0.18
1996,4,6,11,906,957,113,13.8,-11.2,15,779,4.6,10,0.18
1996,4,6,12,940,964,115,14.4,-10,16,779,4.6,350,0.18
1996,4,6,13,907,957,113,15.5,-9.5,15,779,5.1,10,0.18
1996,4,6,14,809,934,105,15.5,-9.5,15,779,6.6,20,0.18
1996,4,6,15,653,890,93,14.3,-9.6,17,778,4.1,360,0.18
1996,4,6,16,425,689,102,13.1,-8.8,19,777,2,340,0.18
1996,4,6,17,205,461,76,10.9,-1.9,40,776,2,350,0.18
1996,4,6,18,32,47,28,8.7,-1,50,775,2,20,0.18
1996,4,6,19,0,0,0,4.5,-1.1,66,774,2.5,50,0.18
1996,4,6,20,0,0,0,5.3,-0.3,67,774,2.5,70,0.18
1996,4,6,21,0,0,0,2,-3.4,65,773,3.8,100,0.18
1996,4,6,22,0,0,0,3.8,-4.5,52,772,1.2,60,0.18
1996,4,6,23,0,0,0,3.6,-4.6,53,771,1.2,90,0.18
1996,4,7,0,0,0,0,4.4,-4.8,49,770,2.2,80,0.18
1996,4,7,1,0,0,0,3.2,-5,52,769,3.7,140,0.18
1996,4,7,2,0,0,0,2,-5,57,768,5.8,150,0.18
1996,4,7,3,0,0,0,1,-6,56,768,6.2,150,0.18
1996,4,7,4,0,0,0,1,-6,56,768,5.1,130,0.18
1996,4,7,5,0,0,0,1,-4,67,767,6.2,150,0.18
1996,4,7,6,34,50,29,4,-4,54,767,5.4,150,0.18
1996,4,7,7,232,604,64,6,-3,51,767,5.8,150,0.18
1996,4,7,8,305,268,180,8,-3,44,770,4.9,170,0.18
1996,4,7,9,601,719,149,9,-4,38,771,5.7,180,0.18
1996,4,7,10,484,128,387,11,-5,31,772,6.2,190,0.18
1996,4,7,11,738,552,279,12,-6,26,773,6.3,230,0.18
1996,4,7,12,333,0,333,13,-6,25,772,4.9,250,0.18
1996,4,7,13,611,145,490,13,-8,21,773,7.8,210,0.18
1996,4,7,14,634,416,319,13,-9,19,772,7.9,210,0.18
1996,4,7,15,476,242,323,13,-8,21,772,10.4,200,0.18
1996,4,7,16,131,106,81,12,-9,20,771,8.2,190,0.18
1996,4,7,17,139,76,117,11,-8,24,771,8.2,200,0.18
1996,4,7,18,27,22,25,8,-8,29,770,8.2,220,0.18
1996,4,7,19,0,0,0,5,-9,33,770,8.2,230,0.18
1996,4,7,20,0,0,0,5,-9,33,769,8.2,250,0.18
1996,4,7,21,0,0,0,4,-9,35,769,8.2,260,0.18
1996,4,7,22,0,0,0,2,-10,37,768,8.7,260,0.18
1996,4,7,23,0,0,0,3,-10,34,767,9.2,260,0.18
1996,4,8,0,0,0,0,2,-10,37,767,9.7,260,0.18
1996,4,8,1,0,0,0,2,-10,37,766,10.3,260,0.18
1996,4,8,2,0,0,0,1,-10,40,766,10.8,260,0.18
1996,4,8,3,0,0,0,2,-10,37,765,11.3,260,0.18
1996,4,8,4,0,0,0,-1,-9,50,765,11.8,260,0.18
1996,4,8,5,0,0,0,-2,-10,50,764,9.8,250,0.18
1996,4,8,6,54,269,30,-1,-9,50,764,7.7,230,0.18
1996,4,8,7,252,792,28,4,-8,38,765,5.7,220,0.18
1996,4,8,8,263,262,139,8,-7,32,767,1.5,290,0.18
1996,4,8,9,385,269,215,9,-7,29,768,2,300,0.18
1996,4,8,10,405,250,215,12,-8,22,768,2.6,320,0.18
1996,4,8,11,695,291,451,13,-7,23,768,3.1,330,0.18
1996,4,8,12,754,402,407,14,-7,21,767,3.6,340,0.18
1996,4,8,13,819,788,160,14,-8,19,767,7.2,250,0.18
1996,4,8,14,656,693,131,14,-7,21,766,5.1,260,0.18
1996,4,8,15,473,212,338,13,-8,21,766,7.7,230,0.18
1996,4,8,16,270,397,82,13,-8,21,766,5.7,230,0.18
1996,4,8,17,155,392,43,13,-7,23,766,4.1,220,0.18
1996,4,8,18,54,431,14,11.2,-5.8,28,767,2.2,230,0.18
1996,4,8,19,0,0,0,9.5,-3.6,38,767,1.8,300,0.18
1996,4,8,20,0,0,0,8.7,-3.4,41,767,2.9,30,0.18
1996,4,8,21,0,0,0,3,-5.2,52,768,2.6,310,0.18
1996,4,8,22,0,0,0,2.2,-6,51,768,4.2,250,0.18
1996,4,8,23,0,0,0,0.5,-5.8,59,769,4.3,250,0.18
1996,4,9,0,0,0,0,2.7,-5.7,51,769,0.8,340,0.18
1996,4,9,1,0,0,0,3,-5.5,51,770,4,250,0.18
1996,4,9,2,0,0,0,0.2,-5.3,63,770,4.1,250,0.18
1996,4,9,3,0,0,0,-1.5,-6.1,68,770,4.3,220,0.18
1996,4,9,4,0,0,0,-1.3,-5.9,68,769,3.8,230,0.18
1996,4,9,5,0,0,0,-1,-5.7,67,769,4,240,0.18
1996,4,9,6,56,466,14,2.2,-4.5,59,768,3.6,270,0.18
1996,4,9,7,257,799,28,10,-2.8,39,774,2.5,270,0.18
1996,4,9,8,476,916,41,14.4,-2.8,30,776,0,0,0.18
1996,4,9,9,538,600,156,17.2,-6.7,18,779,2.5,160,0.18
1996,4,9,10,752,776,161,17.7,-6.7,17,779,6.6,120,0.18
1996,4,9,11,499,276,267,19.4,-6.7,15,780,7.7,160,0.18
1996,4,9,12,768,541,299,19.4,-8.4,13,779,12.3,150,0.18
1996,4,9,13,615,139,498,19.4,-7.3,15,779,10.2,180,0.18
1996,4,9,14,628,395,327,20,-8.4,13,779,7.2,180,0.18
1996,4,9,15,402,214,265,18.5,-7.4,15,778,8.5,200,0.18
1996,4,9,16,363,364,190,18.1,-8.5,14,777,8.4,200,0.18
1996,4,9,17,166,340,68,15.7,-9.5,15,776,5.3,210,0.18
1996,4,9,18,54,410,16,13.2,-5.5,25,775,5.7,230,0.18
1996,4,9,19,0,0,0,8.7,-7.5,29,774,3.4,250,0.18
1996,4,9,20,0,0,0,7.3,-7.6,31,774,1.8,350,0.18
1996,4,9,21,0,0,0,8.8,-7.6,28,773,2.1,310,0.18
1996,4,9,22,0,0,0,3.4,-8.6,38,772,0.4,200,0.18
1996,4,9,23,0,0,0,3.9,-7.5,40,771,1.9,240,0.18
1996,4,10,0,0,0,0,3.5,-7.6,41,770,2.8,260,0.18
1996,4,10,1,0,0,0,2,-8.6,42,769,1.1,270,0.18
1996,4,10,2,0,0,0,0.5,-8.6,46,768,2,250,0.18
1996,4,10,3,0,0,0,-1,-8.7,52,767,2.8,280,0.18
1996,4,10,4,0,0,0,-3.3,-10.8,52,766,1.8,310,0.18
1996,4,10,5,0,0,0,-2.8,-9.9,54,765,2.6,290,0.18
1996,4,10,6,24,19,22,2.7,-6.7,47,764,2.5,280,0.18
1996,4,10,7,114,51,99,4.4,-6.2,43,766,2.5,70,0.18
1996,4,10,8,222,107,171,8.3,-6.2,33,768,0,0,0.18
1996,4,10,9,154,100,90,13.3,-7.3,22,770,4.1,80,0.18
1996,4,10,10,412,72,357,13.8,-8.4,19,770,8.2,150,0.18
1996,4,10,11,515,215,333,14.4,-7.3,20,770,8.2,150,0.18
1996,4,10,12,299,82,228,13.3,-7.3,22,769,5.1,180,0.18
1996,4,10,13,503,186,345,12.2,-6.2,26,768,6.1,140,0.18
1996,4,10,14,322,112,236,11.6,-6.2,27,768,9.2,240,0.18
1996,4,10,15,331,101,267,11,-6.1,28,768,10.1,240,0.18
1996,4,10,16,228,126,167,11.4,-6,27,768,9.5,270,0.18
1996,4,10,17,218,432,93,10.8,-5.9,29,767,8.9,290,0.18
1996,4,10,18,48,264,23,7.3,-0.8,56,767,8.2,310,0.18
1996,4,10,19,0,0,0,4.7,0.2,73,766,7.6,330,0.18
1996,4,10,20,0,0,0,3.1,-2.7,64,766,9,330,0.18
1996,4,10,21,0,0,0,3.5,-2.6,63,766,8.8,350,0.18
1996,4,10,22,0,0,0,2.3,-3,66,765,9.7,20,0.18
1996,4,10,23,0,0,0,1.1,-3.5,69,765,10.6,30,0.18
1996,4,11,0,0,0,0,0.2,-3.9,71,764,9.9,30,0.18
1996,4,11,1,0,0,0,-0.7,-4.4,73,764,8.8,30,0.18
1996,4,11,2,0,0,0,-1.5,-4.6,77,764,9.7,70,0.18
1996,4,11,3,0,0,0,-2,-5.1,77,763,11.1,40,0.18
1996,4,11,4,0,0,0,-0.6,-5,69,763,10.9,80,0.18
1996,4,11,5,0,0,0,-1.2,-6.9,62,763,13.5,90,0.18
1996,4,11,6,56,311,26,2.2,-2.8,68,762,9.2,300,0.18
1996,4,11,7,162,298,73,3.8,-1.2,69,764,10.8,310,0.18
1996,4,11,8,234,85,193,4.4,-1.7,63,765,8.2,320,0.18
1996,4,11,9,446,106,378,6.6,-3.4,47,766,7.2,300,0.18
1996,4,11,10,362,100,285,7.2,-3.4,45,767,8.7,320,0.18
1996,4,11,11,875,724,262,8,-3.7,42,768,7.2,330,0.18
1996,4,11,12,922,848,182,8.3,-3.9,40,768,5.6,330,0.18
1996,4,11,13,823,812,137,10,-5,33,769,7.7,320,0.18
1996,4,11,14,761,896,73,8.8,-6.2,32,768,10.2,340,0.18
1996,4,11,15,578,713,120,7.8,-6.8,33,767,9,320,0.18
1996,4,11,16,353,608,60,7.7,-7.2,32,767,10,280,0.18
1996,4,11,17,232,539,74,6.8,-7.8,32,767,9.3,250,0.18
1996,4,11,18,58,391,21,4.8,-8.2,35,766,4.6,240,0.18
1996,4,11,19,0,0,0,0.7,-9.8,41,766,5,170,0.18
1996,4,11,20,0,0,0,-0.3,-10.2,43,766,6.5,160,0.18
1996,4,11,21,0,0,0,-2.3,-10.8,48,765,4.3,100,0.18
1996,4,11,22,0,0,0,-5.3,-12.3,54,765,2.6,70,0.18
1996,4,11,23,0,0,0,-5.3,-12.7,52,765,0.9,40,0.18
1996,4,12,0,0,0,0,-7.3,-13.3,59,764,1.9,360,0.18
1996,4,12,1,0,0,0,-4.3,-11.7,52,764,1.6,350,0.18
1996,4,12,2,0,0,0,-3.3,-11.3,50,764,1.1,330,0.18
1996,4,12,3,0,0,0,-1.3,-11.7,41,763,0.9,340,0.18
1996,4,12,4,0,0,0,-0.3,-12.3,35,763,0.6,350,0.18
1996,4,12,5,0,0,0,-0.4,-11.7,38,763,0.3,360,0.18
1996,4,12,6,26,0,26,-2.3,-7.3,65,762,0,0,0.18
1996,4,12,7,161,197,102,1.6,-6.2,53,765,0,0,0.18
1996,4,12,8,397,230,285,3.3,-4.7,53,765,1.3,350,0.18
1996,4,12,9,461,146,366,4.4,-3.4,55,766,2.6,340,0.18
1996,4,12,10,414,82,351,4.9,-2.1,59,767,3.8,320,0.18
1996,4,12,11,260,0,260,5,-0.6,67,767,5.1,310,0.18
1996,4,12,12,269,0,269,2.2,1.1,92,766,3.6,330,0.18
1996,4,12,13,260,0,260,2.2,1.1,92,765,3.6,330,0.18
1996,4,12,14,235,0,235,5,2.2,82,765,3.6,10,0.18
1996,4,12,15,312,151,214,5.7,2.8,82,765,5.7,340,0.18
1996,4,12,16,291,110,238,5.4,1.4,75,765,3.2,40,0.18
1996,4,12,17,103,102,73,3.1,1.9,92,764,5.6,20,0.18
1996,4,12,18,38,39,34,2.8,2.5,98,764,3.6,50,0.18
1996,4,12,19,0,0,0,-0.5,-0.9,97,764,2.1,50,0.18
1996,4,12,20,0,0,0,-2.8,-2.8,100,763,2.2,160,0.18
1996,4,12,21,0,0,0,-3.1,-3.1,100,763,2.1,170,0.18
1996,4,12,22,0,0,0,-5.4,-5.4,100,763,1.7,170,0.18
1996,4,12,23,0,0,0,-4.6,-4.6,100,763,2.1,190,0.18
1996,4,13,0,0,0,0,-6.9,-6.9,100,762,1.7,190,0.18
1996,4,13,1,0,0,0,-7.2,-7.2,100,762,1.6,190,0.18
1996,4,13,2,0,0,0,-8.5,-8.5,100,762,1.7,210,0.18
1996,4,13,3,0,0,0,-8.8,-8.8,100,762,0.6,100,0.18
1996,4,13,4,0,0,0,-10.8,-10.8,100,761,1.8,200,0.18
1996,4,13,5,0,5,0,-12.4,-13.1,94,761,1.6,230,0.18
1996,4,13,6,68,374,29,-9.7,-9.7,100,761,3.7,270,0.18
1996,4,13,7,260,732,37,-5,-8.9,71,760,5.1,310,0.18
1996,4,13,8,480,888,43,-2.3,-7.8,62,763,6.1,310,0.18
1996,4,13,9,690,966,60,-2.3,-6.7,69,764,7.2,310,0.18
1996,4,13,10,785,903,85,-1.2,-5.6,69,765,8.2,310,0.18
1996,4,13,11,887,954,74,-1.2,-6.2,65,766,11.8,320,0.18
1996,4,13,12,922,973,67,0.5,-6.7,55,767,10.8,320,0.18
1996,4,13,13,886,955,74,1.6,-6.2,53,767,8.2,310,0.18
1996,4,13,14,575,596,114,3,-6.2,48,768,9.1,300,0.18
1996,4,13,15,648,748,163,4.3,-9.2,34,768,9.5,290,0.18
1996,4,13,16,350,436,138,4.7,-9.2,33,769,9.3,280,0.18
1996,4,13,17,249,659,52,4.1,-8.1,38,769,9.7,280,0.18
1996,4,13,18,58,337,24,1.4,-7.1,50,767,7.1,260,0.18
1996,4,13,19,0,4,0,-1.2,-4.1,78,766,7,240,0.18
1996,4,13,20,0,0,0,-2.8,-4.1,90,764,5.2,230,0.18
1996,4,13,21,0,0,0,-3.2,-4.6,89,764,6.7,210,0.18
1996,4,13,22,0,0,0,-3.1,-5.1,84,764,3,200,0.18
1996,4,13,23,0,0,0,-2.7,-6,76,764,3.4,220,0.18
1996,4,14,0,0,0,0,-2.4,-5,80,764,6.3,230,0.18
1996,4,14,1,0,0,0,-2,-5,78,763,4.6,240,0.18
1996,4,14,2,0,0,0,-2,-5,78,763,2.1,250,0.18
1996,4,14,3,0,0,0,-3,-6,77,762,3.1,260,0.18
1996,4,14,4,0,0,0,-3,-6,77,762,4.1,280,0.18
1996,4,14,5,0,0,0,-3,-6,77,763,3.1,250,0.18
1996,4,14,6,57,228,32,-2,-6,71,764,3.1,40,0.18
1996,4,14,7,243,572,66,2,-5,57,767,2.6,340,0.18
1996,4,14,8,468,755,94,5,-6,42,769,6.2,40,0.18
1996,4,14,9,398,358,162,6,-6,39,771,4.1,30,0.18
1996,4,14,10,731,715,174,7,-4,44,772,3.1,330,0.18
1996,4,14,11,253,0,253,8,-5,37,772,4.6,290,0.18
1996,4,14,12,883,740,231,9,-7,29,773,4.1,300,0.18
1996,4,14,13,869,850,143,9,-8,27,772,3.1,290,0.18
1996,4,14,14,798,862,130,11,-6,28,774,3.6,280,0.18
1996,4,14,15,641,805,117,11,-7,26,774,3.1,350,0.18
1996,4,14,16,460,748,93,11,-8,24,774,4.6,320,0.18
1996,4,14,17,238,572,65,10,-9,23,773,6.7,300,0.18
1996,4,14,18,52,206,30,7,-6,37,772,3.6,300,0.18
1996,4,14,19,0,0,0,4,-7,42,770,3.1,280,0.18
1996,4,14,20,0,0,0,2,-8,44,769,3.1,320,0.18
1996,4,14,21,0,0,0,1,-8,47,768,3.1,20,0.18
1996,4,14,22,0,0,0,-1,-7,60,767,2.6,10,0.18
1996,4,14,23,0,0,0,-2,-7,65,766,3.6,20,0.18
1996,4,15,0,0,0,0,-2,-6,71,766,2.6,350,0.18
1996,4,15,1,0,0,0,-3,-8,65,765,3.1,20,0.18
1996,4,15,2,0,0,0,-3,-8,65,765,3.1,350,0.18
1996,4,15,3,0,0,0,-4,-8,71,765,1.5,360,0.18
1996,4,15,4,0,0,0,-4,-8,71,765,2.6,10,0.18
1996,4,15,5,0,17,0,-4,-8,71,765,1.5,350,0.18
1996,4,15,6,76,501,19,-3,-8,65,767,3.6,330,0.18
1996,4,15,7,267,733,38,-1,-7,60,769,2.6,350,0.18
1996,4,15,8,439,782,48,5,-9,33,773,5.1,50,0.18
1996,4,15,9,649,824,104,8,-11,22,775,3.6,60,0.18
1996,4,15,10,825,970,66,10,-9,23,776,1.5,70,0.18
1996,4,15,11,865,927,69,12,-8,22,777,2.6,110,0.18
1996,4,15,12,967,1011,73,13,-4,29,778,2.1,70,0.18
1996,4,15,13,911,980,71,13,-6,25,777,2.1,60,0.18
1996,4,15,14,731,768,133,14,-6,23,778,1.5,150,0.18
1996,4,15,15,683,955,58,14,-7,21,778,2.6,230,0.18
1996,4,15,16,484,887,47,14,-7,21,778,3.1,190,0.18
1996,4,15,17,270,777,33,13,-7,23,777,4.6,310,0.18
1996,4,15,18,67,429,22,8.8,-3.1,42,775,4,300,0.18
1996,4,15,19,0,9,0,6.6,-7.2,34,773,3.9,330,0.18
1996,4,15,20,0,0,0,3.4,-4.3,55,770,2.3,260,0.18
1996,4,15,21,0,0,0,0.3,-4.4,68,768,1.8,270,0.18
1996,4,15,22,0,0,0,0.1,-7.5,53,767,1.1,290,0.18
1996,4,15,23,0,0,0,-2.1,-6.6,68,765,2.6,250,0.18
1996,4,16,0,0,0,0,-3.3,-6.7,75,764,3,250,0.18
1996,4,16,1,0,0,0,-3.5,-6.8,75,762,2.4,220,0.18
1996,4,16,2,0,0,0,-3.7,-6.9,76,762,3.8,240,0.18
1996,4,16,3,0,0,0,-3.8,-8,70,761,3.3,230,0.18
1996,4,16,4,0,0,0,-5,-8.1,76,760,3.7,230,0.18
1996,4,16,5,0,1,0,-5.2,-8.2,77,760,3.1,210,0.18
1996,4,16,6,36,0,36,-3.4,-7.3,72,762,3,220,0.18
1996,4,16,7,113,0,113,3.3,-5.6,49,766,2,150,0.18
1996,4,16,8,355,309,200,6.1,-10,28,768,5.1,160,0.18
1996,4,16,9,566,355,331,8.3,-11.2,21,770,6.6,130,0.18
1996,4,16,10,523,166,393,10.5,-10.6,19,771,7.7,140,0.18
1996,4,16,11,787,467,384,12.7,-10.6,17,771,12.3,200,0.18
1996,4,16,12,512,67,452,13.8,-10.6,16,771,6.6,200,0.18
1996,4,16,13,331,0,331,13.8,-12.8,13,771,9.7,200,0.18
1996,4,16,14,300,0,300,12.7,-10,18,770,10.2,210,0.18
1996,4,16,15,282,15,272,13,-11.5,15,770,8.4,250,0.18
1996,4,16,16,150,21,139,13.3,-13,13,769,7.1,230,0.18
1996,4,16,17,35,0,35,13.7,-11.5,14,769,8.4,250,0.18
1996,4,16,18,34,4,33,9,-8,27,769,6.5,210,0.18
1996,4,16,19,0,0,0,4.3,-5.4,47,768,5.2,190,0.18
1996,4,16,20,0,0,0,1.6,-5.9,54,768,5.5,200,0.18
1996,4,16,21,0,0,0,1,-6.4,54,767,6,210,0.18
1996,4,16,22,0,0,0,-0.7,-5.9,64,767,6.5,210,0.18
1996,4,16,23,0,0,0,-0.4,-6.4,60,767,5.2,160,0.18
1996,4,17,0,0,0,0,-1.1,-6.9,61,766,5.5,170,0.18
1996,4,17,1,0,0,0,-1.7,-6.4,67,766,6.2,180,0.18
1996,4,17,2,0,0,0,-1.4,-5.9,68,766,8,220,0.18
1996,4,17,3,0,0,0,-1.1,-5.3,70,765,6.7,230,0.18
1996,4,17,4,0,0,0,-0.8,-4.8,71,765,7.4,230,0.18
1996,4,17,5,0,0,0,-0.4,-4.4,72,765,8.2,240,0.18
1996,4,17,6,35,22,33,1.9,-2.8,69,764,6.4,240,0.18
1996,4,17,7,198,10,194,7.2,-2.3,50,764,10.2,250,0.18
1996,4,17,8,249,77,209,7.8,-2.5,47,764,9.2,260,0.18
1996,4,17,9,359,86,301,7.7,-2.8,46,765,8.2,260,0.18
1996,4,17,10,560,144,446,8.2,-2.6,45,765,8.5,250,0.18
1996,4,17,11,624,131,510,8.3,-2.3,46,766,8.7,240,0.18
1996,4,17,12,389,113,289,11.1,-3.4,35,767,12.8,250,0.18
1996,4,17,13,255,0,255,7.2,-1.2,54,765,8.2,300,0.18
1996,4,17,14,228,0,228,2.2,0.5,89,764,6.1,310,0.18
1996,4,17,15,185,0,185,3.3,-0.9,73,764,5.3,290,0.18
1996,4,17,16,129,0,129,3.4,-2.3,65,764,5.4,290,0.18
1996,4,17,17,85,0,85,4.5,-3.7,53,764,3,300,0.18
1996,4,17,18,34,13,32,-0.4,-0.4,100,764,3.2,290,0.18
1996,4,17,19,0,0,0,-4.3,-4.3,100,764,1.2,270,0.18
1996,4,17,20,0,0,0,-4.2,-4.2,100,764,2.5,290,0.18
1996,4,17,21,0,0,0,-5.1,-5.1,100,764,2.1,300,0.18
1996,4,17,22,0,0,0,-4,-4,100,764,1.7,310,0.18
1996,4,17,23,0,0,0,-4.9,-4.9,100,764,4,250,0.18
1996,4,18,0,0,0,0,-4.8,-4.8,100,764,4.6,210,0.18
1996,4,18,1,0,0,0,-5.7,-5.7,100,764,5.3,200,0.18
1996,4,18,2,0,0,0,-4.6,-4.6,100,764,5,200,0.18
1996,4,18,3,0,0,0,-3.5,-3.5,100,764,3.6,200,0.18
1996,4,18,4,0,0,0,-2.4,-2.4,100,764,2.7,230,0.18
1996,4,18,5,0,8,0,-2.3,-2.3,100,764,4.4,260,0.18
1996,4,18,6,64,138,47,3.8,-1.7,66,764,6.1,210,0.18
1996,4,18,7,254,466,102,5,-2.3,58,765,11.3,230,0.18
1996,4,18,8,467,684,118,5.5,-2.3,56,765,11.3,220,0.18
1996,4,18,9,665,880,75,7.7,-2.8,46,766,15.4,210,0.18
1996,4,18,10,814,911,92,7.7,-4.5,40,766,15.4,240,0.18
1996,4,18,11,903,795,213,5,-3.8,51,765,14.1,270,0.18
1996,4,18,12,879,709,246,1.9,-3,68,764,12.8,300,0.18
1996,4,18,13,833,631,288,-1.2,-2.3,91,763,9.7,300,0.18
1996,4,18,14,779,732,203,1.6,-3.9,64,765,10.2,290,0.18
1996,4,18,15,607,587,219,1.5,-6.1,54,765,9.9,290,0.18
1996,4,18,16,425,563,143,0.4,-8.3,48,765,10.1,280,0.18
1996,4,18,17,254,495,99,-2.7,-11.5,47,765,11.9,290,0.18
1996,4,18,18,71,223,46,-4,-11,54,765,8.6,290,0.18
1996,4,18,19,0,2,0,-5.3,-12.6,53,765,9.3,280,0.18
1996,4,18,20,0,0,0,-6.6,-10.1,74,765,10.6,300,0.18
1996,4,18,21,0,0,0,-7.9,-7.9,100,765,10.8,300,0.18
1996,4,18,22,0,0,0,-8.3,-8.3,100,766,9.5,310,0.18
1996,4,18,23,0,0,0,-8.6,-8.6,100,766,10.2,300,0.18
1996,4,19,0,0,0,0,-8.8,-8.8,100,766,10.4,310,0.18
1996,4,19,1,0,0,0,-10.1,-10.1,100,766,7.5,310,0.18
1996,4,19,2,0,0,0,-10.4,-10.4,100,766,4.8,300,0.18
1996,4,19,3,0,0,0,-10.7,-10.7,100,766,4.5,290,0.18
1996,4,19,4,0,0,0,-11,-11.4,96,766,2.1,310,0.18
1996,4,19,5,0,5,0,-9.3,-11,86,766,3.3,320,0.18
1996,4,19,6,78,333,35,-5.6,-9.5,71,766,2.5,340,0.18
1996,4,19,7,285,672,64,-1.7,-9.5,51,769,3,60,0.18
1996,4,19,8,511,820,88,-0.6,-9.5,47,770,2.5,30,0.18
1996,4,19,9,711,895,108,0.5,-7.8,50,771,5.1,20,0.18
1996,4,19,10,865,936,121,1.6,-10.6,36,772,6.6,40,0.18
1996,4,19,11,961,956,128,2.7,-10.6,33,772,2.5,70,0.18
1996,4,19,12,992,962,130,5.5,-11.7,25,773,6.1,270,0.18
1996,4,19,13,904,898,125,6.5,-12.8,21,773,4.3,280,0.18
1996,4,19,14,804,866,122,7.2,-13.9,18,773,2.5,280,0.18
1996,4,19,15,665,776,150,6.8,-9.4,28,772,2.4,270,0.18
1996,4,19,16,419,494,171,9.3,-9.9,22,772,2.4,260,0.18
1996,4,19,17,245,262,162,9.9,-10.4,21,771,2,280,0.18
1996,4,19,18,59,56,52,8.3,-9.8,24,771,0,0,0.18
1996,4,19,19,0,0,0,6.9,-10.3,25,770,0,0,0.18
1996,4,19,20,0,0,0,6.4,-10.7,25,770,0,0,0.18
1996,4,19,21,0,0,0,7.9,-10.2,24,769,0,0,0.18
1996,4,19,22,0,0,0,7.4,-10.6,24,769,0.9,350,0.18
1996,4,19,23,0,0,0,6.8,-13.1,20,768,2,360,0.18
1996,4,20,0,0,0,0,7.4,-13.5,18,768,1.5,280,0.18
1996,4,20,1,0,0,0,8.8,-14,16,767,1,260,0.18
1996,4,20,2,0,0,0,10.3,-14.4,14,767,0,0,0.18
1996,4,20,3,0,0,0,12.9,-13.9,12,767,1.4,20,0.18
1996,4,20,4,0,0,0,13.3,-15.3,11,766,1.9,350,0.18
1996,4,20,5,1,0,1,14.9,-15.8,9,766,3.1,280,0.18
1996,4,20,6,63,21,60,21.3,-15.2,6,765,3.6,290,0.18
1996,4,20,7,265,483,104,28.8,-13.9,5,765,5.1,310,0.18
1996,4,20,8,404,453,169,3.3,-13.4,25,764,6.1,300,0.18
1996,4,20,9,643,528,285,2.7,-8.4,40,765,7.2,310,0.18
1996,4,20,10,575,402,253,1.6,-5,59,765,8.2,320,0.18
1996,4,20,11,937,846,197,2.1,-5.4,55,765,9.2,320,0.18
1996,4,20,12,939,893,137,2.2,-5.6,53,766,10.2,310,0.18
1996,4,20,13,621,431,246,1.6,-5,59,767,7.7,300,0.18
1996,4,20,14,658,466,289,3.3,-7.8,41,767,7.2,320,0.18
1996,4,20,15,665,659,226,1.4,-7.9,46,768,9.6,290,0.18
1996,4,20,16,480,690,132,1.4,-7,50,768,6.9,280,0.18
1996,4,20,17,247,491,91,-0.5,-3.1,80,769,8.8,240,0.18
1996,4,20,18,52,17,50,-1.9,-3,91,769,7.1,240,0.18
1996,4,20,19,0,0,0,-3.2,-4.9,87,769,4.8,190,0.18
1996,4,20,20,0,0,0,-5.7,-6.7,92,769,4.2,190,0.18
1996,4,20,21,0,0,0,-6,-7.6,87,769,4.5,220,0.18
1996,4,20,22,0,0,0,-6.3,-9.5,76,769,10,240,0.18
1996,4,20,23,0,0,0,-7.7,-10.4,79,769,10.4,250,0.18
1996,4,21,0,0,0,0,-5.1,-9.2,70,768,7.5,250,0.18
1996,4,21,1,0,0,0,-6.5,-10.1,73,768,7.4,240,0.18
1996,4,21,2,0,0,0,-4.8,-9,69,768,6.2,240,0.18
1996,4,21,3,0,0,0,-5.2,-10.8,61,767,4.6,230,0.18
1996,4,21,4,0,0,0,-5.7,-11.5,60,766,4.1,270,0.18
1996,4,21,5,0,0,0,-6.1,-12.3,58,765,4.6,280,0.18
1996,4,21,6,29,0,29,-0.5,-7.1,57,764,9.3,300,0.18
1996,4,21,7,81,0,81,5.6,-4.3,47,767,9.3,270,0.18
1996,4,21,8,156,0,156,10.6,-6.6,27,770,8.2,290,0.18
1996,4,21,9,208,0,208,13.9,-6.6,22,772,7.7,290,0.18
1996,4,21,10,314,41,281,14.4,-4.3,26,772,8.7,270,0.18
1996,4,21,11,450,105,358,15,-2.1,30,773,7.2,290,0.18
1996,4,21,12,443,121,334,15.6,-2.1,29,772,8.5,290,0.18
1996,4,21,13,627,204,449,15.6,-3.8,25,772,9.8,280,0.18
1996,4,21,14,502,232,318,15,-4.9,24,772,8.7,310,0.18
1996,4,21,15,170,0,170,16,-4.6,23,771,4.1,300,0.18
1996,4,21,16,127,0,127,16,-5.2,22,770,10.3,280,0.18
1996,4,21,17,76,0,76,16,-4.9,22,770,8.7,270,0.18
1996,4,21,18,25,0,25,12.1,-5.5,27,769,5.7,220,0.18
1996,4,21,19,0,0,0,9.1,-4.2,37,769,6.2,200,0.18
1996,4,21,20,0,0,0,6.1,-4.8,43,768,6.2,220,0.18
1996,4,21,21,0,0,0,3.1,-4.5,55,768,4.1,170,0.18
1996,4,21,22,0,0,0,2.1,-2.1,72,767,3.1,180,0.18
1996,4,21,23,0,0,0,2.1,-1.8,74,767,7.7,230,0.18
1996,4,22,0,0,0,0,1.1,-2.4,76,766,0,0,0.18
1996,4,22,1,0,0,0,0.1,-1.1,91,766,4.6,280,0.18
1996,4,22,2,0,0,0,-1.9,-1.9,100,765,4.1,300,0.18
1996,4,22,3,0,0,0,-1.8,-1.8,100,765,5.1,300,0.18
1996,4,22,4,0,0,0,-2.8,-2.8,100,764,7.7,310,0.18
1996,4,22,5,0,0,0,-0.8,-0.8,100,763,6.2,290,0.18
1996,4,22,6,37,0,37,2.2,1.7,96,763,3.1,310,0.18
1996,4,22,7,99,0,99,4.4,2.2,86,765,7.7,290,0.18
1996,4,22,8,158,0,158,6.7,2.8,76,767,9.8,290,0.18
1996,4,22,9,220,44,189,9.4,1.7,59,769,10.3,310,0.18
1996,4,22,10,566,368,270,10.6,-1.6,42,770,11.3,310,0.18
1996,4,22,11,843,661,262,12.2,-3.2,33,771,13.9,320,0.18
1996,4,22,12,680,354,359,12.8,-1,38,771,10.3,300,0.18
1996,4,22,13,678,461,275,14.1,-2.4,31,772,10.8,300,0.18
1996,4,22,14,637,578,177,15,-3.8,26,772,8.7,310,0.18
1996,4,22,15,447,246,282,15.1,-3.7,26,772,7.7,320,0.18
1996,4,22,16,484,747,103,15.1,-4.6,24,772,6.7,300,0.18
1996,4,22,17,285,780,33,13.2,-5.6,25,772,9.3,340,0.18
1996,4,22,18,71,419,18,11.5,-6.7,26,772,5.5,360,0.18
1996,4,22,19,0,36,0,9.6,-4.8,34,772,7.8,350,0.18
1996,4,22,20,0,0,0,2.9,-5.9,49,772,5.6,50,0.18
1996,4,22,21,0,0,0,2.2,-5,56,772,8.5,100,0.18
1996,4,22,22,0,0,0,2.4,-3.1,65,773,3.6,60,0.18
1996,4,22,23,0,0,0,-1.4,-5.2,73,773,1.4,70,0.18
1996,4,23,0,0,0,0,-0.1,-4.3,70,773,1.7,90,0.18
1996,4,23,1,0,0,0,-0.8,-4.4,74,773,4.6,100,0.18
1996,4,23,2,0,0,0,-0.7,-4.5,73,774,5.4,140,0.18
1996,4,23,3,0,0,0,-0.4,-4.6,70,774,1.6,140,0.18
1996,4,23,4,0,0,0,-4.1,-7.9,72,774,1.4,160,0.18
1996,4,23,5,2,47,1,-1,-5.1,71,774,2.2,230,0.18
1996,4,23,6,105,544,25,3.3,-3.9,57,774,3.6,270,0.18
1996,4,23,7,317,800,41,9.4,-4.5,36,778,2,270,0.18
1996,4,23,8,536,905,57,13.8,-3.9,28,781,0,0,0.18
1996,4,23,9,728,959,69,15,-4.5,25,782,5.1,150,0.18
1996,4,23,10,876,989,77,15.5,-4.5,24,783,6.1,120,0.18
1996,4,23,11,826,833,92,16.6,-5,21,783,6.1,140,0.18
1996,4,23,12,953,956,87,17.7,-4.9,20,784,7.2,150,0.18
1996,4,23,13,960,1003,81,18.8,-5,19,784,8.2,150,0.18
1996,4,23,14,862,986,76,18.8,-4.5,19,783,6.1,160,0.18
1996,4,23,15,669,895,67,19.9,-4.5,18,782,6.1,170,0.18
1996,4,23,16,444,501,187,18.9,-4.6,19,781,8.5,290,0.18
1996,4,23,17,297,715,64,18,-6.6,17,781,5.4,350,0.18
1996,4,23,18,68,57,61,15.1,-5.6,22,780,6.9,80,0.18
1996,4,23,19,0,3,0,11.2,-6.6,26,779,5.2,180,0.18
1996,4,23,20,0,0,0,12.3,-7.7,22,778,6.7,200,0.18
1996,4,23,21,0,0,0,8.3,-7.7,29,778,6.1,240,0.18
1996,4,23,22,0,0,0,7.4,-7.7,31,777,2.9,90,0.18
1996,4,23,23,0,0,0,6.5,-6.7,36,776,0.9,120,0.18
1996,4,24,0,0,0,0,8.5,-5.8,34,775,2.2,320,0.18
1996,4,24,1,0,0,0,7.6,-5.8,36,774,8.8,170,0.18
1996,4,24,2,0,0,0,0.7,-5.8,58,774,5.7,110,0.18
1996,4,24,3,0,0,0,5.8,-4.8,44,773,4,130,0.18
1996,4,24,4,0,0,0,-1.2,-5.9,67,772,1.9,250,0.18
1996,4,24,5,2,8,2,-2.1,-5.9,72,771,4.3,310,0.18
1996,4,24,6,58,30,53,5,-3.9,51,771,2,330,0.18
1996,4,24,7,305,690,64,11.6,-4.5,31,774,0,0,0.18
1996,4,24,8,170,89,122,17.7,-6.2,18,778,6.6,260,0.18
1996,4,24,9,489,112,411,18.3,-3.9,21,778,6.6,220,0.18
1996,4,24,10,553,186,402,19.4,-5.6,17,780,9.2,230,0.18
1996,4,24,11,912,884,130,21.1,-3.9,18,779,8.7,240,0.18
1996,4,24,12,920,878,123,21.6,-3.9,17,779,9.2,260,0.18
1996,4,24,13,911,852,162,22.2,-3.4,17,778,10.2,240,0.18
1996,4,24,14,855,885,147,22.7,-3.9,16,778,10.2,260,0.18
1996,4,24,15,719,902,110,23.1,-2.8,17,778,11.3,290,0.18
1996,4,24,16,440,483,191,22.6,-3.2,17,777,14,320,0.18
1996,4,24,17,271,469,117,20.9,-3.5,18,776,12,340,0.18
1996,4,24,18,73,222,44,18.4,-2.4,24,776,10,20,0.18
1996,4,24,19,0,8,0,13.8,-2.3,32,775,8,30,0.18
1996,4,24,20,0,0,0,11.3,-1.1,42,775,8.6,360,0.18
1996,4,24,21,0,0,0,7.7,-0.1,58,774,10.2,40,0.18
1996,4,24,22,0,0,0,7.2,-1.9,51,773,7.3,200,0.18
1996,4,24,23,0,0,0,4.5,-1.7,63,773,5.2,150,0.18
1996,4,25,0,0,0,0,3.9,-2.6,61,772,5.3,170,0.18
1996,4,25,1,0,0,0,1.4,-2.4,74,771,8,90,0.18
1996,4,25,2,0,0,0,0.8,-3.4,71,771,9.6,130,0.18
1996,4,25,3,0,0,0,-0.4,-3.4,78,770,7,170,0.18
1996,4,25,4,0,0,0,-2.7,-4.4,87,770,9.7,150,0.18
1996,4,25,5,2,26,2,-4,-4.4,97,769,9.3,160,0.18
1996,4,25,6,104,471,31,-1.3,-2.4,91,768,5.8,290,0.18
1996,4,25,7,303,620,84,3.8,-0.6,73,768,6.6,330,0.18
1996,4,25,8,518,843,65,8.3,-1.2,51,771,7.2,350,0.18
1996,4,25,9,695,827,121,10.8,-1.8,41,773,8.2,330,0.18
1996,4,25,10,815,851,123,12.7,-2.3,34,774,9.2,310,0.18
1996,4,25,11,878,762,202,14.4,-2.3,31,775,8.7,290,0.18
1996,4,25,12,968,967,87,15.5,-1.7,30,776,7.2,300,0.18
1996,4,25,13,961,1007,74,16.6,-1.2,29,777,7.7,310,0.18
1996,4,25,14,864,991,69,16.6,-1.7,28,778,7.2,290,0.18
1996,4,25,15,712,962,61,16,-2.4,28,777,8.1,330,0.18
1996,4,25,16,481,835,49,16.5,-2.5,26,777,6.8,280,0.18
1996,4,25,17,227,540,49,14.5,-2.8,29,776,7.2,280,0.18
1996,4,25,18,93,535,21,12.4,-2.1,36,776,5,250,0.18
1996,4,25,19,1,41,0,10.3,-3.5,36,776,3.3,250,0.18
1996,4,25,20,0,0,0,5.3,0.1,69,775,2.1,260,0.18
1996,4,25,21,0,0,0,4.3,-2.3,61,775,3,230,0.18
1996,4,25,22,0,0,0,2.3,-2.7,68,774,2.9,220,0.18
1996,4,25,23,0,0,0,1.2,-3,71,774,3.2,210,0.18
1996,4,26,0,0,0,0,1.1,-4.3,64,774,3,180,0.18
1996,4,26,1,0,0,0,0.1,-4.7,67,773,1.9,130,0.18
1996,4,26,2,0,0,0,0,-5.1,65,773,1.2,150,0.18
1996,4,26,3,0,0,0,-0.8,-5.5,67,772,1.1,110,0.18
1996,4,26,4,0,0,0,-0.6,-5.8,64,772,1.9,110,0.18
1996,4,26,5,3,59,2,-0.5,-6.2,62,772,1.2,70,0.18
1996,4,26,6,115,551,27,2.7,-5.6,51,771,0,0,0.18
1996,4,26,7,326,793,43,8.3,-3.9,40,775,1.5,40,0.18
1996,4,26,8,542,895,59,12.7,-3.4,31,778,3,60,0.18
1996,4,26,9,732,949,71,15,-3.9,26,779,2,80,0.18
1996,4,26,10,877,978,79,18.8,-4.5,19,781,4.6,310,0.18
1996,4,26,11,907,878,126,18.8,-4.5,19,780,5.6,280,0.18
1996,4,26,12,956,872,160,19.4,-3.9,20,782,8.2,280,0.18
1996,4,26,13,529,162,385,18.8,-2.8,22,781,6.6,300,0.18
1996,4,26,14,771,639,258,19.5,-3.1,21,780,4.3,280,0.18
1996,4,26,15,389,203,251,19.2,-2.4,22,779,6.6,210,0.18
1996,4,26,16,249,207,141,19.8,-3.8,19,778,3.3,200,0.18
1996,4,26,17,278,582,84,17.5,-3.1,24,777,3.1,200,0.18
1996,4,26,18,77,161,54,13.2,-1.4,36,776,3.3,150,0.18
1996,4,26,19,0,0,0,10.9,0.3,48,776,1.6,230,0.18
1996,4,26,20,0,0,0,9.6,-0.1,51,775,1.4,140,0.18
1996,4,26,21,0,0,0,6.3,0.6,67,774,1.6,180,0.18
1996,4,26,22,0,0,0,6.9,-0.7,58,773,0.3,180,0.18
1996,4,26,23,0,0,0,6.6,0,63,772,2.1,160,0.18
1996,4,27,0,0,0,0,6.3,0.6,67,771,2.9,150,0.18
1996,4,27,1,0,0,0,9,-2.7,43,770,2.7,120,0.18
1996,4,27,2,0,0,0,6.7,-2,53,769,1.9,110,0.18
1996,4,27,3,0,0,0,5.4,-2.3,56,768,2.2,70,0.18
1996,4,27,4,0,0,0,7,-3.7,45,767,2,50,0.18
1996,4,27,5,2,12,2,5.7,-3,52,766,1.7,30,0.18
1996,4,27,6,87,283,40,4.4,-2.3,60,765,0,0,0.18
1996,4,27,7,288,586,77,11.6,-1.2,41,769,9.7,310,0.18
1996,4,27,8,487,720,96,12.2,-3.4,32,771,10.2,300,0.18
1996,4,27,9,720,871,110,14.4,-3.4,28,772,10.2,300,0.18
1996,4,27,10,808,834,125,15,-3.9,26,773,8.7,300,0.18
1996,4,27,11,911,863,141,15.5,-4.5,24,773,10.8,310,0.18
1996,4,27,12,925,855,143,16.6,-5.6,20,774,7.7,320,0.18
1996,4,27,13,892,848,140,16.6,-6.7,18,774,7.7,320,0.18
1996,4,27,14,855,910,122,17.7,-7.3,16,775,9.7,300,0.18
1996,4,27,15,701,869,109,16.7,-6.7,18,775,7.7,290,0.18
1996,4,27,16,504,796,89,15.8,-4.1,24,774,10.3,170,0.18
1996,4,27,17,269,547,85,16.8,-8.5,16,774,7.7,160,0.18
1996,4,27,18,77,102,63,15.8,-9.9,15,774,8.1,30,0.18
1996,4,27,19,0,6,0,6.8,-5.3,40,773,7.1,350,0.18
1996,4,27,20,0,0,0,4.9,-5.7,44,773,5.5,30,0.18
1996,4,27,21,0,0,0,1.9,-6,53,773,6.9,320,0.18
1996,4,27,22,0,0,0,3.9,-7.4,40,773,4.4,80,0.18
1996,4,27,23,0,0,0,-1.1,-6.8,62,772,1.7,40,0.18
1996,4,28,0,0,0,0,0,-8.2,50,772,3.7,290,0.18
1996,4,28,1,0,0,0,-1,-7.6,57,772,2.1,270,0.18
1996,4,28,2,0,0,0,-1,-8,55,772,2.1,270,0.18
1996,4,28,3,0,0,0,0,-9,46,771,2.6,270,0.18
1996,4,28,4,0,0,0,-1,-8,55,771,2.1,260,0.18
1996,4,28,5,5,93,2,-1,-8,55,771,3.1,270,0.18
1996,4,28,6,125,607,24,11,-8,24,770,2.1,290,0.18
1996,4,28,7,346,846,38,14,-11,15,773,4.1,150,0.18
1996,4,28,8,502,826,51,16,-9,16,776,3.6,140,0.18
1996,4,28,9,746,973,63,17,-9,15,778,7.2,130,0.18
1996,4,28,10,815,908,70,18,-9,14,779,5.7,140,0.18
1996,4,28,11,966,995,76,18,-10,13,780,7.7,150,0.18
1996,4,28,12,958,870,160,18,-10,13,781,6.2,140,0.18
1996,4,28,13,926,954,80,19,-13,9,781,7.2,160,0.18
1996,4,28,14,745,711,170,17,-12,11,781,7.7,170,0.18
1996,4,28,15,667,831,98,18,-12,11,781,8.2,190,0.18
1996,4,28,16,497,796,81,17,-12,11,780,8.7,210,0.18
1996,4,28,17,290,747,37,15,-13,12,779,7.2,180,0.18
1996,4,28,18,84,406,27,6,-6,39,779,4.1,180,0.18
1996,4,28,19,1,2,1,2,-4,62,778,4.6,210,0.18
1996,4,28,20,0,0,0,1,-4,67,777,2.6,210,0.18
1996,4,28,21,0,0,0,0,-5,66,776,3.1,260,0.18
1996,4,28,22,0,0,0,-1,-6,66,776,4.6,250,0.18
1996,4,28,23,0,0,0,-1,-6,66,775,4.1,260,0.18
1996,4,29,0,0,0,0,-1,-6,66,774,0,0,0.18
1996,4,29,1,0,0,0,-2,-7,65,773,2.1,190,0.18
1996,4,29,2,0,0,0,-1,-6,66,773,2.1,230,0.18
1996,4,29,3,0,0,0,-2,-6,71,772,0,0,0.18
1996,4,29,4,0,0,0,-2,-6,71,771,2.1,270,0.18
1996,4,29,5,6,14,5,-3,-6,77,771,2.6,310,0.18
1996,4,29,6,97,161,69,-2,-6,71,770,1.5,350,0.18
1996,4,29,7,130,0,130,-2,-5,78,774,2.1,290,0.18
1996,4,29,8,555,682,181,1,-5,61,779,4.6,230,0.18
1996,4,29,9,267,0,267,2,-6,52,779,5.1,150,0.18
1996,4,29,10,314,0,314,4,-5,49,779,5.1,130,0.18
1996,4,29,11,343,0,343,4,-7,42,780,4.1,150,0.18
1996,4,29,12,494,125,378,5,-9,33,780,3.6,120,0.18
1996,4,29,13,932,828,196,5,-9,33,779,4.6,280,0.18
1996,4,29,14,735,755,123,5,-10,30,779,7.2,240,0.18
1996,4,29,15,668,767,142,4,-13,24,779,4.6,280,0.18
1996,4,29,16,465,584,157,5,-12,25,778,4.6,300,0.18
1996,4,29,17,224,321,114,4,-11,29,777,5.1,290,0.18
1996,4,29,18,49,56,40,2.4,-8.6,40,777,2.9,310,0.18
1996,4,29,19,2,46,1,1.7,-11.3,33,776,1.8,330,0.18
1996,4,29,20,0,0,0,1.1,-9.9,40,776,1,340,0.18
1996,4,29,21,0,0,0,0.5,-10.5,39,775,0,0,0.18
1996,4,29,22,0,0,0,-0.2,-10.2,42,774,0,0,0.18
1996,4,29,23,0,0,0,0.2,-10.8,39,774,0.5,300,0.18
1996,4,30,0,0,0,0,1.6,-10.4,37,773,1,240,0.18
1996,4,30,1,0,0,0,2,-11,34,773,0,0,0.18
1996,4,30,2,0,0,0,2.3,-9.7,37,772,0.6,360,0.18
1996,4,30,3,0,0,0,2.7,-9.3,37,771,3.5,310,0.18
1996,4,30,4,0,0,0,2.1,-9.9,37,771,3.3,300,0.18
1996,4,30,5,6,45,4,2.4,-10.6,34,770,0,0,0.18
1996,4,30,6,127,557,30,3.8,-11.2,29,770,2,310,0.18
1996,4,30,7,341,792,48,10.5,-13.4,15,774,4.1,300,0.18
1996,4,30,8,559,895,65,12.7,-12.3,14,775,5.1,260,0.18
1996,4,30,9,749,949,78,13.3,-11.7,15,776,3,300,0.18
1996,4,30,10,895,978,87,14.4,-11.2,14,777,5.6,300,0.18
1996,4,30,11,984,993,92,16.1,-12.3,12,778,7.2,340,0.18
1996,4,30,12,1012,997,93,16.1,-10,14,779,7.2,340,0.18
1996,4,30,13,975,991,91,18.3,-10.6,12,780,7.7,320,0.18
1996,4,30,14,876,974,86,17.7,-8.4,15,779,8.7,300,0.18
1996,4,30,15,717,932,76,17.7,-7.9,15,779,11.7,300,0.18
1996,4,30,16,525,874,63,17.8,-7.3,16,778,9.2,30,0.18
1996,4,30,17,310,768,46,17.9,-5.9,18,778,10.3,10,0.18
1996,4,30,18,101,499,28,16,-6.4,20,777,11,30,0.18
1996,4,30,19,2,36,1,12,-5.9,27,777,8.9,50,0.18
1996,4,30,20,0,0,0,11.2,-5.4,29,776,11.4,30,0.18
1996,4,30,21,0,0,0,9.5,-4.8,34,776,10.1,10,0.18
1996,4,30,22,0,0,0,7.7,-4.3,35,775,8.7,20,0.18
1996,4,30,23,0,0,0,6,-3.8,39,775,7.4,360,0.18
2001,5,1,0,0,0,0,4.2,-3.4,64,769,6.1,260,0.18
2001,5,1,1,0,0,0,2.5,-2.9,73,767,4.8,0,0.18
2001,5,1,2,0,0,0,0.7,-2.4,79,766,3.4,340,0.18
2001,5,1,3,0,0,0,-1,-2,92,765,2.1,320,0.18
2001,5,1,4,0,0,0,0.4,-2.8,77,766,2.4,300,0.18
2001,5,1,5,0,0,0,3,-3,63,767,2.6,280,0.18
2001,5,1,6,129,583,26,11,-2,39,772,4.6,270,0.18
2001,5,1,7,350,805,50,16,-3,26,774,5.7,270,0.18
2001,5,1,8,565,897,67,17,-2,27,775,5.1,250,0.18
2001,5,1,9,750,959,68,18,-2,25,776,6.7,230,0.18
2001,5,1,10,904,998,77,19,-1,26,776,7.7,240,0.18
2001,5,1,11,997,1010,86,21,-1,23,777,8.7,240,0.18
2001,5,1,12,1037,1022,93,21,-2,21,777,8.7,260,0.18
2001,5,1,13,993,1015,84,22,-4,17,777,9.3,260,0.18
2001,5,1,14,891,993,81,22,-2,20,776,9.3,250,0.18
2001,5,1,15,743,920,107,21,-3,19,776,8.2,270,0.18
2001,5,1,16,551,871,89,21,-3,19,774,8.7,260,0.18
2001,5,1,17,358,839,68,19,-4,20,773,9.3,270,0.18
2001,5,1,18,172,611,81,17,-3,25,770,6.7,260,0.18
2001,5,1,19,0,0,0,14,-2,32,767,5.1,240,0.18
2001,5,1,20,0,0,0,13,-3,32,767,6.2,240,0.18
2001,5,1,21,0,0,0,13,-3,32,766,6.2,260,0.18
2001,5,1,22,0,0,0,12,-3,34,766,3.6,320,0.18
2001,5,1,23,0,0,0,9,-3,41,764,5.1,320,0.18
2001,5,2,0,0,0,0,6,-3,51,762,4.6,270,0.18
2001,5,2,1,0,0,0,6,-3,51,761,4.6,290,0.18
2001,5,2,2,0,0,0,3,-2,68,758,3.1,30,0.18
2001,5,2,3,0,0,0,1,-2,79,757,6.7,40,0.18
2001,5,2,4,0,0,0,1,-4,67,758,6.2,20,0.18
2001,5,2,5,0,0,0,0,-4,72,757,6.2,300,0.18
2001,5,2,6,81,115,60,1,-5,61,759,6.2,320,0.18
2001,5,2,7,53,0,53,1,-7,51,760,8.7,300,0.18
2001,5,2,8,91,0,91,0.1,-5,65,759,8.2,340,0.18
2001,5,2,9,119,0,119,-2,-3,92,758,7.7,20,0.18
2001,5,2,10,141,0,141,-1,-3,85,758,5.7,360,0.18
2001,5,2,11,158,0,158,-0.7,-3.1,82,759,5.5,10,0.18
2001,5,2,12,218,6,213,-0.6,-3.3,80,759,5.3,20,0.18
2001,5,2,13,226,0,226,-1,-3,85,759,5.1,30,0.18
2001,5,2,14,314,24,294,0,-3,78,761,6.7,40,0.18
2001,5,2,15,680,648,230,2,-3,67,762,8.7,30,0.18
2001,5,2,16,543,800,116,4,-6,45,763,8.2,350,0.18
2001,5,2,17,317,664,86,3,-4,58,763,6.7,10,0.18
2001,5,2,18,195,574,108,-1,-6,66,761,8.2,330,0.18
2001,5,2,19,0,0,0,-2,-6,71,761,7.7,340,0.18
2001,5,2,20,0,0,0,-2,-7,65,761,4.6,330,0.18
2001,5,2,21,0,0,0,-2,-8,60,762,4.6,330,0.18
2001,5,2,22,0,0,0,-2,-7,65,762,3.6,320,0.18
2001,5,2,23,0,0,0,-2,-7,65,762,6.2,320,0.18
2001,5,3,0,0,0,0,-2,-6,71,761,6.7,310,0.18
2001,5,3,1,0,0,0,-3,-6,77,761,6.2,320,0.18
2001,5,3,2,0,0,0,-3,-6,77,760,7.2,310,0.18
2001,5,3,3,0,0,0,-3,-6,77,760,6.2,310,0.18
2001,5,3,4,0,0,0,-3,-6,77,760,5.1,300,0.18
2001,5,3,5,0,0,0,-3,-6,77,760,7.7,310,0.18
2001,5,3,6,97,232,55,-2,-6,71,762,5.7,310,0.18
2001,5,3,7,161,45,144,-2,-6,71,762,8.2,310,0.18
2001,5,3,8,485,515,196,-1,-6,66,763,7.2,310,0.18
2001,5,3,9,600,489,250,-0.4,-6.1,62,764,7.5,300,0.18
2001,5,3,10,566,208,392,0,-6,60,764,7.7,290,0.18
2001,5,3,11,487,126,373,1,-4,67,765,9.8,310,0.18
2001,5,3,12,825,553,312,1,-4,67,765,8.8,320,0.18
2001,5,3,13,333,24,311,1,-3,72,766,7.7,320,0.18
2001,5,3,14,321,30,296,2,-3,67,766,7.7,290,0.18
2001,5,3,15,679,537,306,2,-3,67,766,11.8,310,0.18
2001,5,3,16,221,44,198,1,-2,79,767,6.7,20,0.18
2001,5,3,17,325,449,168,2,-4,62,767,3.6,350,0.18
2001,5,3,18,185,505,107,1.8,-3.7,64,767,3.5,340,0.18
2001,5,3,19,0,0,0,-0.1,-3.6,75,767,3.4,340,0.18
2001,5,3,20,0,0,0,-1.4,-3,87,767,3.3,330,0.18
2001,5,3,21,0,0,0,-1.9,-3.1,90,766,3.2,330,0.18
2001,5,3,22,0,0,0,-2,-3,92,766,3.1,320,0.18
2001,5,3,23,0,0,0,-2.6,-3.3,94,766,3.1,320,0.18
2001,5,4,0,0,0,0,-3,-3.7,94,765,3.1,330,0.18
2001,5,4,1,0,0,0,-3,-4,92,765,3.1,330,0.18
2001,5,4,2,0,0,0,-3.2,-5,86,765,3.6,330,0.18
2001,5,4,3,0,0,0,-4,-6,84,764,4.1,330,0.18
2001,5,4,4,0,0,0,-4,-6,84,764,3.1,300,0.18
2001,5,4,5,0,0,0,-4,-6,84,764,3.6,310,0.18
2001,5,4,6,130,432,50,-2,-3,92,766,2.6,350,0.18
2001,5,4,7,237,201,161,0.4,-2.5,79,767,3.3,340,0.18
2001,5,4,8,248,29,232,1.3,-2.8,72,767,3.9,340,0.18
2001,5,4,9,205,6,201,1,-3,72,768,4.6,330,0.18
2001,5,4,10,300,12,290,1.7,-2,75,768,3.1,10,0.18
2001,5,4,11,463,108,366,2,-1,80,768,1.5,50,0.18
2001,5,4,12,740,331,433,4,-3,59,769,8.7,320,0.18
2001,5,4,13,967,816,233,6,-4,47,770,8.7,320,0.18
2001,5,4,14,707,445,342,7,-5,40,770,8.2,310,0.18
2001,5,4,15,422,136,328,7,-3,48,771,7.2,330,0.18
2001,5,4,16,503,577,193,4,-1,69,769,5.1,20,0.18
2001,5,4,17,371,682,130,4,-1.5,66,769,5.9,30,0.18
2001,5,4,18,176,629,77,3,-2,68,769,6.7,40,0.18
2001,5,4,19,0,0,0,1,-2,79,768,2.1,330,0.18
2001,5,4,20,0,0,0,-1,-3,85,767,2.1,360,0.18
2001,5,4,21,0,0,0,-1,-3,85,767,5.1,350,0.18
2001,5,4,22,0,0,0,-2,-3,92,766,2.1,20,0.18
2001,5,4,23,0,0,0,-3,-6,77,766,3.1,280,0.18
2001,5,5,0,0,0,0,-3,-6,77,765,1.5,10,0.18
2001,5,5,1,0,0,0,-3,-6,77,764,2.6,360,0.18
2001,5,5,2,0,0,0,-3,-5,84,763,4.1,320,0.18
2001,5,5,3,0,0,0,-2,-5,78,763,3.6,320,0.18
2001,5,5,4,0,0,0,-2,-6,71,764,3.6,310,0.18
2001,5,5,5,0,91,0,-3,-5,84,763,4.1,280,0.18
2001,5,5,6,141,600,28,2,-3,67,767,3.9,320,0.18
2001,5,5,7,359,797,52,6,-3,51,770,3.6,360,0.18
2001,5,5,8,577,863,89,7,-4,44,770,6.7,300,0.18
2001,5,5,9,763,960,71,8,-3,44,771,6.7,280,0.18
2001,5,5,10,917,998,80,10,-4,36,772,1.5,290,0.18
2001,5,5,11,1009,909,182,11.6,-3.5,33,773,3.1,290,0.18
2001,5,5,12,819,535,320,13,-3,32,774,4.6,300,0.18
2001,5,5,13,848,629,281,14,-3,30,774,7.2,310,0.18
2001,5,5,14,785,652,249,14,-3,30,774,6.7,320,0.18
2001,5,5,15,533,315,313,12,-3,34,773,6.7,300,0.18
2001,5,5,16,358,197,251,12,-3,34,773,7.7,290,0.18
2001,5,5,17,341,543,148,11,-3,36,773,7.7,320,0.18
2001,5,5,18,168,562,78,9.4,-2,44,771,5.6,300,0.18
2001,5,5,19,0,0,0,6,-1,60,769,3.6,280,0.18
2001,5,5,20,0,0,0,3,-1,74,767,2.6,280,0.18
2001,5,5,21,0,0,0,3,-1,74,768,3.6,330,0.18
2001,5,5,22,0,0,0,2,-2,73,766,4.6,340,0.18
2001,5,5,23,0,0,0,5,-2,59,768,4.6,290,0.18
2001,5,6,0,0,0,0,1,-2,79,766,4.1,260,0.18
2001,5,6,1,0,0,0,0,-3,78,765,5.1,270,0.18
2001,5,6,2,0,0,0,0,-3,78,765,5.1,280,0.18
2001,5,6,3,0,0,0,-1,-4,78,765,5.7,280,0.18
2001,5,6,4,0,0,0,-2,-4,85,764,3.6,260,0.18
2001,5,6,5,1,90,0,-3,-4,92,765,4.6,270,0.18
2001,5,6,6,143,603,27,2,-3,67,768,5.1,270,0.18
2001,5,6,7,360,792,53,8,-2,48,772,5.1,280,0.18
2001,5,6,8,573,887,69,11,-6,28,775,5.7,280,0.18
2001,5,6,9,747,931,74,12,-8,22,775,5.1,290,0.18
2001,5,6,10,894,969,81,14,-9,18,777,7.7,320,0.18
2001,5,6,11,1009,963,131,15,-9,17,777,7.7,290,0.18
2001,5,6,12,1025,1004,88,15,-8,18,778,6.7,310,0.18
2001,5,6,13,1005,1015,87,16,-7,19,778,7.7,300,0.18
2001,5,6,14,902,993,84,16,-7,19,778,6.2,300,0.18
2001,5,6,15,754,956,84,16,-8,17,778,9.8,320,0.18
2001,5,6,16,570,900,82,16,-7,19,778,5.7,310,0.18
2001,5,6,17,377,837,77,16,-7,19,779,5.7,320,0.18
2001,5,6,18,188,692,75,14,-7,21,777,5.7,330,0.18
2001,5,6,19,0,0,0,10,-6,30,774,3.6,330,0.18
2001,5,6,20,0,0,0,5,-3,55,772,3.1,280,0.18
2001,5,6,21,0,0,0,2,-3,67,771,2.1,250,0.18
2001,5,6,22,0,0,0,3,-4,58,771,2.6,270,0.18
2001,5,6,23,0,0,0,2,-5,57,771,0,0,0.18
2001,5,7,0,0,0,0,1,-3,72,771,3.6,280,0.18
2001,5,7,1,0,0,0,1,-6,56,770,3.6,280,0.18
2001,5,7,2,0,0,0,-1,-5,71,770,3.6,280,0.18
2001,5,7,3,0,0,0,-1,-6,66,770,2.6,300,0.18
2001,5,7,4,0,0,0,-2,-6,71,769,4.1,280,0.18
2001,5,7,5,1,111,1,-1,-5,71,771,3.6,280,0.18
2001,5,7,6,147,610,28,4,-4,54,774,2.6,290,0.18
2001,5,7,7,370,815,52,9,-5,35,778,2.1,290,0.18
2001,5,7,8,574,881,71,12,-6,26,780,1.5,300,0.18
2001,5,7,9,769,919,103,15,-5,24,783,3.3,300,0.18
2001,5,7,10,917,999,77,17,-6,19,784,5.1,300,0.18
2001,5,7,11,1015,1016,87,17,-6,19,784,3.6,280,0.18
2001,5,7,12,1037,1016,87,18,-4,21,784,7.7,280,0.18
2001,5,7,13,1004,1015,85,19,-4,20,785,6.7,290,0.18
2001,5,7,14,889,974,84,19,-5,18,785,6.2,300,0.18
2001,5,7,15,753,956,82,19,-4,20,784,5.7,310,0.18
2001,5,7,16,576,906,84,19,-5,18,785,5.7,320,0.18
2001,5,7,17,375,829,77,18,-4,21,784,6.7,320,0.18
2001,5,7,18,180,627,77,16,-4,24,783,5.1,310,0.18
2001,5,7,19,0,0,0,11,-3,36,780,2.6,330,0.18
2001,5,7,20,0,0,0,8,-3,44,778,4.1,360,0.18
2001,5,7,21,0,0,0,7,-3,48,777,4.1,330,0.18
2001,5,7,22,0,0,0,4,-3,59,775,1.5,230,0.18
2001,5,7,23,0,0,0,3,-4,58,775,5.1,280,0.18
2001,5,8,0,0,0,0,3,-3,63,774,2.6,270,0.18
2001,5,8,1,0,0,0,1,-3,72,773,4.1,250,0.18
2001,5,8,2,0,0,0,2,-4,62,773,3.6,320,0.18
2001,5,8,3,0,0,0,0.5,-4.2,68,773,3.9,310,0.18
2001,5,8,4,0,0,0,-0.9,-4.4,75,772,4.3,300,0.18
2001,5,8,5,2,110,1,-1,-4,78,772,4.6,290,0.18
2001,5,8,6,152,627,28,4,-3,59,775,2.6,290,0.18
2001,5,8,7,366,799,52,9,-3,41,779,3.1,40,0.18
2001,5,8,8,579,858,87,13,-3,32,781,3.4,80,0.18
2001,5,8,9,769,960,71,16,-3,26,783,3.6,120,0.18
2001,5,8,10,917,993,80,17,-2,27,784,4.6,160,0.18
2001,5,8,11,1004,1005,84,18,-2,25,784,4.6,140,0.18
2001,5,8,12,1043,1022,86,19,-2,24,784,3.6,170,0.18
2001,5,8,13,1011,1015,90,19,-2,24,784,2.6,150,0.18
2001,5,8,14,902,986,85,20,-3,20,784,4.1,120,0.18
2001,5,8,15,753,629,310,21,-3,19,784,6.7,130,0.18
2001,5,8,16,114,0,114,19,-3,22,782,2.1,90,0.18
2001,5,8,17,205,103,168,18.5,-3,22,781,4.6,40,0.18
2001,5,8,18,25,0,25,17,-3,25,780,7.2,360,0.18
2001,5,8,19,0,0,0,18,-6,18,780,3.6,60,0.18
2001,5,8,20,0,0,0,11,-1,43,776,6.2,270,0.18
2001,5,8,21,0,0,0,7,-1,56,773,2.6,290,0.18
2001,5,8,22,0,0,0,6,-1,60,772,3.6,290,0.18
2001,5,8,23,0,0,0,6,-2,55,772,2.1,290,0.18
2001,5,9,0,0,0,0,4,-2,64,770,2.6,260,0.18
2001,5,9,1,0,0,0,4,-2,64,770,4.1,290,0.18
2001,5,9,2,0,0,0,3,-2,68,769,4.1,280,0.18
2001,5,9,3,0,0,0,2,-3,67,768,4.1,280,0.18
2001,5,9,4,0,0,0,1.4,-3.3,69,768,4.4,280,0.18
2001,5,9,5,2,104,1,2,-3,67,769,4.6,280,0.18
2001,5,9,6,153,625,28,7,-1,56,772,2.6,300,0.18
2001,5,9,7,367,794,53,13,-3,32,775,3.4,290,0.18
2001,5,9,8,580,858,86,18,-3,23,778,4.3,270,0.18
2001,5,9,9,770,884,125,21,-4,18,781,5.1,260,0.18
2001,5,9,10,821,701,228,19,-4,20,779,5.1,360,0.18
2001,5,9,11,969,915,130,19,-5,18,780,11.3,290,0.18
2001,5,9,12,995,793,250,22,-3,18,781,11.3,250,0.18
2001,5,9,13,201,18,184,21,-4,18,780,4.6,160,0.18
2001,5,9,14,242,12,232,20,-4,19,779,5.7,60,0.18
2001,5,9,15,511,271,319,21.1,-3.3,19,779,4.6,40,0.18
2001,5,9,16,560,671,192,21,-1,23,779,3.6,10,0.18
2001,5,9,17,214,116,171,19,-3,22,778,1.5,340,0.18
2001,5,9,18,191,381,126,17,1,34,776,1.8,300,0.18
2001,5,9,19,0,0,0,9,1,57,771,2.1,270,0.18
2001,5,9,20,0,0,0,8,-3,44,770,3.1,270,0.18
2001,5,9,21,0,0,0,8,-4,41,769,1.5,330,0.18
2001,5,9,22,0,0,0,8,-6,34,770,2.1,310,0.18
2001,5,9,23,0,0,0,6,-5,43,769,2.1,320,0.18
2001,5,10,0,0,0,0,3,-5,53,766,2.1,330,0.18
2001,5,10,1,0,0,0,5,-4,50,767,1.8,330,0.18
2001,5,10,2,0,0,0,4,-5,49,767,1.5,330,0.18
2001,5,10,3,0,0,0,4,-4,54,767,4.1,330,0.18
2001,5,10,4,0,0,0,4,-4,54,767,1.5,310,0.18
2001,5,10,5,2,55,2,3,-3,63,767,3.6,280,0.18
2001,5,10,6,124,338,55,9,-1,49,771,3.6,270,0.18
2001,5,10,7,291,353,150,12,0,44,775,2.1,270,0.18
2001,5,10,8,570,754,134,16,2,39,777,2.6,270,0.18
2001,5,10,9,759,943,70,19,-4,20,779,3.1,280,0.18
2001,5,10,10,901,898,140,21,-4,18,780,5.7,280,0.18
2001,5,10,11,898,652,299,21,-4,18,780,6.2,280,0.18
2001,5,10,12,315,36,281,21,-6,15,780,5.7,280,0.18
2001,5,10,13,740,326,443,22,-4,17,781,8.2,300,0.18
2001,5,10,14,189,6,184,20,-5,17,779,4.6,310,0.18
2001,5,10,15,166,0,166,20,-3,20,779,5.1,300,0.18
2001,5,10,16,378,234,249,18,0,30,779,2.6,300,0.18
2001,5,10,17,74,0,74,19,-3,22,779,6.2,310,0.18
2001,5,10,18,184,345,124,18,-1,27,778,2.6,310,0.18
2001,5,10,19,0,0,0,11,3,58,774,2.6,220,0.18
2001,5,10,20,0,0,0,9,2,61,773,3.1,260,0.18
2001,5,10,21,0,0,0,7,0,61,772,4.1,260,0.18
2001,5,10,22,0,0,0,6,-1,60,771,3.1,280,0.18
2001,5,10,23,0,0,0,6,-1,60,771,4.1,280,0.18
2001,5,11,0,0,0,0,4,-1,69,770,4.6,280,0.18
2001,5,11,1,0,0,0,4,-1,69,770,4.1,290,0.18
2001,5,11,2,0,0,0,3,-1,74,770,3.6,270,0.18
2001,5,11,3,0,0,0,3,-2,68,770,4.6,280,0.18
2001,5,11,4,0,0,0,3,-2,68,771,4.6,290,0.18
2001,5,11,5,4,130,2,2.5,-2.1,70,772,4.1,290,0.18
2001,5,11,6,152,579,33,6,0,65,773,3.6,280,0.18
2001,5,11,7,369,779,57,12,-1,40,778,3.1,50,0.18
2001,5,11,8,566,812,94,17,-2,27,782,1.5,100,0.18
2001,5,11,9,760,902,99,18,-1,27,782,5.1,120,0.18
2001,5,11,10,907,975,79,19,-1,26,783,5.7,160,0.18
2001,5,11,11,998,897,173,21,-1,23,784,6.2,140,0.18
2001,5,11,12,819,469,377,21,-2,21,784,2.1,100,0.18
2001,5,11,13,439,115,335,21,-0.3,24,784,3.1,50,0.18
2001,5,11,14,888,791,229,21,1,26,784,4.1,10,0.18
2001,5,11,15,710,746,181,22,-1,21,784,2.6,90,0.18
2001,5,11,16,430,304,262,19,-2,24,782,1.5,160,0.18
2001,5,11,17,378,599,157,18,1,32,781,3.1,220,0.18
2001,5,11,18,200,669,83,18,1,32,780,3.6,10,0.18
2001,5,11,19,0,0,0,14,0,38,777,2.6,20,0.18
2001,5,11,20,0,0,0,12,0,44,776,1.5,30,0.18
2001,5,11,21,0,0,0,6,1,70,773,2.1,220,0.18
2001,5,11,22,0,0,0,6,1,70,772,3.6,270,0.18
2001,5,11,23,0,0,0,6,1,70,772,4.6,280,0.18
2001,5,12,0,0,0,0,4,0,75,771,3.6,270,0.18
2001,5,12,1,0,0,0,3,0,81,770,3.1,270,0.18
2001,5,12,2,0,0,0,3,-1,74,771,2.6,260,0.18
2001,5,12,3,0,0,0,2,-1,80,770,2.1,280,0.18
2001,5,12,4,0,0,0,2,-1,80,770,2.1,270,0.18
2001,5,12,5,5,154,2,3,-1,74,772,2.6,260,0.18
2001,5,12,6,160,626,30,4,-1,69,772,3.6,270,0.18
2001,5,12,7,374,791,56,12,-1,40,778,1.5,270,0.18
2001,5,12,8,566,830,83,18,-4,21,781,4.6,160,0.18
2001,5,12,9,744,872,103,20,-6,16,783,4.1,140,0.18
2001,5,12,10,913,939,114,21,-4,18,783,4.6,150,0.18
2001,5,12,11,1010,1005,84,22,-4,17,783,5.1,140,0.18
2001,5,12,12,1043,1016,85,22,-2,20,783,7.2,160,0.18
2001,5,12,13,1016,967,133,23,-2,18,783,6.2,150,0.18
2001,5,12,14,894,846,188,22,-3,18,782,6.2,150,0.18
2001,5,12,15,524,290,318,21,-2,21,781,5.1,170,0.18
2001,5,12,16,474,424,240,21,-2,21,781,6.7,160,0.18
2001,5,12,17,183,54,163,18,0,30,780,11.8,170,0.18
2001,5,12,18,194,374,127,16,1,36,779,4.1,120,0.18
2001,5,12,19,0,0,0,11,4,62,775,3.1,180,0.18
2001,5,12,20,0,0,0,13,3,51,775,3.1,170,0.18
2001,5,12,21,0,0,0,13,2,47,775,5.1,130,0.18
2001,5,12,22,0,0,0,12,2,50,775,4.1,140,0.18
2001,5,12,23,0,0,0,9,3,66,772,2.1,170,0.18
2001,5,13,0,0,0,0,10,3,62,773,2.1,140,0.18
2001,5,13,1,0,0,0,8,4,76,771,1.5,200,0.18
2001,5,13,2,0,0,0,11,3,58,773,4.6,150,0.18
2001,5,13,3,0,0,0,8,2,66,772,3.6,150,0.18
2001,5,13,4,0,0,0,7,2,70,771,2.1,160,0.18
2001,5,13,5,1,0,1,8,3,71,773,1.5,240,0.18
2001,5,13,6,28,0,28,8,4,76,774,2,250,0.18
2001,5,13,7,73,0,73,9,7,87,775,2.6,260,0.18
2001,5,13,8,107,0,107,10,8,87,776,3.1,270,0.18
2001,5,13,9,391,94,322,10,7,82,776,1.5,330,0.18
2001,5,13,10,811,583,314,12,7,71,777,2.6,20,0.18
2001,5,13,11,164,12,153,13,7,67,778,2.6,10,0.18
2001,5,13,12,982,787,239,15,6,55,778,2.1,40,0.18
2001,5,13,13,213,18,197,16,5,48,778,2.1,70,0.18
2001,5,13,14,144,0,144,16,5.1,48,778,4.5,90,0.18
2001,5,13,15,331,55,291,15.6,3.8,45,777,3.6,100,0.18
2001,5,13,16,376,196,267,15.6,3.4,44,777,4.1,120,0.18
2001,5,13,17,192,47,174,13.6,4.1,53,776,6.7,130,0.18
2001,5,13,18,209,428,132,11.7,4.7,62,776,2.5,120,0.18
2001,5,13,19,0,0,0,6.2,6.2,100,775,1.6,150,0.18
2001,5,13,20,0,0,0,6.3,5,91,775,2,190,0.18
2001,5,13,21,0,0,0,5.8,4.6,92,774,2.9,180,0.18
2001,5,13,22,0,0,0,4.3,4.3,100,774,2.8,200,0.18
2001,5,13,23,0,0,0,3.4,3.4,100,773,1.7,240,0.18
2001,5,14,0,0,0,0,3.9,3.6,98,773,1.6,230,0.18
2001,5,14,1,0,0,0,1.4,1.4,100,772,0.6,280,0.18
2001,5,14,2,0,0,0,4.5,2.9,89,772,3.1,270,0.18
2001,5,14,3,0,0,0,2,2,100,771,2.7,290,0.18
2001,5,14,4,0,0,0,2,2,100,771,2.1,300,0.18
2001,5,14,5,7,153,3,2,1,93,771,2.1,300,0.18
2001,5,14,6,166,639,29,7,4,81,774,2.1,290,0.18
2001,5,14,7,385,814,53,11,4,62,777,1.5,30,0.18
2001,5,14,8,587,883,70,14,5,55,779,2.9,340,0.18
2001,5,14,9,761,819,156,15.6,3.4,44,780,4.3,290,0.18
2001,5,14,10,732,458,341,17,2,36,781,5.7,240,0.18
2001,5,14,11,1010,909,170,17,1,34,780,7.7,270,0.18
2001,5,14,12,1037,1004,88,18,-3,23,781,5.1,240,0.18
2001,5,14,13,1016,1015,86,18,-3,23,780,3.6,280,0.18
2001,5,14,14,913,992,83,19,-1,26,780,8.2,280,0.18
2001,5,14,15,764,912,112,19,-4,20,780,7.2,260,0.18
2001,5,14,16,578,884,85,19,-4,20,780,6.2,280,0.18
2001,5,14,17,391,840,76,18,-4,21,780,6.2,250,0.18
2001,5,14,18,203,663,82,16,-3,26,778,5.1,250,0.18
2001,5,14,19,0,0,0,10,-2,42,774,4.1,230,0.18
2001,5,14,20,0,0,0,8,-3,44,773,4.6,290,0.18
2001,5,14,21,0,0,0,7,-2,52,773,4.1,280,0.18
2001,5,14,22,0,0,0,5,-2,59,771,4.6,270,0.18
2001,5,14,23,0,0,0,6,-2,55,772,4.1,290,0.18
2001,5,15,0,0,0,0,6,-3,51,772,3.6,280,0.18
2001,5,15,1,0,0,0,3,-3,63,769,2.1,290,0.18
2001,5,15,2,0,0,0,6,-3,51,771,3.6,280,0.18
2001,5,15,3,0,0,0,4,-3,59,770,3.6,290,0.18
2001,5,15,4,0,0,0,7,-3,48,771,3.6,270,0.18
2001,5,15,5,7,154,3,6,-2,55,771,2.1,270,0.18
2001,5,15,6,160,575,36,10,-1,46,775,2.4,290,0.18
2001,5,15,7,372,747,66,15,-3,28,778,2.6,310,0.18
2001,5,15,8,583,836,91,17,-4,23,780,4.1,290,0.18
2001,5,15,9,766,820,160,18,-3,23,780,5.7,280,0.18
2001,5,15,10,652,303,393,19,-3,22,781,4.6,320,0.18
2001,5,15,11,722,359,390,19.6,-2,23,780,5.6,330,0.18
2001,5,15,12,722,343,397,20,-1,24,780,6.7,330,0.18
2001,5,15,13,483,91,400,19,0,28,780,5.1,320,0.18
2001,5,15,14,672,353,376,20,0,26,780,3.1,330,0.18
2001,5,15,15,481,197,340,19,1,30,779,5.7,330,0.18
2001,5,15,16,458,391,238,21,2,28,780,5.1,310,0.18
2001,5,15,17,326,588,104,19,1,30,779,5.1,310,0.18
2001,5,15,18,158,389,86,17,1,34,777,4.1,310,0.18
2001,5,15,19,0,59,0,16,1,36,776,3.1,270,0.18
2001,5,15,20,0,0,0,14,1,41,775,2.1,280,0.18
2001,5,15,21,0,0,0,14,-1,35,775,4.6,280,0.18
2001,5,15,22,0,0,0,12,-2,37,774,3.6,290,0.18
2001,5,15,23,0,0,0,9,0,53,772,2.6,10,0.18
2001,5,16,0,0,0,0,9,-1,49,771,1.5,270,0.18
2001,5,16,1,0,0,0,8,1,61,770,2.1,280,0.18
2001,5,16,2,0,0,0,9,-3,41,770,3.1,290,0.18
2001,5,16,3,0,0,0,6,-2,55,769,2.1,250,0.18
2001,5,16,4,0,0,0,5,-2,59,768,2.1,290,0.18
2001,5,16,5,9,183,3,4,-2,64,768,1.5,320,0.18
2001,5,16,6,168,602,37,11,0,47,773,2.6,260,0.18
2001,5,16,7,331,495,128,16,-3,26,776,3.1,280,0.18
2001,5,16,8,588,802,116,17,-1,29,776,3.6,290,0.18
2001,5,16,9,756,914,78,19,3,34,777,6.7,330,0.18
2001,5,16,10,908,862,169,19.6,2.6,32,777,6.2,320,0.18
2001,5,16,11,822,490,367,19.9,2.3,31,777,5.6,310,0.18
2001,5,16,12,388,48,343,20,2,30,777,5.1,300,0.18
2001,5,16,13,207,6,201,21,4,33,778,5.7,320,0.18
2001,5,16,14,711,414,363,20,3,32,776,5.7,320,0.18
2001,5,16,15,344,68,295,18,4,39,775,4.6,340,0.18
2001,5,16,16,97,0,97,17,7,52,775,4.1,340,0.18
2001,5,16,17,325,371,184,17,6,48,775,2.6,350,0.18
2001,5,16,18,192,488,101,16,5,48,773,2.6,320,0.18
2001,5,16,19,0,79,0,14,4,51,772,3.6,360,0.18
2001,5,16,20,0,0,0,12,4,58,771,5.1,360,0.18
2001,5,16,21,0,0,0,10,3,62,770,4.1,320,0.18
2001,5,16,22,0,0,0,10,3,62,769,4.1,340,0.18
2001,5,16,23,0,0,0,10,3,62,769,2.1,30,0.18
2001,5,17,0,0,0,0,7,3,76,768,3.1,20,0.18
2001,5,17,1,0,0,0,6,3,81,767,3.1,10,0.18
2001,5,17,2,0,0,0,7,4,81,768,3.1,350,0.18
2001,5,17,3,0,0,0,7,4,81,768,2.1,360,0.18
2001,5,17,4,0,0,0,7,4,81,769,3.1,350,0.18
2001,5,17,5,4,2,4,7,4,81,769,3.1,310,0.18
2001,5,17,6,85,20,80,8,5,81,770,4.6,350,0.18
2001,5,17,7,124,0,124,10,6,76,772,7.2,30,0.18
2001,5,17,8,241,35,220,8,4,76,771,9.8,30,0.18
2001,5,17,9,740,725,201,10,5,71,772,7.7,30,0.18
2001,5,17,10,845,743,208,13,4,54,774,4.6,50,0.18
2001,5,17,11,822,538,323,16,4,45,775,5.1,310,0.18
2001,5,17,12,1055,919,182,17,4,42,776,4.1,340,0.18
2001,5,17,13,1022,888,205,17,4,42,776,4.1,10,0.18
2001,5,17,14,652,310,391,19,1,30,776,4.1,360,0.18
2001,5,17,15,756,807,175,19.1,0.2,28,776,4.9,340,0.18
2001,5,17,16,591,902,83,18,1,32,775,5.7,310,0.18
2001,5,17,17,396,843,74,18,0,30,775,4.6,330,0.18
2001,5,17,18,207,668,80,16,-1,31,774,4.6,340,0.18
2001,5,17,19,1,115,0,13,0,41,773,2.6,320,0.18
2001,5,17,20,0,0,0,6,1,70,770,2.1,240,0.18
2001,5,17,21,0,0,0,6,1,70,770,2.1,300,0.18
2001,5,17,22,0,0,0,3,0,81,767,2.6,250,0.18
2001,5,17,23,0,0,0,6,1,70,769,4.1,280,0.18
2001,5,18,0,0,0,0,4,0,75,767,4.6,280,0.18
2001,5,18,1,0,0,0,3,-1,74,766,1.5,290,0.18
2001,5,18,2,0,0,0,3,-1,74,766,2.6,280,0.18
2001,5,18,3,0,0,0,1,-1,86,765,2.4,280,0.18
2001,5,18,4,0,0,0,1,-1,86,765,2.3,290,0.18
2001,5,18,5,10,180,4,3,0,81,767,2.1,290,0.18
2001,5,18,6,170,458,68,7,2,70,770,1.5,280,0.18
2001,5,18,7,115,0,115,13,4,54,773,4.1,220,0.18
2001,5,18,8,318,93,262,16,4,45,776,6.7,150,0.18
2001,5,18,9,381,88,315,16,3,42,776,5.7,130,0.18
2001,5,18,10,800,541,335,18,3,37,778,4.1,260,0.18
2001,5,18,11,170,6,165,17,3,39,776,4.1,140,0.18
2001,5,18,12,176,0,176,19,3,34,777,4.1,220,0.18
2001,5,18,13,439,60,383,17,3,39,776,9.3,200,0.18
2001,5,18,14,143,0,143,17.2,3.7,41,776,6.7,210,0.18
2001,5,18,15,144,0,144,18,3,37,776,4.1,220,0.18
2001,5,18,16,172,0,172,15.1,5.5,53,775,4.4,250,0.18
2001,5,18,17,179,40,164,12,8,76,774,4.6,280,0.18
2001,5,18,18,202,386,128,10,8,87,772,7.2,30,0.18
2001,5,18,19,1,71,1,9,7,87,771,2.6,20,0.18
2001,5,18,20,0,0,0,7.6,7.3,98,771,2.2,10,0.18
2001,5,18,21,0,0,0,7.1,7.1,100,771,1.9,350,0.18
2001,5,18,22,0,0,0,7,7,100,771,1.5,340,0.18
2001,5,18,23,0,0,0,6.9,6.9,100,771,2.1,360,0.18
2001,5,19,0,0,0,0,7,7,100,771,2.6,10,0.18
2001,5,19,1,0,0,0,7,6,93,771,2.1,350,0.18
2001,5,19,2,0,0,0,7,6,93,770,1.5,320,0.18
2001,5,19,3,0,0,0,6,6,100,769,1.5,330,0.18
2001,5,19,4,0,0,0,6,6,100,770,2.1,290,0.18
2001,5,19,5,12,211,4,6,6,100,771,2.1,330,0.18
2001,5,19,6,182,627,41,8,6,87,773,2.1,10,0.18
2001,5,19,7,360,653,88,8,7,93,773,3.6,30,0.18
2001,5,19,8,497,482,211,12,7,71,775,2.6,40,0.18
2001,5,19,9,397,94,327,13,6,62,775,3,60,0.18
2001,5,19,10,738,482,323,13.3,5.9,61,775,3.4,80,0.18
2001,5,19,11,781,472,341,13.2,6,62,775,3.7,90,0.18
2001,5,19,12,649,222,437,13,6,62,775,4.1,110,0.18
2001,5,19,13,420,30,392,12,7,71,774,4.6,100,0.18
2001,5,19,14,443,55,397,12,6,67,774,2.6,50,0.18
2001,5,19,15,549,326,313,12,7,71,774,4.1,30,0.18
2001,5,19,16,567,712,163,12,7,71,773,2.1,320,0.18
2001,5,19,17,384,800,75,15,5,51,775,5.1,40,0.18
2001,5,19,18,179,573,68,14,5,55,774,4.6,330,0.18
2001,5,19,19,2,111,1,11,2,54,773,4.1,340,0.18
2001,5,19,20,0,0,0,11,1,50,773,4.1,320,0.18
2001,5,19,21,0,0,0,10,-2,42,772,4.1,320,0.18
2001,5,19,22,0,0,0,5,-1,64,769,4.1,300,0.18
2001,5,19,23,0,0,0,4,-1,69,768,4.1,280,0.18
2001,5,20,0,0,0,0,2,-2,73,767,3.1,280,0.18
2001,5,20,1,0,0,0,1,-2,79,766,3.6,280,0.18
2001,5,20,2,0,0,0,2,-3,67,767,3.6,340,0.18
2001,5,20,3,0,0,0,3,-3,63,768,2.1,40,0.18
2001,5,20,4,0,0,0,4,-5,49,768,3.6,340,0.18
2001,5,20,5,12,210,4,6,-5,43,769,5.1,270,0.18
2001,5,20,6,179,653,31,10,-4,36,771,4.1,310,0.18
2001,5,20,7,398,822,54,12,-3,34,773,5.1,360,0.18
2001,5,20,8,605,895,72,14,-2,32,774,5.7,300,0.18
2001,5,20,9,778,944,74,16,-4,24,775,8.7,330,0.18
2001,5,20,10,891,892,123,16,-5,22,776,7.7,290,0.18
2001,5,20,11,1034,963,137,17,-4,23,777,8.7,320,0.18
2001,5,20,12,1061,1016,93,18,-3,23,777,9.3,320,0.18
2001,5,20,13,1028,1015,90,19,-3,22,777,7.2,310,0.18
2001,5,20,14,925,992,86,19,-3,22,777,10.8,330,0.18
2001,5,20,15,775,954,84,19,-3,22,776,9.8,330,0.18
2001,5,20,16,596,901,84,19,-3,22,776,9.8,350,0.18
2001,5,20,17,400,839,75,18.5,-3,22,775,8.8,330,0.18
2001,5,20,18,211,676,78,17,-3,25,774,7.7,310,0.18
2001,5,20,19,2,138,1,14,-3,30,772,6.2,320,0.18
2001,5,20,20,0,0,0,14,-3,30,772,6.7,310,0.18
2001,5,20,21,0,0,0,13,-3,32,771,6.7,310,0.18
2001,5,20,22,0,0,0,12,-3,34,770,6.7,340,0.18
2001,5,20,23,0,0,0,10,-3,39,770,6.2,360,0.18
2001,5,21,0,0,0,0,8,-4,41,768,4.6,310,0.18
2001,5,21,1,0,0,0,8,-6,34,769,6.7,360,0.18
2001,5,21,2,0,0,0,6,-6,39,769,2.1,280,0.18
2001,5,21,3,0,0,0,4,-6,45,768,4.1,300,0.18
2001,5,21,4,0,0,0,3,-7,45,768,4.1,290,0.18
2001,5,21,5,14,242,4,3,-5,53,768,2.6,290,0.18
2001,5,21,6,180,644,33,6,-5,43,771,2.6,320,0.18
2001,5,21,7,393,806,55,9.3,-5.6,33,773,3.4,360,0.18
2001,5,21,8,605,895,71,11,-7,26,775,4.1,40,0.18
2001,5,21,9,773,938,72,12,-6,26,776,5.1,30,0.18
2001,5,21,10,942,952,122,13.2,-6,24,777,3.3,70,0.18
2001,5,21,11,1034,1011,91,14,-6,23,777,1.5,110,0.18
2001,5,21,12,1061,1016,92,16,-4,24,778,4.1,150,0.18
2001,5,21,13,1027,1015,89,17,-4,23,779,3.1,200,0.18
2001,5,21,14,924,992,84,17,-4,23,779,1.5,240,0.18
2001,5,21,15,774,911,113,18,-4,21,780,5.7,290,0.18
2001,5,21,16,581,850,96,19,-4,20,780,6.2,320,0.18
2001,5,21,17,399,838,72,17,-6,19,779,6.7,320,0.18
2001,5,21,18,206,714,64,16,-7,19,779,6.7,300,0.18
2001,5,21,19,3,153,1,12,-6,26,776,4.1,350,0.18
2001,5,21,20,0,0,0,10,-6,30,776,3.6,270,0.18
2001,5,21,21,0,0,0,8,-6,34,775,3.6,280,0.18
2001,5,21,22,0,0,0,8,-7,32,775,5.1,280,0.18
2001,5,21,23,0,0,0,8,-7,32,775,5.7,320,0.18
2001,5,22,0,0,0,0,6,-5,43,773,4.6,10,0.18
2001,5,22,1,0,0,0,3,-5,53,771,3.1,290,0.18
2001,5,22,2,0,0,0,1,-6,56,770,2.1,10,0.18
2001,5,22,3,0,0,0,2,-6,52,771,2.6,300,0.18
2001,5,22,4,0,0,0,2,-7,48,771,3.1,290,0.18
2001,5,22,5,15,244,4,1,-6,56,771,3.6,280,0.18
2001,5,22,6,184,661,32,7,-4,44,775,3.1,330,0.18
2001,5,22,7,399,817,54,11,-4,33,778,2.6,10,0.18
2001,5,22,8,596,872,74,14,-4,27,780,3.6,60,0.18
2001,5,22,9,762,879,104,17,-4,23,782,2.1,60,0.18
2001,5,22,10,931,940,120,18,-3,23,782,2.6,50,0.18
2001,5,22,11,1016,999,83,19,-2,24,783,2.1,50,0.18
2001,5,22,12,1055,1010,90,21,-4,18,784,3.6,110,0.18
2001,5,22,13,1021,1009,87,21,-2,21,784,3.1,200,0.18
2001,5,22,14,924,992,83,22,-2,20,784,4.6,280,0.18
2001,5,22,15,781,954,87,23,-2,18,784,4.1,310,0.18
2001,5,22,16,602,907,84,22,-4,17,783,6.7,310,0.18
2001,5,22,17,407,844,76,22,-6,14,783,4.6,300,0.18
2001,5,22,18,219,708,77,19,-4,20,781,7.2,310,0.18
2001,5,22,19,4,159,1,15,-4,26,779,3.6,350,0.18
2001,5,22,20,0,0,0,10,-2,42,776,3.1,320,0.18
2001,5,22,21,0,0,0,7,-2,52,774,2.6,280,0.18
2001,5,22,22,0,0,0,4,-3,59,772,2.1,250,0.18
2001,5,22,23,0,0,0,3,-4,58,772,2.1,210,0.18
2001,5,23,0,0,0,0,2,-4,62,771,1.5,260,0.18
2001,5,23,1,0,0,0,3,-4,58,771,2.6,270,0.18
2001,5,23,2,0,0,0,1,-5,61,770,3.1,260,0.18
2001,5,23,3,0,0,0,0.9,-5.5,59,770,3.9,270,0.18
2001,5,23,4,0,0,0,1,-6,56,770,4.6,280,0.18
2001,5,23,5,16,268,5,1,-6,56,770,1.5,280,0.18
2001,5,23,6,192,672,36,9,-4,38,775,2.6,320,0.18
2001,5,23,7,404,806,63,13,-2,35,778,3.6,40,0.18
2001,5,23,8,621,919,71,17,-3,25,781,3.6,30,0.18
2001,5,23,9,790,962,69,19,-8,14,782,3.9,40,0.18
2001,5,23,10,931,987,78,21,-4,18,784,4.1,40,0.18
2001,5,23,11,1034,1011,89,22,-6,14,784,3.6,330,0.18
2001,5,23,12,1061,1016,90,22,-5,15,784,2.6,90,0.18
2001,5,23,13,1021,1009,86,23,-3,17,784,2.6,120,0.18
2001,5,23,14,924,991,81,24,-3,16,785,1.5,70,0.18
2001,5,23,15,774,911,110,24,-3,16,784,2.6,10,0.18
2001,5,23,16,594,888,85,24,-4,15,784,6.7,320,0.18
2001,5,23,17,405,843,73,24,-6,12,783,6.2,330,0.18
2001,5,23,18,215,685,76,22,-7,13,781,4.6,300,0.18
2001,5,23,19,4,160,2,19,-9,13,779,5.1,320,0.18
2001,5,23,20,0,0,0,13,-8,21,776,3.1,60,0.18
2001,5,23,21,0,0,0,6,-4,47,772,2.6,230,0.18
2001,5,23,22,0,0,0,9,-7,29,774,4.6,280,0.18
2001,5,23,23,0,0,0,7,-7,34,772,1.5,290,0.18
2001,5,24,0,0,0,0,6,-7,36,772,3.6,300,0.18
2001,5,24,1,0,0,0,5,-7,39,771,4.1,270,0.18
2001,5,24,2,0,0,0,4,-7,42,770,4.6,280,0.18
2001,5,24,3,0,0,0,4,-7,42,770,3.6,300,0.18
2001,5,24,4,0,0,0,3,-7,45,770,4.6,280,0.18
2001,5,24,5,17,270,5,5,-6,42,771,4.6,280,0.18
2001,5,24,6,193,673,36,11,-4,33,775,2.1,300,0.18
2001,5,24,7,395,784,63,16,-3,26,778,2.4,350,0.18
2001,5,24,8,606,861,89,19,-3,22,781,2.6,40,0.18
2001,5,24,9,785,950,71,22,-3,18,783,3.1,60,0.18
2001,5,24,10,914,958,85,23,-2,18,783,2.6,10,0.18
2001,5,24,11,1016,951,126,25,-2,16,784,6.2,320,0.18
2001,5,24,12,988,799,223,24,-2,17,783,5.1,350,0.18
2001,5,24,13,432,103,337,23,-2,18,783,4.1,350,0.18
2001,5,24,14,787,590,285,24,-2,17,783,5.1,280,0.18
2001,5,24,15,773,812,180,22,-1,21,782,6.7,50,0.18
2001,5,24,16,467,384,247,22.1,-1,21,782,5,80,0.18
2001,5,24,17,299,354,158,22,-1,21,782,3.2,120,0.18
2001,5,24,18,211,418,126,20,3,32,780,1.5,150,0.18
2001,5,24,19,5,102,3,20,-3,20,779,2.6,300,0.18
2001,5,24,20,0,0,0,19,-3,22,778,5.7,300,0.18
2001,5,24,21,0,0,0,16,-2,28,776,1.5,290,0.18
2001,5,24,22,0,0,0,12,-1,40,774,2.1,280,0.18
2001,5,24,23,0,0,0,10,-2,42,773,4.1,280,0.18
2001,5,25,0,0,0,0,9,-2,45,773,4.1,290,0.18
2001,5,25,1,0,0,0,7,-2,52,771,4.1,270,0.18
2001,5,25,2,0,0,0,7,-2,52,771,4.1,290,0.18
2001,5,25,3,0,0,0,5,-2,59,770,4.6,280,0.18
2001,5,25,4,0,0,0,4,-3,59,770,4.6,280,0.18
2001,5,25,5,18,271,5,5,-3,55,771,3.6,290,0.18
2001,5,25,6,194,669,37,11,-1,43,775,2.6,280,0.18
2001,5,25,7,400,807,57,16,-1,31,777,2.1,50,0.18
2001,5,25,8,607,890,71,20,1,28,779,3.4,350,0.18
2001,5,25,9,785,950,70,23,-3,17,781,4.6,290,0.18
2001,5,25,10,926,934,117,24,-4,15,782,5.7,320,0.18
2001,5,25,11,940,736,251,25,-2,16,783,5.1,320,0.18
2001,5,25,12,588,168,427,24,-1,19,782,5.7,260,0.18
2001,5,25,13,933,713,271,26,-2,15,783,6.2,270,0.18
2001,5,25,14,650,298,396,24,-2,17,782,2.6,260,0.18
2001,5,25,15,759,800,174,24.6,-1.8,17,782,3.6,250,0.18
2001,5,25,16,578,824,103,24,0,20,782,4.6,240,0.18
2001,5,25,17,412,627,162,23,-2,18,781,8.2,240,0.18
2001,5,25,18,80,0,80,22,-1,21,779,4.6,230,0.18
2001,5,25,19,2,0,2,16,-1,31,775,2.6,250,0.18
2001,5,25,20,0,0,0,11,1,50,773,1.5,290,0.18
2001,5,25,21,0,0,0,9,-3,41,771,2.1,40,0.18
2001,5,25,22,0,0,0,8,-2,48,770,3.6,290,0.18
2001,5,25,23,0,0,0,9,-3,41,771,4.6,280,0.18
2001,5,26,0,0,0,0,7,-3,48,770,2.6,70,0.18
2001,5,26,1,0,0,0,7,-3,48,770,2.4,10,0.18
2001,5,26,2,0,0,0,5,-3,55,769,2.3,320,0.18
2001,5,26,3,0,0,0,3,-3,63,767,2.1,260,0.18
2001,5,26,4,0,0,0,1,-4,67,766,1.5,250,0.18
2001,5,26,5,18,269,5,3,-3,63,768,2.1,260,0.18
2001,5,26,6,194,670,36,11,-1,43,772,2.4,260,0.18
2001,5,26,7,400,807,56,17,-1,29,777,2.8,260,0.18
2001,5,26,8,602,873,76,20,-3,20,779,3.1,260,0.18
2001,5,26,9,779,903,100,22,-2,20,780,4.6,250,0.18
2001,5,26,10,943,946,123,22,-3,18,780,4.1,280,0.18
2001,5,26,11,1034,1011,86,23,-4,16,780,5.7,190,0.18
2001,5,26,12,1067,1016,93,24,-3,16,781,6.2,210,0.18
2001,5,26,13,1020,1003,88,23,-2,18,780,5.1,260,0.18
2001,5,26,14,930,991,84,24,-1,19,780,7.7,220,0.18
2001,5,26,15,772,904,109,23,-2,18,780,8.2,250,0.18
2001,5,26,16,600,887,87,23,-2,18,780,7.2,240,0.18
2001,5,26,17,410,840,75,22,-2,20,778,7,250,0.18
2001,5,26,18,220,704,73,20,-2,22,776,6.7,260,0.18
2001,5,26,19,7,186,2,17,-3,25,774,4.1,260,0.18
2001,5,26,20,0,0,0,11,-3,36,770,2.6,270,0.18
2001,5,26,21,0,0,0,9,-3,41,769,2.1,270,0.18
2001,5,26,22,0,0,0,8,-2,48,768,1.5,270,0.18
2001,5,26,23,0,0,0,8,-2,48,768,5.7,270,0.18
2001,5,27,0,0,0,0,8,-3,44,768,4.6,280,0.18
2001,5,27,1,0,0,0,8,-4,41,767,4.6,280,0.18
2001,5,27,2,0,0,0,4,-2,64,765,3.1,230,0.18
2001,5,27,3,0,0,0,3,-2,68,765,1.5,220,0.18
2001,5,27,4,0,0,0,2,-3,67,764,2.1,240,0.18
2001,5,27,5,19,269,5,4,-2,64,766,1.5,240,0.18
2001,5,27,6,195,666,37,11,1,50,770,1.5,240,0.18
2001,5,27,7,405,819,56,17,1,34,774,1.5,240,0.18
2001,5,27,8,597,861,77,19,0,28,775,5.7,240,0.18
2001,5,27,9,763,903,83,20,1,28,776,2.1,220,0.18
2001,5,27,10,914,958,83,21,1,26,777,5.7,200,0.18
2001,5,27,11,987,909,134,22,-1,21,777,6.2,220,0.18
2001,5,27,12,964,793,202,22,-2,20,776,3.1,240,0.18
2001,5,27,13,920,755,217,23,0,22,776,6.2,260,0.18
2001,5,27,14,780,596,271,22.7,0.7,23,776,5.6,250,0.18
2001,5,27,15,567,320,332,23,0,22,776,5.1,230,0.18
2001,5,27,16,311,57,278,22,-1,21,776,7.2,200,0.18
2001,5,27,17,235,120,187,21,-2,21,775,6.2,210,0.18
2001,5,27,18,155,307,90,19,0,28,773,3.1,190,0.18
2001,5,27,19,5,84,3,17,-3,25,770,4.6,210,0.18
2001,5,27,20,0,0,0,12,0,44,768,1.5,270,0.18
2001,5,27,21,0,0,0,13,0,41,768,4.6,260,0.18
2001,5,27,22,0,0,0,11,1,50,767,2.6,260,0.18
2001,5,27,23,0,0,0,11,1,50,767,3.1,280,0.18
2001,5,28,0,0,0,0,10,1,54,766,2.1,190,0.18
2001,5,28,1,0,0,0,8,1,61,764,2.1,220,0.18
2001,5,28,2,0,0,0,7,1,66,764,1.5,210,0.18
2001,5,28,3,0,0,0,4,-2,64,762,1.9,230,0.18
2001,5,28,4,0,0,0,4,-1,69,762,2.2,250,0.18
2001,5,28,5,4,0,4,5,-1,64,763,2.6,270,0.18
2001,5,28,6,41,0,41,8,0,57,765,2.1,270,0.18
2001,5,28,7,117,0,117,11,1,50,767,2.6,290,0.18
2001,5,28,8,602,722,166,13,1,44,769,2.4,240,0.18
2001,5,28,9,763,903,82,17,-3,25,771,2.1,200,0.18
2001,5,28,10,920,928,114,18,-3,23,771,4.1,150,0.18
2001,5,28,11,1040,963,136,19,-3,22,772,4.6,120,0.18
2001,5,28,12,1066,919,183,20,-4,19,772,5.7,140,0.18
2001,5,28,13,832,519,348,21,-4,18,773,4.6,140,0.18
2001,5,28,14,760,566,276,21,-5,16,773,3.6,120,0.18
2001,5,28,15,574,326,334,20,-4,19,773,3.1,190,0.18
2001,5,28,16,340,107,278,17,-1,29,772,5.7,310,0.18
2001,5,28,17,182,33,169,16,-3,26,771,7.2,250,0.18
2001,5,28,18,183,263,127,15,-1,33,771,5.7,300,0.18
2001,5,28,19,7,74,5,13,-1,38,770,5.7,270,0.18
2001,5,28,20,0,0,0,12,-1,40,769,4.1,270,0.18
2001,5,28,21,0,0,0,13,0,41,770,5.7,320,0.18
2001,5,28,22,0,0,0,13,0,41,770,5.1,350,0.18
2001,5,28,23,0,0,0,12,1,47,769,4.6,20,0.18
2001,5,29,0,0,0,0,11.3,1.5,51,769,4.9,10,0.18
2001,5,29,1,0,0,0,11,2,54,769,5.1,350,0.18
2001,5,29,2,0,0,0,8,2,66,767,3.6,360,0.18
2001,5,29,3,0,0,0,8,1,61,767,5.7,320,0.18
2001,5,29,4,0,0,0,6,2,75,767,2.1,50,0.18
2001,5,29,5,20,267,6,8,3,71,769,3.6,310,0.18
2001,5,29,6,185,615,37,12,3,54,772,2.1,340,0.18
2001,5,29,7,387,734,72,15,3,44,774,3.1,360,0.18
2001,5,29,8,597,832,94,17,2,36,775,2.1,30,0.18
2001,5,29,9,769,879,105,18,2,34,776,3.6,60,0.18
2001,5,29,10,943,946,121,20,2,30,777,2.1,70,0.18
2001,5,29,11,1040,1011,90,21,1,26,777,3.1,80,0.18
2001,5,29,12,1066,1015,90,22,1,25,778,4.6,360,0.18
2001,5,29,13,1032,1015,86,22,0,23,778,7.2,310,0.18
2001,5,29,14,922,936,120,23,0,22,779,8.7,300,0.18
2001,5,29,15,778,941,85,23,0,22,779,5.7,290,0.18
2001,5,29,16,605,892,85,23,-1,20,779,5.7,350,0.18
2001,5,29,17,407,791,87,22,-1,21,779,6.7,330,0.18
2001,5,29,18,226,741,66,20,0,26,777,3.6,330,0.18
2001,5,29,19,9,216,3,18,-1,27,776,4.6,360,0.18
2001,5,29,20,0,0,0,12,1,47,773,2.6,280,0.18
2001,5,29,21,0,0,0,9,0,53,772,3.4,280,0.18
2001,5,29,22,0,0,0,11,0,47,773,4.1,280,0.18
2001,5,29,23,0,0,0,6,1,70,770,3.9,280,0.18
2001,5,30,0,0,0,0,4,-1,69,769,3.8,290,0.18
2001,5,30,1,0,0,0,5,-1,64,770,3.6,290,0.18
2001,5,30,2,0,0,0,7,0,61,771,3.1,260,0.18
2001,5,30,3,0,0,0,6,0,65,771,3.1,280,0.18
2001,5,30,4,0,0,0,4,-1,69,770,2.6,260,0.18
2001,5,30,5,20,263,6,4,-1,69,771,4.1,270,0.18
2001,5,30,6,189,647,33,7,1,66,774,2.6,280,0.18
2001,5,30,7,411,808,63,14,0,38,779,1.5,330,0.18
2001,5,30,8,603,867,77,17,0,32,781,5.7,20,0.18
2001,5,30,9,763,897,86,19,0,28,783,2.6,360,0.18
2001,5,30,10,920,922,118,20.7,-3,19,784,5.1,330,0.18
2001,5,30,11,1022,993,89,22,-6,14,784,7.7,310,0.18
2001,5,30,12,1048,997,89,22.7,-5.4,14,784,5.1,340,0.18
2001,5,30,13,1032,936,158,22.8,-4.5,15,784,8.2,310,0.18
2001,5,30,14,870,815,171,23,-4,16,784,6.7,330,0.18
2001,5,30,15,778,762,215,22,-6,14,783,8.7,310,0.18
2001,5,30,16,383,188,273,21,-6,15,783,7.2,320,0.18
2001,5,30,17,363,564,133,21,-6,15,783,9.3,300,0.18
2001,5,30,18,208,519,95,18,-7,16,781,7.7,320,0.18
2001,5,30,19,9,156,4,16,-7,19,779,5.7,340,0.18
2001,5,30,20,0,0,0,13,-8,21,778,5.7,350,0.18
2001,5,30,21,0,0,0,13,-8,21,777,5.7,350,0.18
2001,5,30,22,0,0,0,11,-9,22,776,3.6,320,0.18
2001,5,30,23,0,0,0,9,-8,27,774,2.6,350,0.18
2001,5,31,0,0,0,0,8,-8,29,774,3.6,300,0.18
2001,5,31,1,0,0,0,7,-8,31,773,4.1,310,0.18
2001,5,31,2,0,0,0,7,-8,31,773,5.1,330,0.18
2001,5,31,3,0,0,0,6,-8,33,772,5.4,340,0.18
2001,5,31,4,0,0,0,7,-8,31,773,5.7,350,0.18
2001,5,31,5,22,300,6,4,-6,45,772,1.5,280,0.18
2001,5,31,6,201,679,37,13,-6,25,777,7.7,20,0.18
2001,5,31,7,402,786,63,16,-5,22,779,7.2,20,0.18
2001,5,31,8,613,891,73,17,-3,25,780,8.2,40,0.18
2001,5,31,9,774,891,101,19,-4,20,781,6.7,10,0.18
2001,5,31,10,943,946,120,20,-3,20,782,4.1,360,0.18
2001,5,31,11,1040,1011,89,21,-1,23,782,3.1,360,0.18
2001,5,31,12,1054,1003,88,22,-2,20,783,3.6,360,0.18
2001,5,31,13,1032,1015,84,23,-2,18,783,7.2,300,0.18
2001,5,31,14,935,942,126,24,-3,16,783,6.2,320,0.18
2001,5,31,15,784,910,111,23,-7,12,782,8.7,290,0.18
2001,5,31,16,604,917,67,23,-8,11,782,6.7,300,0.18
2001,5,31,17,414,869,59,22,-7,13,782,7.2,310,0.18
2001,5,31,18,235,716,78,20,-7,14,779,5.1,310,0.18
2001,5,31,19,11,221,4,17,-7,17,777,6.2,310,0.18
2001,5,31,20,0,0,0,15,-6,22,777,7.2,310,0.18
2001,5,31,21,0,0,0,13.2,-4.8,28,775,6.3,340,0.18
2001,5,31,22,0,0,0,11.3,-3.8,46,771,5.4,270,0.18
2001,5,31,23,0,0,0,9.5,-2.7,39,771,4.5,310,0.18
1999,6,1,0,0,0,0,7.7,-1.7,77,775,3.5,360,0.19
1999,6,1,1,0,0,0,5.9,-0.6,70,773,2.6,20,0.19
1999,6,1,2,0,0,0,4,0.3,84,772,1.7,20,0.19
1999,6,1,3,0,0,0,2.2,1.4,94,772,0.8,20,0.19
1999,6,1,4,0,0,0,2.2,1.9,98,771,0.9,30,0.19
1999,6,1,5,22,279,7,2.1,2.1,100,770,2.5,50,0.19
1999,6,1,6,193,663,33,8,5,81,769,2.6,60,0.19
1999,6,1,7,407,803,61,13,-10,17,772,1.5,250,0.19
1999,6,1,8,608,867,82,15,-10,15,774,4.6,130,0.19
1999,6,1,9,791,962,63,16,-9,16,774,5.1,160,0.19
1999,6,1,10,909,916,111,17,-9,15,775,6.2,220,0.19
1999,6,1,11,1034,969,122,18,-9,14,775,5.7,150,0.19
1999,6,1,12,1066,943,158,19,-6,17,776,5.7,210,0.19
1999,6,1,13,944,773,222,20,-6,16,776,7.7,230,0.19
1999,6,1,14,727,492,304,19,-8,14,776,6.2,220,0.19
1999,6,1,15,634,504,261,18,-8.4,14,775,7.5,150,0.19
1999,6,1,16,611,722,187,17,-5.8,19,775,12.3,280,0.19
1999,6,1,17,172,33,159,16,-5.1,22,774,11.5,260,0.19
1999,6,1,18,175,191,133,17,-2.5,26,773,10.7,270,0.19
1999,6,1,19,9,60,7,11,-3.9,34,772,8.2,290,0.19
1999,6,1,20,0,0,0,6,-3.3,50,771,5.9,300,0.19
1999,6,1,21,0,0,0,3,-2.6,65,771,5.2,300,0.19
1999,6,1,22,0,0,0,2,-2,73,770,4.6,310,0.19
1999,6,1,23,0,0,0,1,-1.4,83,769,4,300,0.19
1999,6,2,0,0,0,0,1,-0.8,87,768,5.6,340,0.19
1999,6,2,1,0,0,0,-2,-2,100,768,4.3,340,0.19
1999,6,2,2,0,0,0,-2,-2,100,767,3.5,340,0.19
1999,6,2,3,0,0,0,-1,-1,100,766,3.6,340,0.19
1999,6,2,4,0,0,0,-3,-3,100,765,4.4,360,0.19
1999,6,2,5,4,0,4,-1,-1,100,765,3,20,0.19
1999,6,2,6,34,0,34,6,5,93,764,2.1,180,0.19
1999,6,2,7,75,0,75,7,5,87,764,6.7,160,0.19
1999,6,2,8,103,0,103,6,5,93,763,7.7,170,0.19
1999,6,2,9,125,0,125,6,5,93,763,8.2,130,0.19
1999,6,2,10,148,0,148,6,5,93,763,7.2,150,0.19
1999,6,2,11,159,0,159,5,4,93,763,7.7,210,0.19
1999,6,2,12,188,0,188,4,0,75,763,5.7,210,0.19
1999,6,2,13,294,6,288,5,3,87,765,6.7,170,0.19
1999,6,2,14,370,24,349,6,1,70,766,8.2,220,0.19
1999,6,2,15,150,0,150,6.8,2.8,76,766,6.2,230,0.19
1999,6,2,16,140,0,140,9.5,0.5,53,766,7.6,200,0.19
1999,6,2,17,137,0,137,10.3,-0.8,46,766,7.1,200,0.19
1999,6,2,18,245,421,152,6,2,75,766,5.5,230,0.19
1999,6,2,19,13,135,8,0.8,0.8,100,765,3.4,220,0.19
1999,6,2,20,0,0,0,1.5,-1.5,79,765,10.1,250,0.19
1999,6,2,21,0,0,0,-1.8,-1.8,100,765,7,230,0.19
1999,6,2,22,0,0,0,-2,-2,100,765,3.9,310,0.19
1999,6,2,23,0,0,0,-3.3,-3.3,100,765,4.8,230,0.19
1999,6,3,0,0,0,0,-2.5,-2.5,100,765,0.2,270,0.19
1999,6,3,1,0,0,0,-2.8,-2.8,100,765,4.8,200,0.19
1999,6,3,2,0,0,0,-3,-3,100,765,6.8,200,0.19
1999,6,3,3,0,0,0,-3.3,-3.3,100,765,6.3,160,0.19
1999,6,3,4,0,0,0,-2.5,-2.5,100,765,4.2,180,0.19
1999,6,3,5,23,277,7,-0.8,-1.8,92,765,5.7,190,0.19
1999,6,3,6,187,592,42,5,0,70,764,4.6,160,0.19
1999,6,3,7,365,554,125,6,0,65,766,5.7,180,0.19
1999,6,3,8,443,297,263,8,-1,52,767,6.7,180,0.19
1999,6,3,9,665,561,241,10,-3,39,768,7.7,160,0.19
1999,6,3,10,915,862,163,10,-5,33,769,7.7,170,0.19
1999,6,3,11,1034,963,127,11,-5,31,769,7.7,180,0.19
1999,6,3,12,1060,1015,81,13,-5,27,770,8.2,190,0.19
1999,6,3,13,1025,1014,75,14,-7,21,770,8.7,180,0.19
1999,6,3,14,928,991,75,14,-6,23,770,7.2,180,0.19
1999,6,3,15,783,922,99,14.5,-7.4,20,770,9.8,190,0.19
1999,6,3,16,603,878,85,14,-5.8,23,769,8.8,200,0.19
1999,6,3,17,420,860,65,14.5,-4.2,26,768,7.7,230,0.19
1999,6,3,18,242,690,88,11.3,1.1,49,768,6.7,260,0.19
1999,6,3,19,14,227,5,9,-0.7,50,767,4.1,280,0.19
1999,6,3,20,0,0,0,7.9,0.6,60,766,3.6,270,0.19
1999,6,3,21,0,0,0,7.7,-1.2,53,766,3.6,300,0.19
1999,6,3,22,0,0,0,3.5,-3,61,765,2.5,50,0.19
1999,6,3,23,0,0,0,2.3,-2.8,67,764,3.1,300,0.19
1999,6,4,0,0,0,0,0.2,-3.5,74,764,1,280,0.19
1999,6,4,1,0,0,0,0,-4.3,70,763,3.1,350,0.19
1999,6,4,2,0,0,0,-0.2,-3,79,762,3.6,360,0.19
1999,6,4,3,0,0,0,-3.5,-3.8,97,762,1.6,100,0.19
1999,6,4,4,0,0,0,-3.6,-3.6,100,761,0,0,0.19
1999,6,4,5,7,0,7,0.2,-1.3,88,760,0,0,0.19
1999,6,4,6,64,0,64,5,0,70,760,2.1,150,0.19
1999,6,4,7,154,11,150,7,-4,44,761,4.6,150,0.19
1999,6,4,8,124,0,124,6,-6,39,761,6.7,160,0.19
1999,6,4,9,158,0,158,2,0,87,760,8.2,220,0.19
1999,6,4,10,187,0,187,0,-1,92,760,4.1,200,0.19
1999,6,4,11,235,6,229,0,-2,85,761,9.3,200,0.19
1999,6,4,12,369,30,340,-1,-2,92,761,4.1,160,0.19
1999,6,4,13,263,6,257,2,-1,80,762,3.1,170,0.19
1999,6,4,14,493,109,399,2,0,87,763,9.3,180,0.19
1999,6,4,15,436,123,344,3,0.7,85,763,6.4,180,0.19
1999,6,4,16,499,420,251,2.9,0.4,84,763,8.2,170,0.19
1999,6,4,17,154,0,154,3.9,0,76,763,6.9,140,0.19
1999,6,4,18,127,90,107,2.7,-0.3,80,763,6.2,170,0.19
1999,6,4,19,8,30,6,0.7,-0.6,90,763,5.9,210,0.19
1999,6,4,20,0,0,0,-5.4,-5.4,100,763,5.6,150,0.19
1999,6,4,21,0,0,0,-2.4,-2.4,100,763,7.3,180,0.19
1999,6,4,22,0,0,0,-4.5,-4.5,100,764,6.5,160,0.19
1999,6,4,23,0,0,0,-8.5,-8.5,100,764,6.7,160,0.19
1999,6,5,0,0,0,0,-6.6,-6.6,100,764,4.9,160,0.19
1999,6,5,1,0,0,0,-8.6,-8.6,100,764,4.6,170,0.19
1999,6,5,2,0,0,0,-6.8,-6.8,100,764,4.9,180,0.19
1999,6,5,3,0,0,0,-6.8,-6.8,100,764,3,140,0.19
1999,6,5,4,0,0,0,-6.9,-6.9,100,764,2.7,150,0.19
1999,6,5,5,4,0,4,-4.9,-4.9,100,764,3.5,160,0.19
1999,6,5,6,34,0,34,3,1,87,764,2.1,140,0.19
1999,6,5,7,122,0,122,4,1,81,765,4.1,290,0.19
1999,6,5,8,160,0,160,5,2,81,766,5.1,290,0.19
1999,6,5,9,142,0,142,6,2,75,767,8.7,280,0.19
1999,6,5,10,148,0,148,6,2,75,768,5.7,290,0.19
1999,6,5,11,170,6,165,7,2,70,769,7.7,300,0.19
1999,6,5,12,599,174,431,8,1,61,770,9.3,300,0.19
1999,6,5,13,738,320,437,9,6,81,771,6.2,310,0.19
1999,6,5,14,402,61,350,9,5,76,772,9.3,300,0.19
1999,6,5,15,204,12,195,11,5.2,67,773,8.2,290,0.19
1999,6,5,16,609,633,234,11,4.3,63,773,6.4,310,0.19
1999,6,5,17,392,700,101,10,2.5,60,773,8.4,280,0.19
1999,6,5,18,209,505,95,10,1.7,56,772,6.8,280,0.19
1999,6,5,19,13,174,6,9,-0.2,52,771,7.1,290,0.19
1999,6,5,20,0,0,0,8,-2,48,770,6.5,300,0.19
1999,6,5,21,0,0,0,8,-2.8,45,770,4.3,320,0.19
1999,6,5,22,0,0,0,7,-3.7,45,770,2.6,120,0.19
1999,6,5,23,0,0,0,6,-4.5,45,769,2.5,130,0.19
1999,6,6,0,0,0,0,6,-4.3,46,769,2.9,100,0.19
1999,6,6,1,0,0,0,7,-6.2,36,770,3.2,60,0.19
1999,6,6,2,0,0,0,6,-6,39,769,2.9,340,0.19
1999,6,6,3,0,0,0,2,-6,52,767,2.6,250,0.19
1999,6,6,4,0,0,0,3,-6,49,768,3.6,280,0.19
1999,6,6,5,25,314,7,7,-5,40,771,2.1,270,0.19
1999,6,6,6,202,671,38,12,-1,40,775,2.6,320,0.19
1999,6,6,7,408,814,54,17,-1,29,778,3.1,350,0.19
1999,6,6,8,603,774,132,19,-3,22,779,4.1,300,0.19
1999,6,6,9,622,460,273,21,-1,23,781,4.6,290,0.19
1999,6,6,10,880,755,221,22,1,25,781,5.1,330,0.19
1999,6,6,11,252,12,241,23,1,23,782,1.5,50,0.19
1999,6,6,12,212,12,200,24,1,22,783,1.5,120,0.19
1999,6,6,13,837,513,356,24,2,24,782,6.2,130,0.19
1999,6,6,14,765,547,293,23,1,23,782,4.1,170,0.19
1999,6,6,15,415,104,337,23,2,25,783,3.1,290,0.19
1999,6,6,16,594,683,188,24,2,24,783,5.7,270,0.19
1999,6,6,17,417,845,65,24,2,24,782,4.6,290,0.19
1999,6,6,18,249,714,86,22.9,0.3,22,781,6.2,310,0.19
1999,6,6,19,17,251,6,19.8,-0.5,25,779,4.6,290,0.19
1999,6,6,20,0,0,0,13.7,-0.2,38,776,3.1,40,0.19
1999,6,6,21,0,0,0,10.5,1,52,775,2.1,290,0.19
1999,6,6,22,0,0,0,8.4,0.3,57,773,4.6,280,0.19
1999,6,6,23,0,0,0,8.3,1.6,63,773,1.5,260,0.19
1999,6,7,0,0,0,0,6.2,1.8,73,772,3.1,270,0.19
1999,6,7,1,0,0,0,6.1,2.1,76,772,4.1,280,0.19
1999,6,7,2,0,0,0,5,1.4,78,771,4.1,280,0.19
1999,6,7,3,0,0,0,4.8,1.6,80,772,3.1,280,0.19
1999,6,7,4,0,0,0,2.7,1.9,94,770,3.1,280,0.19
1999,6,7,5,26,315,7,4.6,3.1,90,772,1.5,280,0.19
1999,6,7,6,195,645,37,10.5,4.4,66,776,1.5,350,0.19
1999,6,7,7,408,798,62,13.8,-1.2,35,779,5.7,50,0.19
1999,6,7,8,603,885,64,16.1,-1.7,29,781,2.6,30,0.19
1999,6,7,9,786,909,96,18.3,0,29,783,2.6,60,0.19
1999,6,7,10,943,999,71,18.8,0,28,784,2.6,90,0.19
1999,6,7,11,1033,1011,80,20.1,-0.3,25,785,4.1,100,0.19
1999,6,7,12,1059,1015,78,21.1,-0.6,23,783,2.1,50,0.19
1999,6,7,13,1031,1014,78,20.5,-1.2,23,781,9.8,350,0.19
1999,6,7,14,933,991,77,19.2,2.4,33,781,3.1,60,0.19
1999,6,7,15,782,915,99,19.9,4,35,781,4.6,20,0.19
1999,6,7,16,615,915,71,22.6,3.7,29,782,3.6,360,0.19
1999,6,7,17,425,858,66,19.3,4.3,37,780,3.2,10,0.19
1999,6,7,18,247,711,83,18,5.3,43,778,2.9,360,0.19
1999,6,7,19,17,255,6,13.7,3.4,50,775,2.5,350,0.19
1999,6,7,20,0,0,0,12.3,1.4,47,773,2.1,340,0.19
1999,6,7,21,0,0,0,7,-0.5,59,770,3.6,240,0.19
1999,6,7,22,0,0,0,6.6,-0.4,61,769,3.6,230,0.19
1999,6,7,23,0,0,0,6.3,-1.4,57,768,3.1,190,0.19
1999,6,8,0,0,0,0,4.9,-2.3,58,767,2.6,180,0.19
1999,6,8,1,0,0,0,4.6,-2.3,60,766,3.6,180,0.19
1999,6,8,2,0,0,0,4.3,-2.3,61,766,3.6,140,0.19
1999,6,8,3,0,0,0,3,-3.2,62,765,4.1,150,0.19
1999,6,8,4,0,0,0,2.6,-3.1,64,764,2.1,150,0.19
1999,6,8,5,27,336,7,3.3,-3,61,764,3.6,110,0.19
1999,6,8,6,207,692,36,8,-1,52,767,2.6,110,0.19
1999,6,8,7,412,832,51,12,-5,29,770,6.2,130,0.19
1999,6,8,8,614,908,60,13,-7,23,771,8.2,130,0.19
1999,6,8,9,796,968,62,16,-6,20,773,7.2,130,0.19
1999,6,8,10,943,999,71,18,-8,15,775,7.2,220,0.19
1999,6,8,11,1033,1011,79,18,-7,16,775,7.2,230,0.19
1999,6,8,12,1059,1015,78,19,-6,17,775,9.3,230,0.19
1999,6,8,13,1031,1014,78,19,-6,17,775,10.3,230,0.19
1999,6,8,14,933,991,76,20,-5,17,775,9.3,240,0.19
1999,6,8,15,789,958,72,19.9,-4.9,17,775,10,250,0.19
1999,6,8,16,622,921,73,18.9,-6.8,16,774,10.6,270,0.19
1999,6,8,17,433,870,67,18.8,-4.6,19,774,9.6,280,0.19
1999,6,8,18,244,765,68,16.8,-4.5,22,773,8.6,280,0.19
1999,6,8,19,18,279,5,11.7,-4.4,31,773,4.6,270,0.19
1999,6,8,20,0,0,0,7.3,-5.8,37,772,4.2,290,0.19
1999,6,8,21,0,0,0,4.6,-6.1,43,772,3.8,300,0.19
1999,6,8,22,0,0,0,0.5,-5,63,772,2.4,270,0.19
1999,6,8,23,0,0,0,1.4,-4.9,60,771,4,290,0.19
1999,6,9,0,0,0,0,0.4,-4.8,65,771,4.6,290,0.19
1999,6,9,1,0,0,0,-0.7,-2.6,85,770,0,0,0.19
1999,6,9,2,0,0,0,0.3,-5.5,62,770,0,0,0.19
1999,6,9,3,0,0,0,0.2,-5.4,63,769,1.8,260,0.19
1999,6,9,4,0,0,0,-3.9,-5.3,89,769,0.8,260,0.19
1999,6,9,5,27,340,7,-0.9,-3.1,83,768,0.9,260,0.19
1999,6,9,6,207,692,36,6,-3,51,768,2.6,260,0.19
1999,6,9,7,413,832,51,10,-2,42,771,3.6,60,0.19
1999,6,9,8,608,897,62,13,-3,32,773,2.6,10,0.19
1999,6,9,9,791,956,66,15,-7,20,774,2.6,240,0.19
1999,6,9,10,943,999,70,17,-7,17,776,3.1,210,0.19
1999,6,9,11,1033,963,124,17,-8,16,776,5.1,180,0.19
1999,6,9,12,1029,937,123,18.3,-7.7,15,776,6,200,0.19
1999,6,9,13,1024,1008,76,19.2,-7.4,15,776,6.8,220,0.19
1999,6,9,14,933,991,75,20,-7,14,777,7.7,240,0.19
1999,6,9,15,788,921,98,19.1,-5.6,17,776,5.5,230,0.19
1999,6,9,16,607,871,87,19.3,-6.1,16,776,6,240,0.19
1999,6,9,17,432,870,66,18.4,-5.7,18,775,5.4,220,0.19
1999,6,9,18,243,754,67,17.6,-6.3,18,775,7.5,220,0.19
1999,6,9,19,18,279,5,13.6,-7.8,20,774,5.8,230,0.19
1999,6,9,20,0,0,0,8.7,-9.4,24,774,5.3,240,0.19
1999,6,9,21,0,0,0,3.9,-8,38,773,4.2,240,0.19
1999,6,9,22,0,0,0,0,-6.6,57,772,3.1,230,0.19
1999,6,9,23,0,0,0,-1.9,-8,59,772,2,230,0.19
1999,6,10,0,0,0,0,-1.7,-7.6,60,771,3,260,0.19
1999,6,10,1,0,0,0,-2.6,-7.2,68,771,2.6,260,0.19
1999,6,10,2,0,0,0,-1.4,-6.7,64,770,2.2,250,0.19
1999,6,10,3,0,0,0,-3.4,-6.3,78,770,1.8,250,0.19
1999,6,10,4,0,0,0,-1.3,-5.9,68,769,3.3,270,0.19
1999,6,10,5,26,311,7,-0.1,-3.4,76,769,2.8,290,0.19
1999,6,10,6,203,677,36,7,-1,56,768,2.1,310,0.19
1999,6,10,7,408,798,61,13,-1,38,772,2.1,310,0.19
1999,6,10,8,608,897,62,15,-6,22,774,3.1,330,0.19
1999,6,10,9,786,950,65,17,-8,16,775,4.1,310,0.19
1999,6,10,10,920,839,188,17,-8,16,776,4.6,300,0.19
1999,6,10,11,411,72,343,18,-5,19,776,2.6,290,0.19
1999,6,10,12,999,793,231,18,-6,18,776,2.6,270,0.19
1999,6,10,13,450,97,359,19,-6,17,777,6.2,260,0.19
1999,6,10,14,913,729,281,18,-6,18,776,7.2,270,0.19
1999,6,10,15,346,98,273,16.7,-6,19,776,6.3,290,0.19
1999,6,10,16,468,363,251,18.3,-5,19,775,7,310,0.19
1999,6,10,17,338,408,166,16,-5.9,20,775,5.1,290,0.19
1999,6,10,18,241,424,141,13.9,-4.8,26,775,4.1,290,0.19
1999,6,10,19,19,159,11,12,-3.6,32,775,3.8,300,0.19
1999,6,10,20,0,0,0,7.9,-4.5,39,774,3.6,300,0.19
1999,6,10,21,0,0,0,5,-4.4,48,774,3.3,290,0.19
1999,6,10,22,0,0,0,5,-4.2,49,774,3.1,300,0.19
1999,6,10,23,0,0,0,2,-4,62,774,3.3,300,0.19
1999,6,11,0,0,0,0,4,-3.9,54,773,4.9,270,0.19
1999,6,11,1,0,0,0,0,-4.8,67,773,2.5,240,0.19
1999,6,11,2,0,0,0,0,-4.6,68,773,4.2,190,0.19
1999,6,11,3,0,0,0,0,-4.5,69,773,2.8,170,0.19
1999,6,11,4,0,0,0,0,-4.3,70,772,3.9,150,0.19
1999,6,11,5,26,312,7,1,-3.1,72,772,3.3,240,0.19
1999,6,11,6,196,645,36,8,-1,52,772,2.6,320,0.19
1999,6,11,7,403,786,62,12,-1,40,775,2.6,20,0.19
1999,6,11,8,608,868,80,14,-1,35,776,3.6,50,0.19
1999,6,11,9,785,785,190,17,-2,27,777,0,0,0.19
1999,6,11,10,443,125,334,18,-5,19,779,1.5,300,0.19
1999,6,11,11,798,490,335,18,-6,18,779,3.1,240,0.19
1999,6,11,12,823,493,346,18,-4,21,779,3.6,200,0.19
1999,6,11,13,643,229,427,20,-2,22,780,4.1,170,0.19
1999,6,11,14,719,456,323,21,-4,18,781,5.1,230,0.19
1999,6,11,15,645,479,286,21.2,-2.6,20,781,9.3,240,0.19
1999,6,11,16,110,0,110,20.4,-3.1,20,780,9.1,220,0.19
1999,6,11,17,397,494,188,20.5,-2.6,20,780,7.7,230,0.19
1999,6,11,18,80,0,80,19.8,-3.3,20,780,3.6,270,0.19
1999,6,11,19,7,0,7,16,-5.9,20,779,4.6,260,0.19
1999,6,11,20,0,0,0,7.2,-9.4,27,779,1.4,140,0.19
1999,6,11,21,0,0,0,6.4,-7,35,779,1.5,160,0.19
1999,6,11,22,0,0,0,4.5,-8.5,35,778,1.7,300,0.19
1999,6,11,23,0,0,0,4.1,-7.5,40,778,1.6,180,0.19
1999,6,12,0,0,0,0,3.8,-6.6,44,777,3.6,260,0.19
1999,6,12,1,0,0,0,2,-7.2,47,777,1.8,210,0.19
1999,6,12,2,0,0,0,2.3,-5.8,52,777,1.8,230,0.19
1999,6,12,3,0,0,0,1.5,-4.3,63,776,1.9,240,0.19
1999,6,12,4,0,0,0,1.6,-3.9,64,776,2,250,0.19
1999,6,12,5,26,312,7,2.8,-3.5,61,775,2,270,0.19
1999,6,12,6,196,651,35,9,0,53,775,2.1,280,0.19
1999,6,12,7,413,809,61,14,-6,23,779,2.6,60,0.19
1999,6,12,8,608,897,62,17,-3,25,781,4.1,40,0.19
1999,6,12,9,791,956,66,18,-4,21,782,3.1,20,0.19
1999,6,12,10,937,886,163,19,-7,15,783,2.6,100,0.19
1999,6,12,11,716,287,445,21,-6,15,784,3.6,180,0.19
1999,6,12,12,889,541,366,21.1,-5,16,784,4.4,240,0.19
1999,6,12,13,443,91,358,21,-4,18,784,5.1,300,0.19
1999,6,12,14,861,644,302,23,-3,17,785,3.1,20,0.19
1999,6,12,15,421,104,342,24.3,-0.3,20,783,8,30,0.19
1999,6,12,16,248,25,233,23.5,-0.5,20,781,6.3,80,0.19
1999,6,12,17,413,592,162,22.8,-1.8,19,780,6,80,0.19
1999,6,12,18,251,731,77,21,-4,18,778,3.8,100,0.19
1999,6,12,19,21,283,7,19.3,-6.3,16,776,1,110,0.19
1999,6,12,20,0,0,0,15.5,-9.5,15,774,1.8,140,0.19
1999,6,12,21,0,0,0,9.8,-11.8,18,772,1.6,160,0.19
1999,6,12,22,0,0,0,13,-9,19,771,0,0,0.19
1999,6,12,23,0,0,0,6.3,-12.3,22,769,1.2,200,0.19
1999,6,13,0,0,0,0,5.5,-12.5,23,767,3.5,220,0.19
1999,6,13,1,0,0,0,3.8,-12.8,25,766,1.2,240,0.19
1999,6,13,2,0,0,0,4,-13,24,764,2.1,250,0.19
1999,6,13,3,0,0,0,3,-12,29,763,3.1,270,0.19
1999,6,13,4,0,0,0,2,-12,31,763,0,0,0.19
1999,6,13,5,26,312,7,4,-11,29,762,4.1,280,0.19
1999,6,13,6,203,677,36,10,-9,23,761,2.6,360,0.19
1999,6,13,7,408,815,54,16,-8,17,760,5.1,20,0.19
1999,6,13,8,603,885,64,20,-6,16,764,4.1,360,0.19
1999,6,13,9,785,950,65,22,-7,13,764,3.1,350,0.19
1999,6,13,10,920,969,73,24,-5,13,765,4.6,340,0.19
1999,6,13,11,1033,969,118,24,-5,13,766,4.6,310,0.19
1999,6,13,12,1041,991,81,27,-3,13,766,6.2,300,0.19
1999,6,13,13,1018,996,79,26,-3,14,766,3.6,270,0.19
1999,6,13,14,926,978,76,26.6,-1.8,15,767,6.7,290,0.19
1999,6,13,15,787,951,71,28,-1,15,767,5.7,310,0.19
1999,6,13,16,628,902,86,27.5,-0.8,16,767,5.7,290,0.19
1999,6,13,17,421,789,85,27,-1,16,767,5.1,310,0.19
1999,6,13,18,249,729,75,24.3,-4.8,13,767,4.1,310,0.19
1999,6,13,19,22,286,7,19.6,-8.5,13,766,4.1,310,0.19
1999,6,13,20,0,0,0,15,-13,12,766,0,0,0.19
1999,6,13,21,0,0,0,16,-12,12,766,3.1,90,0.19
1999,6,13,22,0,0,0,9,-13,17,766,1.5,280,0.19
1999,6,13,23,0,0,0,9,-13,17,766,3.1,300,0.19
1999,6,14,0,0,0,0,7,-13,20,766,4.1,270,0.19
1999,6,14,1,0,0,0,7,-13,20,766,4.1,270,0.19
1999,6,14,2,0,0,0,5.9,-12,23,766,4.1,270,0.19
1999,6,14,3,0,0,0,5,-11,27,766,4.1,270,0.19
1999,6,14,4,0,0,0,4,-10,32,766,5.1,280,0.19
1999,6,14,5,26,312,7,6,-9,30,766,4.1,270,0.19
1999,6,14,6,192,625,38,11,-7,26,766,2.6,260,0.19
1999,6,14,7,398,730,82,17,-7,17,766,1.5,40,0.19
1999,6,14,8,526,559,186,23,-5,14,767,5.7,150,0.19
1999,6,14,9,753,820,131,24,-4,15,769,6.7,150,0.19
1999,6,14,10,920,928,110,26,-3,14,767,5.7,150,0.19
1999,6,14,11,968,801,211,27,-3,13,769,9.3,150,0.19
1999,6,14,12,278,12,267,28,-2,14,770,6.2,120,0.19
1999,6,14,13,268,12,257,28,-2,14,771,6.2,170,0.19
1999,6,14,14,861,693,259,29,-2,13,770,6.2,140,0.19
1999,6,14,15,794,878,133,28,-3,13,770,5.1,150,0.19
1999,6,14,16,620,908,73,28,-3,13,770,9.8,140,0.19
1999,6,14,17,445,867,75,27,-4,12,770,3.1,150,0.19
1999,6,14,18,248,767,64,24.9,-6.2,12,771,8.1,180,0.19
1999,6,14,19,22,304,6,21.8,-6.3,14,771,4.4,150,0.19
1999,6,14,20,0,0,0,15.8,-10.5,14,772,1.3,320,0.19
1999,6,14,21,0,0,0,15.7,-9.6,15,772,2.8,240,0.19
1999,6,14,22,0,0,0,11.6,-8.8,21,773,3.7,270,0.19
1999,6,14,23,0,0,0,10.5,-8.9,23,773,3.6,270,0.19
1999,6,15,0,0,0,0,6.5,-9.1,29,773,1.6,240,0.19
1999,6,15,1,0,0,0,3.4,-9.2,36,774,0,0,0.19
1999,6,15,2,0,0,0,1.3,-9.4,41,774,1.4,270,0.19
1999,6,15,3,0,0,0,0.2,-7.5,52,774,3.3,260,0.19
1999,6,15,4,0,0,0,1.2,-3.7,67,774,3.3,260,0.19
1999,6,15,5,25,237,11,5.1,-0.8,65,774,2.7,260,0.19
1999,6,15,6,188,593,42,13,2,47,775,2.6,260,0.19
1999,6,15,7,403,747,79,18,-1,27,778,0,0,0.19
1999,6,15,8,608,868,81,21,1,26,779,2.1,70,0.19
1999,6,15,9,785,785,190,23,-1,20,781,3.6,140,0.19
1999,6,15,10,307,42,270,24,-2,17,782,3.1,190,0.19
1999,6,15,11,757,359,418,23,-3,17,781,5.7,230,0.19
1999,6,15,12,883,529,371,24,-2,17,782,7.2,260,0.19
1999,6,15,13,493,139,362,25,-1,18,782,6.7,230,0.19
1999,6,15,14,938,814,230,24.9,-0.3,19,782,8.2,230,0.19
1999,6,15,15,794,957,72,24.9,0.4,20,781,5.8,170,0.19
1999,6,15,16,627,895,87,24.8,3.1,24,781,5.3,190,0.19
1999,6,15,17,420,775,88,23.8,1.8,24,780,6.4,180,0.19
1999,6,15,18,259,623,109,22.7,1.5,25,780,4.3,180,0.19
1999,6,15,19,24,250,10,18.6,0.2,29,779,1.9,180,0.19
1999,6,15,20,0,0,0,15.6,-5.1,22,779,1.9,240,0.19
1999,6,15,21,0,0,0,15.5,-3.4,26,778,4.1,230,0.19
1999,6,15,22,0,0,0,10.5,-7.6,25,777,4.6,230,0.19
1999,6,15,23,0,0,0,9.4,-7.9,27,777,3.7,240,0.19
1999,6,16,0,0,0,0,7.4,-8.2,30,776,3.7,250,0.19
1999,6,16,1,0,0,0,4.8,-6.4,41,776,2.3,260,0.19
1999,6,16,2,0,0,0,2.2,-4.8,57,775,1.2,130,0.19
1999,6,16,3,0,0,0,2.2,-3.1,66,775,2,210,0.19
1999,6,16,4,0,0,0,2.1,-3.4,65,774,2,220,0.19
1999,6,16,5,16,36,14,3.1,-1.7,70,773,0,0,0.19
1999,6,16,6,124,120,95,10,2,57,773,0,0,0.19
1999,6,16,7,347,486,136,17,1,34,777,0,0,0.19
1999,6,16,8,557,652,160,21,-1,23,780,4.6,280,0.19
1999,6,16,9,573,313,335,22,0,23,782,7.2,240,0.19
1999,6,16,10,891,797,196,23,0,22,782,5.1,230,0.19
1999,6,16,11,604,203,412,23,0,22,782,5.7,250,0.19
1999,6,16,12,659,222,444,24,0,20,782,8.2,230,0.19
1999,6,16,13,849,586,296,23.6,0.4,22,782,5.1,210,0.19
1999,6,16,14,776,601,253,23,1,23,782,5.1,200,0.19
1999,6,16,15,664,583,225,26.2,4.9,25,781,6.6,220,0.19
1999,6,16,16,539,557,203,24.4,3.9,26,781,4.7,250,0.19
1999,6,16,17,260,158,192,24.6,5.8,30,781,6.2,230,0.19
1999,6,16,18,219,417,119,23.8,4.8,29,780,4.3,240,0.19
1999,6,16,19,21,169,11,18.9,1.7,32,780,3.2,230,0.19
1999,6,16,20,0,0,0,17.1,0.6,33,779,3.2,230,0.19
1999,6,16,21,0,0,0,14.3,-1.4,33,779,4.9,230,0.19
1999,6,16,22,0,0,0,11.5,-2.5,37,779,3.8,240,0.19
1999,6,16,23,0,0,0,8.7,-4.6,37,778,3.8,240,0.19
1999,6,17,0,0,0,0,3.9,-3.6,56,778,2.9,220,0.19
1999,6,17,1,0,0,0,5.1,-0.7,66,778,2.9,190,0.19
1999,6,17,2,0,0,0,4.3,-0.8,69,777,2.4,170,0.19
1999,6,17,3,0,0,0,4.4,1.2,80,777,3.5,150,0.19
1999,6,17,4,0,0,0,2.6,2.1,96,777,0,0,0.19
1999,6,17,5,25,236,11,5.8,3.1,83,776,0,0,0.19
1999,6,17,6,188,593,42,13,7,67,776,3.1,160,0.19
1999,6,17,7,394,758,65,14.8,7.8,63,777,5.1,140,0.19
1999,6,17,8,577,792,96,15,8,63,779,7.2,120,0.19
1999,6,17,9,769,856,120,17,6,48,780,6.7,150,0.19
1999,6,17,10,857,755,198,19,7,46,780,9.3,130,0.19
1999,6,17,11,991,921,121,18,6,45,780,5.1,170,0.19
1999,6,17,12,1022,955,96,22,1,25,781,8.2,230,0.19
1999,6,17,13,986,851,183,23,-1,20,782,7.7,250,0.19
1999,6,17,14,731,413,371,19,8,49,780,5.1,190,0.19
1999,6,17,15,129,0,129,20.4,10.3,52,780,6.1,210,0.19
1999,6,17,16,168,0,168,19.8,8.5,48,779,3.5,220,0.19
1999,6,17,17,419,597,162,20.1,9.8,51,779,2.5,180,0.19
1999,6,17,18,244,738,65,18.5,8,50,779,3.5,210,0.19
1999,6,17,19,24,302,6,14.9,4.3,49,778,0.5,170,0.19
1999,6,17,20,0,0,0,13.3,2.5,48,778,1,160,0.19
1999,6,17,21,0,0,0,11.6,1.8,51,778,0,0,0.19
1999,6,17,22,0,0,0,11,1,50,777,0,0,0.19
1999,6,17,23,0,0,0,7.4,-2.8,47,777,1.1,110,0.19
1999,6,18,0,0,0,0,4.8,-4.5,49,777,1.6,130,0.19
1999,6,18,1,0,0,0,1.1,-5.3,59,776,0.6,120,0.19
1999,6,18,2,0,0,0,-1.5,-6,68,776,0,0,0.19
1999,6,18,3,0,0,0,-1.1,-1.8,94,776,0,0,0.19
1999,6,18,4,0,0,0,1.3,-1.5,80,775,0.6,20,0.19
1999,6,18,5,26,317,7,2.6,-0.3,81,775,0,0,0.19
1999,6,18,6,195,660,33,10,2,57,775,0,0,0.19
1999,6,18,7,412,814,60,16,5,48,779,0,0,0.19
1999,6,18,8,603,891,62,20,0,26,782,1.5,90,0.19
1999,6,18,9,785,909,97,21,3,30,782,4.6,170,0.19
1999,6,18,10,942,999,70,23,-3,17,784,7.2,210,0.19
1999,6,18,11,1032,1011,78,23,-3,17,784,6.2,250,0.19
1999,6,18,12,1064,1015,80,24,-2,17,784,3.1,250,0.19
1999,6,18,13,1036,1008,84,26,-2,15,785,5.1,250,0.19
1999,6,18,14,938,990,75,24,-1,19,784,2.6,130,0.19
1999,6,18,15,793,951,74,24.4,1.5,22,783,9.3,150,0.19
1999,6,18,16,626,913,73,23.1,2.1,25,783,5.9,150,0.19
1999,6,18,17,452,873,76,22.3,-1.8,20,782,6,170,0.19
1999,6,18,18,256,807,59,20.6,-1.7,22,782,3.1,180,0.19
1999,6,18,19,25,333,6,17.8,-4.7,20,781,2.7,190,0.19
1999,6,18,20,0,0,0,14.9,-6.7,20,781,1.8,210,0.19
1999,6,18,21,0,0,0,13.2,-8.6,19,780,0,0,0.19
1999,6,18,22,0,0,0,13.4,-8.5,19,780,2.1,250,0.19
1999,6,18,23,0,0,0,11.5,-8.4,22,779,1.7,250,0.19
1999,6,19,0,0,0,0,11.8,-7.4,24,779,2.3,230,0.19
1999,6,19,1,0,0,0,10,-9.3,23,778,0.9,270,0.19
1999,6,19,2,0,0,0,7.2,-9.2,27,778,1.6,340,0.19
1999,6,19,3,0,0,0,4.4,-10.2,31,777,1.2,360,0.19
1999,6,19,4,0,0,0,2.6,-9.2,38,777,0.8,340,0.19
1999,6,19,5,26,319,7,4.9,-7.1,39,776,1,280,0.19
1999,6,19,6,203,676,37,12,-2,37,776,3.1,280,0.19
1999,6,19,7,407,820,53,16,-1,31,778,0,0,0.19
1999,6,19,8,598,879,64,21,-1,23,781,0,0,0.19
1999,6,19,9,774,867,117,24,-1,19,783,4.1,200,0.19
1999,6,19,10,783,595,264,24,-6,12,783,3.6,200,0.19
1999,6,19,11,1032,915,168,25,-6,12,784,4.1,210,0.19
1999,6,19,12,1052,1003,80,26,-6,11,784,4.1,270,0.19
1999,6,19,13,1035,1008,84,28,-3,13,785,7.2,210,0.19
1999,6,19,14,938,942,117,28,-7,9,784,4.1,220,0.19
1999,6,19,15,752,798,149,26.7,-4.6,12,784,5.8,260,0.19
1999,6,19,16,633,901,87,24,-2,17,783,7.6,300,0.19
1999,6,19,17,443,853,75,24,-2.5,17,783,4.7,30,0.19
1999,6,19,18,255,798,60,23,-1,20,782,5.4,50,0.19
1999,6,19,19,26,331,6,19,-2.5,23,782,9.7,90,0.19
1999,6,19,20,0,0,0,17,-2,27,781,5.8,80,0.19
1999,6,19,21,0,0,0,14.7,-1.8,31,781,6.2,70,0.19
1999,6,19,22,0,0,0,12.4,-1.7,37,780,6.5,60,0.19
1999,6,19,23,0,0,0,11,-1.5,41,780,6.8,50,0.19
1999,6,20,0,0,0,0,10,0,50,779,7.6,80,0.19
1999,6,20,1,0,0,0,8,-0.5,55,779,6.7,90,0.19
1999,6,20,2,0,0,0,8,0,57,778,6.5,110,0.19
1999,6,20,3,0,0,0,7,0,61,777,8.4,140,0.19
1999,6,20,4,0,0,0,7,0,61,776,8.3,160,0.19
1999,6,20,5,26,318,7,8,0,57,775,7.8,180,0.19
1999,6,20,6,195,655,35,14,2,44,774,3.6,280,0.19
1999,6,20,7,402,809,54,18,2,34,776,2.6,150,0.19
1999,6,20,8,592,867,67,22,-1,21,778,6.2,170,0.19
1999,6,20,9,763,909,76,24,-2,17,778,4.1,170,0.19
1999,6,20,10,902,904,114,26,-4,13,779,2.6,150,0.19
1999,6,20,11,950,759,233,25,-3,15,779,6.2,170,0.19
1999,6,20,12,169,12,158,27,-3,13,779,3.1,160,0.19
1999,6,20,13,936,688,286,28,-4,12,779,1.5,300,0.19
1999,6,20,14,459,97,374,28,-1,15,779,7.2,250,0.19
1999,6,20,15,494,172,364,28,-2,14,778,6.7,270,0.19
1999,6,20,16,422,238,278,27,-2,15,778,5.8,260,0.19
1999,6,20,17,92,0,92,26.4,-3.1,14,777,4.5,290,0.19
1999,6,20,18,101,0,101,25,-4,14,777,3.2,300,0.19
1999,6,20,19,10,0,10,21,-4,18,776,2.3,280,0.19
1999,6,20,20,0,0,0,22,-3,18,776,2.8,310,0.19
1999,6,20,21,0,0,0,22,-2,20,776,3.8,300,0.19
1999,6,20,22,0,0,0,15,-3,28,775,0.3,320,0.19
1999,6,20,23,0,0,0,12.7,-3.1,32,775,0.6,330,0.19
1999,6,21,0,0,0,0,10.3,-3.5,36,774,0.9,340,0.19
1999,6,21,1,0,0,0,8.1,-3.6,42,774,1.1,350,0.19
1999,6,21,2,0,0,0,6,-4,47,773,1.5,350,0.19
1999,6,21,3,0,0,0,7.1,-4,43,773,1,360,0.19
1999,6,21,4,0,0,0,8.4,-4.6,38,773,1.7,330,0.19
1999,6,21,5,24,281,8,11.4,-4.2,32,772,2.4,320,0.19
1999,6,21,6,187,608,39,18,-2,25,772,3.1,290,0.19
1999,6,21,7,398,780,62,19,-2,24,773,1.5,150,0.19
1999,6,21,8,592,838,85,21,-1,23,775,4.1,140,0.19
1999,6,21,9,774,820,154,22,-4,17,776,5.7,160,0.19
1999,6,21,10,686,375,360,23,-4,16,776,7.2,160,0.19
1999,6,21,11,850,562,319,24,-4,15,778,5.1,220,0.19
1999,6,21,12,937,691,267,26,-3,14,778,5.1,180,0.19
1999,6,21,13,904,652,288,26.1,-3.1,14,779,6.7,180,0.19
1999,6,21,14,937,911,142,26,-3,14,779,9.3,160,0.19
1999,6,21,15,792,914,100,22,-4,17,777,5.3,190,0.19
1999,6,21,16,604,794,121,22,-4,17,777,5.3,170,0.19
1999,6,21,17,451,865,76,22,-6,14,776,7,200,0.19
1999,6,21,18,253,796,58,21,-4.8,16,774,5.9,250,0.19
1999,6,21,19,26,334,6,18,-3.7,22,773,2.8,240,0.19
1999,6,21,20,0,0,0,17,-3.5,24,772,3.4,330,0.19
1999,6,21,21,0,0,0,18,-3.4,22,773,3.8,180,0.19
1999,6,21,22,0,0,0,10,-5.2,32,769,2.2,250,0.19
1999,6,21,23,0,0,0,8,-4.1,40,768,2.2,250,0.19
1999,6,22,0,0,0,0,8,-2.9,45,767,5.8,270,0.19
1999,6,22,1,0,0,0,7,-3.8,44,767,4.3,270,0.19
1999,6,22,2,0,0,0,6,-2.6,53,766,4.3,250,0.19
1999,6,22,3,0,0,0,7,-2.5,50,768,5.2,250,0.19
1999,6,22,4,0,0,0,6,-2.3,54,768,4.8,270,0.19
1999,6,22,5,25,325,6,6,-2.2,54,767,3.7,270,0.19
1999,6,22,6,202,680,37,11,-1,43,771,2.1,250,0.19
1999,6,22,7,407,825,52,17,-1,29,774,0,0,0.19
1999,6,22,8,602,896,60,21,-7,14,778,7.2,220,0.19
1999,6,22,9,784,956,62,22,-7,13,778,3.6,200,0.19
1999,6,22,10,925,981,70,23,-7,12,780,4.6,230,0.19
1999,6,22,11,1032,1010,78,24,-8,10,780,5.7,260,0.19
1999,6,22,12,1064,943,150,24.6,-8.5,10,781,4.9,240,0.19
1999,6,22,13,942,767,217,25,-9,9,781,4.1,220,0.19
1999,6,22,14,937,856,190,25,-8,10,781,5.1,200,0.19
1999,6,22,15,576,294,352,26.1,-7.3,10,781,2.7,180,0.19
1999,6,22,16,254,63,216,26,-6.8,10,780,3.9,110,0.19
1999,6,22,17,442,636,167,25.1,-6.2,11,780,5.1,60,0.19
1999,6,22,18,227,631,72,24.1,-6.5,12,780,5.6,350,0.19
1999,6,22,19,24,267,7,20.1,-9.8,11,779,6,280,0.19
1999,6,22,20,0,0,0,12.1,-12.3,15,779,6.1,290,0.19
1999,6,22,21,0,0,0,12.2,-9.6,19,778,7.3,280,0.19
1999,6,22,22,0,0,0,10.3,-9,23,778,8.6,260,0.19
1999,6,22,23,0,0,0,9.2,-8.3,26,778,7.3,290,0.19
1999,6,23,0,0,0,0,8.3,-7.8,29,777,5.4,320,0.19
1999,6,23,1,0,0,0,7.3,-7.1,33,777,6.6,300,0.19
1999,6,23,2,0,0,0,7.3,-6.4,35,777,7.8,320,0.19
1999,6,23,3,0,0,0,4.2,-6,45,776,3.7,280,0.19
1999,6,23,4,0,0,0,5.2,-5.8,42,776,4.7,280,0.19
1999,6,23,5,23,282,7,6,-5.4,42,776,4.7,280,0.19
1999,6,23,6,190,643,35,12,-2,37,775,2.6,260,0.19
1999,6,23,7,397,786,60,18,-6,18,779,1.5,270,0.19
1999,6,23,8,602,861,82,21,-8,12,781,4.1,280,0.19
1999,6,23,9,768,926,69,22.2,-5.1,15,781,4.1,290,0.19
1999,6,23,10,924,940,106,23,-2,18,782,4.1,300,0.19
1999,6,23,11,1032,1010,78,24,-5,13,783,3.1,290,0.19
1999,6,23,12,1064,1015,80,25,-4,14,783,4.1,320,0.19
1999,6,23,13,1035,966,122,26,-5,12,783,3.1,280,0.19
1999,6,23,14,905,905,114,27,-3,13,783,1.5,350,0.19
1999,6,23,15,799,920,101,27.1,-2.3,14,783,3.7,50,0.19
1999,6,23,16,618,869,89,26.3,-1.6,16,782,0.3,320,0.19
1999,6,23,17,442,845,75,26.4,-0.9,16,782,3,20,0.19
1999,6,23,18,264,770,74,25.5,-1.3,17,781,4.1,360,0.19
1999,6,23,19,28,327,8,21.6,-4.6,16,781,1.7,340,0.19
1999,6,23,20,0,0,0,13.8,-8.9,18,780,2.9,250,0.19
1999,6,23,21,0,0,0,11.9,-7.2,24,780,0,0,0.19
1999,6,23,22,0,0,0,12,-6.5,25,779,0.6,40,0.19
1999,6,23,23,0,0,0,9.1,-5.8,32,779,0,0,0.19
1999,6,24,0,0,0,0,8.3,-5.1,36,778,0,0,0.19
1999,6,24,1,0,0,0,7.4,-4.4,41,777,0,0,0.19
1999,6,24,2,0,0,0,7.5,-3.8,43,777,0.6,30,0.19
1999,6,24,3,0,0,0,6.6,-3.1,48,776,0.6,360,0.19
1999,6,24,4,0,0,0,5.8,-2.4,54,776,0.4,320,0.19
1999,6,24,5,23,287,7,7.9,-0.7,54,775,0.6,340,0.19
1999,6,24,6,190,648,34,13,2,47,775,1.5,270,0.19
1999,6,24,7,406,808,60,19,3,34,778,0,0,0.19
1999,6,24,8,597,885,63,22,0,23,780,1.5,70,0.19
1999,6,24,9,768,926,69,24,-1,19,782,6.2,140,0.19
1999,6,24,10,873,815,164,24,-1,19,782,4.1,120,0.19
1999,6,24,11,1032,963,123,25,1,21,782,8.7,200,0.19
1999,6,24,12,1063,1015,80,27,0,17,783,8.2,170,0.19
1999,6,24,13,1035,1008,82,27,2,20,783,8.7,220,0.19
1999,6,24,14,943,996,73,27,0,17,782,8.2,180,0.19
1999,6,24,15,799,957,73,27,0.6,18,782,10.4,190,0.19
1999,6,24,16,632,894,88,26,-0.8,17,781,8.6,170,0.19
1999,6,24,17,425,773,89,25,-1.1,18,780,8.8,170,0.19
1999,6,24,18,264,630,108,23,-1.5,19,780,6.4,150,0.19
1999,6,24,19,28,268,12,17,-5.9,19,779,4.6,130,0.19
1999,6,24,20,0,0,0,12,-9.3,20,778,4.3,140,0.19
1999,6,24,21,0,0,0,10,-8.6,24,778,3.3,170,0.19
1999,6,24,22,0,0,0,8,-8,29,777,2.3,180,0.19
1999,6,24,23,0,0,0,9,-6.4,31,776,1.4,140,0.19
1999,6,25,0,0,0,0,6,-5.8,40,776,1,100,0.19
1999,6,25,1,0,0,0,6,-4.1,46,775,1.3,80,0.19
1999,6,25,2,0,0,0,6,-3.5,49,774,0.5,100,0.19
1999,6,25,3,0,0,0,5,-2.9,55,774,0.1,110,0.19
1999,6,25,4,0,0,0,3,-2.3,67,773,0,0,0.19
1999,6,25,5,24,323,6,5,-0.6,67,772,0,0,0.19
1999,6,25,6,201,689,35,12,1,47,772,0,0,0.19
1999,6,25,7,411,847,48,18,2,34,776,2.1,180,0.19
1999,6,25,8,602,896,61,21,-4,18,777,6.2,210,0.19
1999,6,25,9,784,956,64,22,-3,18,778,5.1,230,0.19
1999,6,25,10,935,993,72,23,-5,14,778,7.2,190,0.19
1999,6,25,11,1031,1010,78,25,-3,15,779,6.7,190,0.19
1999,6,25,12,1051,1003,79,25,-6,12,779,9.8,220,0.19
1999,6,25,13,1035,1008,82,26,-4,13,780,8.7,260,0.19
1999,6,25,14,943,996,73,26,-6,11,780,7.2,260,0.19
1999,6,25,15,799,957,72,27,-4.4,12,779,4.5,250,0.19
1999,6,25,16,632,894,87,27,-3.9,12,778,7,220,0.19
1999,6,25,17,441,805,91,26,-3.3,14,778,4.4,210,0.19
1999,6,25,18,263,769,73,25,-3.8,14,777,2.2,190,0.19
1999,6,25,19,28,329,8,20,-8.2,13,777,2.1,180,0.19
1999,6,25,20,0,0,0,15,-9.6,16,776,1.5,210,0.19
1999,6,25,21,0,0,0,15,-9.1,17,775,2.9,190,0.19
1999,6,25,22,0,0,0,14,-6.5,22,775,2.4,160,0.19
1999,6,25,23,0,0,0,10,-6.9,28,774,2.2,150,0.19
1999,6,26,0,0,0,0,11,-6.4,27,774,3.2,130,0.19
1999,6,26,1,0,0,0,9,-5.8,33,773,0,0,0.19
1999,6,26,2,0,0,0,10,-5.3,32,772,2.4,90,0.19
1999,6,26,3,0,0,0,7,-4.7,41,772,1.7,40,0.19
1999,6,26,4,0,0,0,7,-5.1,40,771,1.3,60,0.19
1999,6,26,5,22,286,7,6,-3.6,48,771,1.1,10,0.19
1999,6,26,6,193,678,31,13,-1,38,770,0,0,0.19
1999,6,26,7,401,819,52,19,-5,18,775,2.6,140,0.19
1999,6,26,8,586,861,68,21,-2,21,777,6.2,210,0.19
1999,6,26,9,751,891,80,24,-4,15,779,7.2,220,0.19
1999,6,26,10,884,898,104,24,-4,15,779,7.2,220,0.19
1999,6,26,11,967,897,121,26,-3,14,780,7.2,190,0.19
1999,6,26,12,1003,913,118,26,-3,14,780,6.7,210,0.19
1999,6,26,13,979,917,111,25,-4,14,779,7.7,220,0.19
1999,6,26,14,898,917,97,24.3,-3.8,15,780,5.7,190,0.19
1999,6,26,15,771,902,87,24.7,-3.7,14,780,7.1,170,0.19
1999,6,26,16,625,900,76,24,-3.5,15,779,4.8,110,0.19
1999,6,26,17,449,864,73,24.3,-4.3,14,779,7.7,10,0.19
1999,6,26,18,263,769,72,23.7,-5.2,13,778,8.1,340,0.19
1999,6,26,19,28,329,8,19,-8,14,778,5.4,330,0.19
1999,6,26,20,0,0,0,12.3,-10.8,17,777,5.3,40,0.19
1999,6,26,21,0,0,0,10.7,-9.7,21,777,4,330,0.19
1999,6,26,22,0,0,0,11,-9.5,21,777,4.5,80,0.19
1999,6,26,23,0,0,0,8.3,-9.3,25,776,4.4,20,0.19
1999,6,27,0,0,0,0,9.7,-9.2,23,776,3.6,360,0.19
1999,6,27,1,0,0,0,9,-9,25,775,4.1,360,0.19
1999,6,27,2,0,0,0,8,-9,26,775,3.3,10,0.19
1999,6,27,3,0,0,0,7,-9,28,774,4.3,360,0.19
1999,6,27,4,0,0,0,7,-8,31,774,3.9,330,0.19
1999,6,27,5,22,293,6,8,-8,29,774,3.4,310,0.19
1999,6,27,6,192,672,32,14,-6,23,773,5.1,260,0.19
1999,6,27,7,401,819,52,21,-4,18,776,5.1,30,0.19
1999,6,27,8,596,890,61,23,-5,14,779,5.1,50,0.19
1999,6,27,9,773,938,67,24,-6,12,780,3.6,40,0.19
1999,6,27,10,930,987,72,26,-4,13,781,5.7,270,0.19
1999,6,27,11,1025,1010,73,26,-4,13,782,7.2,310,0.19
1999,6,27,12,1063,1015,80,27,-4,12,782,4.1,310,0.19
1999,6,27,13,1035,1008,82,28,-3,13,783,3.6,310,0.19
1999,6,27,14,943,947,115,27,-3,13,783,7.2,270,0.19
1999,6,27,15,778,889,102,28,-2,14,783,6.7,320,0.19
1999,6,27,16,632,913,75,27,-2,15,783,4.7,210,0.19
1999,6,27,17,449,858,76,27,-2,15,781,2.3,360,0.19
1999,6,27,18,263,768,72,26,-4,13,780,2.1,360,0.19
1999,6,27,19,28,329,8,19.9,-7.2,14,777,1.8,360,0.19
1999,6,27,20,0,0,0,14,-11,15,776,1.6,360,0.19
1999,6,27,21,0,0,0,14,-11,15,775,1.3,360,0.19
1999,6,27,22,0,0,0,12,-11,17,776,1,360,0.19
1999,6,27,23,0,0,0,11,-11,18,776,1.1,270,0.19
1999,6,28,0,0,0,0,10,-11,19,773,2,270,0.19
1999,6,28,1,0,0,0,9,-11,21,771,1.1,240,0.19
1999,6,28,2,0,0,0,8,-12,20,772,1,260,0.19
1999,6,28,3,0,0,0,6,-12,23,769,2.3,270,0.19
1999,6,28,4,0,0,0,6,-12,23,769,1.5,300,0.19
1999,6,28,5,21,297,6,9,-13,17,769,0,0,0.19
1999,6,28,6,188,651,34,13,-11,16,771,3,260,0.19
1999,6,28,7,396,790,60,21,-9,11,773,3,240,0.19
1999,6,28,8,596,861,79,24,-7,11,773,3.6,40,0.19
1999,6,28,9,784,956,65,26,-4,13,775,2,170,0.19
1999,6,28,10,929,987,72,27,-4,12,775,2,130,0.19
1999,6,28,11,1025,1010,73,27,-4,12,774,3,240,0.19
1999,6,28,12,1063,1015,80,28,-3,13,774,7.7,50,0.19
1999,6,28,13,1034,1008,82,29,-4,11,775,2.5,160,0.19
1999,6,28,14,943,990,78,27,-3,13,775,4.1,170,0.19
1999,6,28,15,798,920,99,29,-3,12,776,7.7,170,0.19
1999,6,28,16,632,913,75,27,-3,13,775,6.3,120,0.19
1999,6,28,17,449,858,76,27,-4,12,776,5.8,120,0.19
1999,6,28,18,263,768,72,26.4,-3.5,13,775,4.8,130,0.19
1999,6,28,19,28,330,8,19.8,-8.1,13,773,3.4,130,0.19
1999,6,28,20,0,0,0,16.2,-10.6,13,772,4.2,220,0.19
1999,6,28,21,0,0,0,14.5,-10.2,15,771,2.8,220,0.19
1999,6,28,22,0,0,0,10.9,-8.7,22,770,3.9,230,0.19
1999,6,28,23,0,0,0,12.3,-9.2,20,770,5.5,230,0.19
1999,6,29,0,0,0,0,11.7,-8.8,21,770,5.8,260,0.19
1999,6,29,1,0,0,0,11.1,-7.3,25,770,5.9,270,0.19
1999,6,29,2,0,0,0,10.5,-7.8,25,770,6,270,0.19
1999,6,29,3,0,0,0,9.8,-7.4,27,770,3.6,270,0.19
1999,6,29,4,0,0,0,9.2,-6.9,29,771,4.9,290,0.19
1999,6,29,5,20,254,7,10.6,-5.5,30,772,6,300,0.19
1999,6,29,6,184,635,34,17,-3,25,777,4.1,310,0.19
1999,6,29,7,396,796,58,20,-2,22,780,4.6,280,0.19
1999,6,29,8,591,878,64,21,-2,21,781,4.1,310,0.19
1999,6,29,9,767,897,94,23,-1,20,782,6.2,310,0.19
1999,6,29,10,929,945,109,24,-2,17,782,7.7,290,0.19
1999,6,29,11,1025,1010,74,26,-6,11,783,8.7,310,0.19
1999,6,29,12,1063,1015,80,26,-6,11,782,10.3,290,0.19
1999,6,29,13,1034,1008,82,27,-7,9,783,8.7,320,0.19
1999,6,29,14,930,978,75,26,-5,12,783,8.7,290,0.19
1999,6,29,15,798,957,71,26.1,-3.6,13,783,9,310,0.19
1999,6,29,16,632,913,74,25.1,-3.1,15,782,10.9,280,0.19
1999,6,29,17,449,858,75,26.2,-4.7,12,781,11.2,300,0.19
1999,6,29,18,263,768,72,25.3,-4.3,13,781,9.3,260,0.19
1999,6,29,19,28,330,8,21.3,-4.8,16,780,7.9,270,0.19
1999,6,29,20,0,0,0,16.4,-7.4,18,780,7,280,0.19
1999,6,29,21,0,0,0,12.4,-7.9,22,779,6.6,240,0.19
1999,6,29,22,0,0,0,10.5,-7.5,26,778,4.1,50,0.19
1999,6,29,23,0,0,0,10.6,-7.1,26,778,6.8,200,0.19
1999,6,30,0,0,0,0,7.6,-8.6,28,777,5.9,160,0.19
1999,6,30,1,0,0,0,7.7,-8.2,29,777,3.5,40,0.19
1999,6,30,2,0,0,0,6.8,-7.8,32,776,4.2,110,0.19
1999,6,30,3,0,0,0,6.8,-7.3,33,775,3.2,30,0.19
1999,6,30,4,0,0,0,7.9,-5.9,35,775,4.9,80,0.19
1999,6,30,5,20,297,6,7.9,-4.4,40,774,3,40,0.19
1999,6,30,6,191,680,31,13,-2,35,774,2.6,20,0.19
1999,6,30,7,391,795,54,18.8,-1.2,25,777,4.4,340,0.19
1999,6,30,8,585,867,67,23,-1,20,780,6.2,290,0.19
1999,6,30,9,761,920,71,24,-1,19,781,5.7,300,0.19
1999,6,30,10,918,933,108,26,0,18,782,6.7,310,0.19
1999,6,30,11,1025,962,119,27,-1,16,783,4.6,330,0.19
1999,6,30,12,1045,997,80,28,-1,15,782,8.2,330,0.19
1999,6,30,13,1034,1008,82,28,-1,15,782,9.8,310,0.19
1999,6,30,14,943,990,78,29,0,15,782,8.2,300,0.19
1999,6,30,15,798,920,99,27.1,0.3,17,782,10.8,300,0.19
1999,6,30,16,632,906,78,28.1,0.5,17,781,11.3,230,0.19
1999,6,30,17,441,871,61,27.2,-0.3,17,780,8.7,210,0.19
1999,6,30,18,250,807,50,25.3,0,19,780,7.2,190,0.19
1999,6,30,19,27,346,5,22.3,0.3,23,779,6.2,150,0.19
1999,6,30,20,0,0,0,20.4,0.5,26,779,4.6,160,0.19
1999,6,30,21,0,0,0,17.8,-0.3,32,778,4.3,220,0.19
1999,6,30,22,0,0,0,15.1,-1.3,38,778,4,290,0.19
1999,6,30,23,0,0,0,12.5,-2.2,38,777,3.7,180,0.19
2004,7,1,0,0,0,0,9.9,-3.1,47,771,3.5,260,0.19
2004,7,1,1,0,0,0,7.3,-4,49,770,3.2,260,0.19
2004,7,1,2,0,0,0,4.6,-5,52,769,2.9,260,0.19
2004,7,1,3,0,0,0,2,-6,52,769,2.6,260,0.19
2004,7,1,4,0,0,0,2,-7,48,769,3.6,260,0.19
2004,7,1,5,17,259,5,3,-7,45,770,4.6,260,0.19
2004,7,1,6,179,638,31,8,-7,32,774,2.6,280,0.19
2004,7,1,7,390,823,44,14,-7,21,778,1.5,340,0.19
2004,7,1,8,585,878,61,18,-9,14,781,4.1,130,0.19
2004,7,1,9,761,944,55,20,-13,8,782,8.2,140,0.19
2004,7,1,10,878,921,80,20,-11,10,782,5.1,100,0.19
2004,7,1,11,984,956,84,22,-12,8,783,6.7,130,0.19
2004,7,1,12,1014,961,85,23,-13,7,783,8.2,170,0.19
2004,7,1,13,1015,1002,69,24,-12,7,784,6.2,200,0.19
2004,7,1,14,930,996,59,24,-12,7,784,4.1,230,0.19
2004,7,1,15,798,945,80,24,-12,7,783,7.2,200,0.19
2004,7,1,16,624,913,67,23,-12,8,783,5.1,180,0.19
2004,7,1,17,424,622,153,23,-12,8,783,3.6,170,0.19
2004,7,1,18,113,70,95,22,-12,8,782,3.6,180,0.19
2004,7,1,19,12,30,10,16,-8,17,777,2.6,180,0.19
2004,7,1,20,0,0,0,9,-9,25,773,2.6,240,0.19
2004,7,1,21,0,0,0,9.3,-8.9,24,774,1.8,330,0.19
2004,7,1,22,0,0,0,8.5,-8.8,26,774,0.9,210,0.19
2004,7,1,23,0,0,0,7.3,-8.3,30,775,2.6,250,0.19
2004,7,2,0,0,0,0,5.5,-7.2,37,776,2.6,10,0.19
2004,7,2,1,0,0,0,3.7,-6.1,46,776,4.1,20,0.19
2004,7,2,2,0,0,0,2.5,-6,50,777,2,260,0.19
2004,7,2,3,0,0,0,3.3,-5.9,48,778,2.6,80,0.19
2004,7,2,4,0,0,0,3,-6.3,47,778,3.3,90,0.19
2004,7,2,5,18,291,4,3.2,-4.8,53,779,5.8,80,0.19
2004,7,2,6,182,673,27,10,-4.2,35,780,3.8,110,0.19
2004,7,2,7,380,795,47,14.8,-3.1,28,780,3.7,160,0.19
2004,7,2,8,569,826,77,19,-5,18,781,3.6,300,0.19
2004,7,2,9,761,914,77,20,-7,14,782,0,0,0.19
2004,7,2,10,906,987,52,21,-6,15,783,2.1,320,0.19
2004,7,2,11,995,986,68,23,-7,12,783,2.1,290,0.19
2004,7,2,12,1038,1003,69,23,-8,11,783,5.1,250,0.19
2004,7,2,13,1015,1002,69,23,-11,8,783,3.1,240,0.19
2004,7,2,14,930,996,59,24,-9,10,783,1.5,240,0.19
2004,7,2,15,805,975,64,24,-10,9,783,4.1,230,0.19
2004,7,2,16,632,925,67,23,-11,8,782,4.1,240,0.19
2004,7,2,17,441,655,156,23,-10,9,782,6.2,210,0.19
2004,7,2,18,151,117,122,22,-9,11,780,6.2,240,0.19
2004,7,2,19,16,50,13,19,-9,13,778,2.6,260,0.19
2004,7,2,20,0,0,0,16,-8,17,776,4.6,250,0.19
2004,7,2,21,0,0,0,17,-9,15,777,2.6,300,0.19
2004,7,2,22,0,0,0,16,-9,16,776,2.6,290,0.19
2004,7,2,23,0,0,0,13,-9,19,774,1.5,70,0.19
2004,7,3,0,0,0,0,10,-8,25,773,2.1,280,0.19
2004,7,3,1,0,0,0,8,-6,34,771,4.6,270,0.19
2004,7,3,2,0,0,0,7,-6,37,770,0,0,0.19
2004,7,3,3,0,0,0,8,-7,32,770,1.5,330,0.19
2004,7,3,4,0,0,0,7,-8,31,770,1.5,300,0.19
2004,7,3,5,5,0,5,6,-6,39,770,5.1,260,0.19
2004,7,3,6,62,0,62,14,-6,23,774,2.6,260,0.19
2004,7,3,7,375,614,118,17,-5,21,776,3.1,260,0.19
2004,7,3,8,589,878,67,21,-8,12,779,0,0,0.19
2004,7,3,9,761,837,135,21,-8,12,779,3.6,260,0.19
2004,7,3,10,589,285,342,23,-8,11,780,3.1,200,0.19
2004,7,3,11,544,137,415,23,-10,9,780,3.1,130,0.19
2004,7,3,12,942,667,297,24,-12,7,780,4.6,170,0.19
2004,7,3,13,399,66,336,25,-11,8,781,6.7,140,0.19
2004,7,3,14,736,468,327,24,-12,7,780,6.2,170,0.19
2004,7,3,15,785,834,151,25,-12,7,780,8.7,170,0.19
2004,7,3,16,617,900,68,24,-13,7,780,7.2,190,0.19
2004,7,3,17,450,897,59,23,-14,6,779,4.1,230,0.19
2004,7,3,18,251,809,51,20.9,-10.7,10,777,4.1,270,0.19
2004,7,3,19,27,343,5,17,-8,16,775,4.1,300,0.19
2004,7,3,20,0,0,0,13,-8,21,773,3.1,20,0.19
2004,7,3,21,0,0,0,9,-8,27,771,2.6,270,0.19
2004,7,3,22,0,0,0,8,-7,32,770,4.1,270,0.19
2004,7,3,23,0,0,0,7,-7,34,769,5.1,260,0.19
2004,7,4,0,0,0,0,6,-7,36,768,3.1,290,0.19
2004,7,4,1,0,0,0,7,-7,34,769,3.6,270,0.19
2004,7,4,2,0,0,0,4,-7,42,767,3.6,260,0.19
2004,7,4,3,0,0,0,5,-7,39,768,4.1,270,0.19
2004,7,4,4,0,0,0,3,-7,45,767,5.1,270,0.19
2004,7,4,5,16,277,4,4,-7,42,768,3.6,260,0.19
2004,7,4,6,177,656,28,11,-5,31,772,2.6,260,0.19
2004,7,4,7,379,794,48,18,-6,18,777,3.6,270,0.19
2004,7,4,8,584,883,60,21,-6,15,779,5.1,280,0.19
2004,7,4,9,755,932,60,22,-7,13,780,6.2,320,0.19
2004,7,4,10,894,909,109,23,-8,11,781,3.6,320,0.19
2004,7,4,11,901,699,245,23,-8,11,781,5.1,330,0.19
2004,7,4,12,930,649,303,25,-7,11,782,8.7,300,0.19
2004,7,4,13,529,121,416,23,-7,12,781,6.2,280,0.19
2004,7,4,14,161,0,161,24,-6,12,781,4.6,310,0.19
2004,7,4,15,460,147,348,23,-6,13,781,3.1,260,0.19
2004,7,4,16,102,0,102,23,-5,14,781,3.6,210,0.19
2004,7,4,17,366,432,178,23,-5,14,781,6.2,280,0.19
2004,7,4,18,214,521,85,22,-3,18,779,8.7,310,0.19
2004,7,4,19,22,220,9,20,-3,20,777,5.7,290,0.19
2004,7,4,20,0,0,0,17,-3,25,776,2.1,280,0.19
2004,7,4,21,0,0,0,11,-3,36,773,0,0,0.19
2004,7,4,22,0,0,0,10,-3,39,772,3.1,250,0.19
2004,7,4,23,0,0,0,9,-3,41,772,3.6,270,0.19
2004,7,5,0,0,0,0,11,-3,36,773,3.6,270,0.19
2004,7,5,1,0,0,0,9,-3,41,772,1.5,310,0.19
2004,7,5,2,0,0,0,7,-3,48,771,2.1,340,0.19
2004,7,5,3,0,0,0,5,-4,50,770,0,0,0.19
2004,7,5,4,0,0,0,4,-4,54,770,1.5,250,0.19
2004,7,5,5,14,200,6,6,-3,51,771,1.5,330,0.19
2004,7,5,6,170,604,33,14,-1,35,776,0,0,0.19
2004,7,5,7,374,777,52,21,-3,19,780,5.1,290,0.19
2004,7,5,8,573,854,67,22,-3,18,781,5.1,280,0.19
2004,7,5,9,749,920,64,24,-3,16,784,3.6,300,0.19
2004,7,5,10,860,880,101,25,-3,15,784,2.6,300,0.19
2004,7,5,11,966,867,153,26,-3,14,784,6.7,300,0.19
2004,7,5,12,833,522,328,27,-3,13,784,6.7,310,0.19
2004,7,5,13,1015,899,167,26,-3,14,784,5.1,310,0.19
2004,7,5,14,878,875,114,27,-4,12,784,5.1,320,0.19
2004,7,5,15,764,883,93,27.2,-3.9,12,785,7.2,310,0.19
2004,7,5,16,603,844,88,27,-3,13,785,9.3,290,0.19
2004,7,5,17,408,655,123,23,0,22,783,11.3,340,0.19
2004,7,5,18,189,351,103,21,0,25,782,6.7,360,0.19
2004,7,5,19,20,147,11,19,1,30,779,4.6,360,0.19
2004,7,5,20,0,0,0,16,1,36,778,4.1,320,0.19
2004,7,5,21,0,0,0,13,1,44,777,2.6,270,0.19
2004,7,5,22,0,0,0,12,-1,40,776,3.1,280,0.19
2004,7,5,23,0,0,0,9,-1,49,774,2.1,240,0.19
2004,7,6,0,0,0,0,8,-1,52,774,3.1,260,0.19
2004,7,6,1,0,0,0,8,-1,52,773,3.6,270,0.19
2004,7,6,2,0,0,0,7,-1,56,772,4.1,250,0.19
2004,7,6,3,0,0,0,6,-1,60,772,3.1,270,0.19
2004,7,6,4,0,0,0,5,-1,64,772,2.6,260,0.19
2004,7,6,5,14,205,5,7,-1,56,774,3.6,280,0.19
2004,7,6,6,169,608,32,13,1,44,778,0,0,0.19
2004,7,6,7,369,760,55,18,2,34,781,0,0,0.19
2004,7,6,8,573,854,68,22,1,25,783,0,0,0.19
2004,7,6,9,765,931,72,24,-1,19,784,5.1,310,0.19
2004,7,6,10,883,862,140,26,-2,15,786,3.1,310,0.19
2004,7,6,11,761,442,346,26,-3,14,786,6.2,300,0.19
2004,7,6,12,887,613,296,26,-2,15,785,5.7,310,0.19
2004,7,6,13,984,893,142,27,-2,15,786,4.6,270,0.19
2004,7,6,14,878,711,258,28,-2,14,786,8.2,260,0.19
2004,7,6,15,122,0,122,26,-3,14,784,4.1,280,0.19
2004,7,6,16,363,125,287,25.2,-0.9,18,784,4.6,240,0.19
2004,7,6,17,259,98,216,24,1,22,783,5.1,190,0.19
2004,7,6,18,190,359,101,23,1,23,782,2.6,150,0.19
2004,7,6,19,19,150,10,18,3,37,778,3.6,210,0.19
2004,7,6,20,0,0,0,14,1,41,776,3.1,250,0.19
2004,7,6,21,0,0,0,12,0,44,775,4.1,250,0.19
2004,7,6,22,0,0,0,11,1,50,774,1.5,250,0.19
2004,7,6,23,0,0,0,10,0,50,773,0,0,0.19
2004,7,7,0,0,0,0,8,-1,52,772,4.1,280,0.19
2004,7,7,1,0,0,0,8.2,-1.5,50,771,3.9,280,0.19
2004,7,7,2,0,0,0,8,-2,48,771,3.6,270,0.19
2004,7,7,3,0,0,0,7,-2,52,771,1.5,290,0.19
2004,7,7,4,0,0,0,5,-4,50,770,3.1,300,0.19
2004,7,7,5,13,210,5,6,-3,51,771,2.6,280,0.19
2004,7,7,6,168,556,44,12,-1,40,774,2.6,270,0.19
2004,7,7,7,360,709,67,19,-1,26,779,0,0,0.19
2004,7,7,8,568,842,71,23,-4,16,781,2.6,180,0.19
2004,7,7,9,743,908,69,24,-4,15,782,4.6,140,0.19
2004,7,7,10,883,945,69,26,-4,13,783,3.6,180,0.19
2004,7,7,11,989,980,70,27,-7,9,783,4.6,190,0.19
2004,7,7,12,1020,973,81,28,-9,8,783,7.2,200,0.19
2004,7,7,13,990,966,80,28,-8,8,783,7.7,220,0.19
2004,7,7,14,917,981,61,28,-10,7,783,8.7,210,0.19
2004,7,7,15,792,932,84,27,-9,8,782,7.7,210,0.19
2004,7,7,16,589,750,131,27,-8,9,782,8.2,240,0.19
2004,7,7,17,451,878,69,25,-8,10,781,6.2,240,0.19
2004,7,7,18,229,687,59,24,-7,11,779,6.2,250,0.19
2004,7,7,19,23,285,6,21,-7,14,776,5.7,250,0.19
2004,7,7,20,0,0,0,17,-7,17,774,3.6,240,0.19
2004,7,7,21,0,0,0,19,-6,17,775,5.7,270,0.19
2004,7,7,22,0,0,0,16,-6,20,773,2.6,320,0.19
2004,7,7,23,0,0,0,11,-6,28,770,0,0,0.19
2004,7,8,0,0,0,0,14,-3,30,771,3.1,250,0.19
2004,7,8,1,0,0,0,9,-4,38,769,0,0,0.19
2004,7,8,2,0,0,0,12,-2,37,770,2.6,200,0.19
2004,7,8,3,0,0,0,9,-2,45,769,0,0,0.19
2004,7,8,4,0,0,0,6,-4,47,768,0,0,0.19
2004,7,8,5,13,246,3,6,-3,51,768,1.5,210,0.19
2004,7,8,6,168,499,57,12,-1,40,772,1.5,30,0.19
2004,7,8,7,216,107,173,17,-1,29,775,1.5,40,0.19
2004,7,8,8,567,720,143,20,-2,22,777,2.1,270,0.19
2004,7,8,9,743,890,83,22,-2,20,778,2.6,260,0.19
2004,7,8,10,911,903,133,22,-4,17,778,6.2,250,0.19
2004,7,8,11,796,466,359,22,-3,18,779,8.2,210,0.19
2004,7,8,12,1026,901,157,24,-6,12,779,5.1,220,0.19
2004,7,8,13,1009,996,70,26,-4,13,781,4.6,210,0.19
2004,7,8,14,930,953,98,27,-4,12,781,7.2,260,0.19
2004,7,8,15,697,626,222,26,-6,11,780,8.2,250,0.19
2004,7,8,16,603,850,85,26,-4,13,781,8.7,250,0.19
2004,7,8,17,426,852,56,26,-5,12,781,8.2,260,0.19
2004,7,8,18,255,790,61,24,-7,11,779,5.7,260,0.19
2004,7,8,19,25,326,6,18,-7,16,775,4.1,250,0.19
2004,7,8,20,0,0,0,14,-7,21,773,2.1,240,0.19
2004,7,8,21,0,0,0,12,-7,24,772,1.5,250,0.19
2004,7,8,22,0,0,0,12,-6,26,772,4.6,260,0.19
2004,7,8,23,0,0,0,9,-6,32,770,1.5,230,0.19
2004,7,9,0,0,0,0,7,-6,37,770,1.5,190,0.19
2004,7,9,1,0,0,0,7,-6,37,769,2.1,260,0.19
2004,7,9,2,0,0,0,7,-6,37,769,2.1,270,0.19
2004,7,9,3,0,0,0,6,-6,39,769,0,0,0.19
2004,7,9,4,0,0,0,7,-4,44,769,0,0,0.19
2004,7,9,5,3,0,3,10,-3,39,771,1.5,200,0.19
2004,7,9,6,53,0,53,13,-1,38,773,1.5,280,0.19
2004,7,9,7,359,573,124,18,-3,23,777,0,0,0.19
2004,7,9,8,567,801,96,21,-4,18,780,2.1,80,0.19
2004,7,9,9,635,530,242,23,-4,16,781,5.7,150,0.19
2004,7,9,10,899,891,133,23,-4,16,781,2.6,200,0.19
2004,7,9,11,983,891,150,25,-7,11,782,4.1,250,0.19
2004,7,9,12,718,372,359,26,-4,13,783,8.2,230,0.19
2004,7,9,13,604,181,434,26,-4,13,783,5.7,220,0.19
2004,7,9,14,588,219,397,26,-4,13,782,6.7,230,0.19
2004,7,9,15,406,110,322,24,-6,12,781,7.7,230,0.19
2004,7,9,16,509,425,250,24,-6,12,781,5.1,180,0.19
2004,7,9,17,443,852,74,25,-5,13,781,7.7,210,0.19
2004,7,9,18,243,768,55,23,-5,14,779,7.2,230,0.19
2004,7,9,19,23,314,5,19,-4,20,777,3.6,220,0.19
2004,7,9,20,0,0,0,17,-3,25,776,3.1,240,0.19
2004,7,9,21,0,0,0,14,-3,30,774,2.1,240,0.19
2004,7,9,22,0,0,0,12,-3,34,774,2.6,270,0.19
2004,7,9,23,0,0,0,12,-3,34,773,4.6,270,0.19
2004,7,10,0,0,0,0,10,-3,39,772,3.6,260,0.19
2004,7,10,1,0,0,0,9,-4,38,772,4.1,270,0.19
2004,7,10,2,0,0,0,6,-4,47,770,2.6,260,0.19
2004,7,10,3,0,0,0,6,-4,47,771,3.6,260,0.19
2004,7,10,4,0,0,0,6,-4,47,771,0,0,0.19
2004,7,10,5,11,242,3,7,-3,48,772,3.6,270,0.19
2004,7,10,6,173,675,25,13,-1,38,776,2.1,290,0.19
2004,7,10,7,372,815,39,18,0,30,779,1.5,340,0.19
2004,7,10,8,572,865,65,22,-2,20,782,2.1,70,0.19
2004,7,10,9,710,725,174,23,-1,20,782,5.7,150,0.19
2004,7,10,10,690,404,343,24,-1,19,783,6.2,140,0.19
2004,7,10,11,971,849,178,25,-7,11,784,5.7,220,0.19
2004,7,10,12,507,120,391,26,-3,14,784,5.7,210,0.19
2004,7,10,13,554,133,429,24,-2,17,783,2.6,200,0.19
2004,7,10,14,730,474,317,26,-2,15,785,3.6,190,0.19
2004,7,10,15,745,699,215,26,-1,17,784,6.2,190,0.19
2004,7,10,16,196,25,181,24,-1,19,783,6.2,220,0.19
2004,7,10,17,410,623,140,26,0,18,783,5.1,210,0.19
2004,7,10,18,245,746,63,24,-1,19,781,4.6,240,0.19
2004,7,10,19,23,302,6,19,-1,26,778,3.6,260,0.19
2004,7,10,20,0,0,0,14,-2,32,775,3.6,250,0.19
2004,7,10,21,0,0,0,13,-2,35,775,3.1,260,0.19
2004,7,10,22,0,0,0,11,-2,39,774,4.1,260,0.19
2004,7,10,23,0,0,0,12,-1,40,775,4.1,270,0.19
2004,7,11,0,0,0,0,12,-1,40,774,2.1,290,0.19
2004,7,11,1,0,0,0,8,-2,48,772,3.1,260,0.19
2004,7,11,2,0,0,0,8,-2,48,772,4.1,270,0.19
2004,7,11,3,0,0,0,8,-2,48,772,4.1,270,0.19
2004,7,11,4,0,0,0,8,-1,52,773,4.1,280,0.19
2004,7,11,5,10,227,3,8,-1,52,773,2.6,270,0.19
2004,7,11,6,169,673,23,14,1,41,777,2.6,260,0.19
2004,7,11,7,362,769,49,21,1,26,782,0,0,0.19
2004,7,11,8,561,836,72,23,1,23,784,2.1,300,0.19
2004,7,11,9,748,908,78,24,1,22,784,7.2,230,0.19
2004,7,11,10,899,987,53,25,1,21,785,7.7,250,0.19
2004,7,11,11,988,986,67,26,-1,17,785,7.2,250,0.19
2004,7,11,12,1020,979,78,27,-1,16,785,4.6,230,0.19
2004,7,11,13,996,978,77,26,-2,15,785,5.1,220,0.19
2004,7,11,14,898,941,78,28,-1,15,785,6.7,210,0.19
2004,7,11,15,758,847,117,28,-1,15,785,5.1,270,0.19
2004,7,11,16,626,920,67,28,-2,14,784,5.1,250,0.19
2004,7,11,17,427,866,53,27,-1,16,784,5.7,240,0.19
2004,7,11,18,246,795,53,26,-1,17,783,4.6,260,0.19
2004,7,11,19,22,318,5,21,-1,23,779,3.6,270,0.19
2004,7,11,20,0,0,0,17,-2,27,777,2.6,230,0.19
2004,7,11,21,0,0,0,13,-2,35,775,3.1,260,0.19
2004,7,11,22,0,0,0,13,-2,35,775,4.1,270,0.19
2004,7,11,23,0,0,0,12,-2,37,775,3.1,260,0.19
2004,7,12,0,0,0,0,10,-2,42,773,3.6,260,0.19
2004,7,12,1,0,0,0,9,-2,45,773,0,0,0.19
2004,7,12,2,0,0,0,9,-2,45,772,3.1,260,0.19
2004,7,12,3,0,0,0,9,-2,45,773,4.6,270,0.19
2004,7,12,4,0,0,0,8,-2,48,772,3.6,260,0.19
2004,7,12,5,9,217,3,8,-2,48,773,3.6,270,0.19
2004,7,12,6,168,672,23,14,-1,35,777,0,0,0.19
2004,7,12,7,366,803,41,20,-1,24,781,0,0,0.19
2004,7,12,8,571,894,50,25,0,19,784,2.6,310,0.19
2004,7,12,9,737,843,116,27,1,18,785,2.6,260,0.19
2004,7,12,10,735,481,322,28,1,17,785,5.1,210,0.19
2004,7,12,11,380,48,336,29,1,16,786,5.1,150,0.19
2004,7,12,12,169,0,169,29,1,16,786,6.7,130,0.19
2004,7,12,13,187,12,175,29,0,15,785,4.6,140,0.19
2004,7,12,14,872,698,264,29,1,16,785,5.7,150,0.19
2004,7,12,15,779,828,152,30,0,14,785,6.7,130,0.19
2004,7,12,16,459,325,261,28,-1,15,784,3.6,190,0.19
2004,7,12,17,403,591,148,28,0,16,783,3.1,160,0.19
2004,7,12,18,130,87,109,26,0,18,782,3.6,170,0.19
2004,7,12,19,12,34,10,25,2,22,781,6.2,150,0.19
2004,7,12,20,0,0,0,22,2,27,779,1.5,140,0.19
2004,7,12,21,0,0,0,20,2,30,778,2.6,160,0.19
2004,7,12,22,0,0,0,21,3,30,779,2.6,150,0.19
2004,7,12,23,0,0,0,16,2,39,776,4.1,130,0.19
2004,7,13,0,0,0,0,16,3,42,776,2.6,150,0.19
2004,7,13,1,0,0,0,15.7,3.5,44,776,1.3,80,0.19
2004,7,13,2,0,0,0,15,4,48,776,0,0,0.19
2004,7,13,3,0,0,0,12,4,58,774,2.1,30,0.19
2004,7,13,4,0,0,0,11,3,58,774,0,0,0.19
2004,7,13,5,6,43,5,11,4,62,774,2.6,240,0.19
2004,7,13,6,108,156,75,17,6,48,778,1.5,190,0.19
2004,7,13,7,357,595,117,20,7,43,780,3.1,130,0.19
2004,7,13,8,280,139,199,23,7,36,782,2.6,150,0.19
2004,7,13,9,726,737,184,24,6,31,783,4.1,160,0.19
2004,7,13,10,870,909,92,26,5,26,784,4.1,160,0.19
2004,7,13,11,947,885,123,28,5,23,785,5.7,130,0.19
2004,7,13,12,971,793,209,28,4,22,785,6.7,140,0.19
2004,7,13,13,654,344,331,29,3,19,785,5.7,130,0.19
2004,7,13,14,142,0,142,28,2,19,784,3.1,180,0.19
2004,7,13,15,264,18,250,27,5,24,784,5.1,250,0.19
2004,7,13,16,553,563,212,23,7,36,783,7.7,290,0.19
2004,7,13,17,420,795,78,24,6,31,783,7.2,280,0.19
2004,7,13,18,249,768,64,23,6,33,782,2.1,280,0.19
2004,7,13,19,21,299,5,19,6,43,779,2.6,270,0.19
2004,7,13,20,0,0,0,17,6,48,778,4.1,270,0.19
2004,7,13,21,0,0,0,15.3,5.6,52,777,3.6,270,0.19
2004,7,13,22,0,0,0,14,5,55,777,3.1,260,0.19
2004,7,13,23,0,0,0,14.7,5.7,55,777,3.3,260,0.19
2004,7,14,0,0,0,0,15.6,6.2,53,777,3.4,260,0.19
2004,7,14,1,0,0,0,17,7,52,777,3.6,260,0.19
2004,7,14,2,0,0,0,16,6,51,777,3.1,260,0.19
2004,7,14,3,0,0,0,15,6,55,777,2.1,280,0.19
2004,7,14,4,0,0,0,14,6,59,777,2.6,290,0.19
2004,7,14,5,4,0,4,15,7,59,778,2.1,270,0.19
2004,7,14,6,76,25,71,18,8,52,780,3.6,260,0.19
2004,7,14,7,274,292,157,22,7,38,783,7.2,280,0.19
2004,7,14,8,525,662,141,23,7,36,784,5.7,310,0.19
2004,7,14,9,688,731,151,24.9,7.1,32,785,5.4,290,0.19
2004,7,14,10,808,677,229,26,7,30,786,5.1,260,0.19
2004,7,14,11,772,436,365,24,8,36,785,7.2,230,0.19
2004,7,14,12,271,12,260,26,6,28,785,3.6,210,0.19
2004,7,14,13,480,109,378,24,8,36,783,6.2,280,0.19
2004,7,14,14,652,322,373,24,8,36,783,6.7,280,0.19
2004,7,14,15,691,595,241,26,7,30,784,3.1,310,0.19
2004,7,14,16,124,0,124,23,9,41,783,3.6,20,0.19
2004,7,14,17,84,0,84,22,9,43,783,7.2,310,0.19
2004,7,14,18,172,294,101,21,9,46,781,5.1,320,0.19
2004,7,14,19,14,113,8,19,9,52,780,2.6,290,0.19
2004,7,14,20,0,0,0,19,9,52,780,3.6,290,0.19
2004,7,14,21,0,0,0,17,9,59,779,3.6,260,0.19
2004,7,14,22,0,0,0,14,8,67,777,2.6,260,0.19
2004,7,14,23,0,0,0,14,8,67,778,0,0,0.19
2004,7,15,0,0,0,0,12,7,71,776,2.6,240,0.19
2004,7,15,1,0,0,0,12,7,71,777,2.1,270,0.19
2004,7,15,2,0,0,0,12,7,71,777,1.5,290,0.19
2004,7,15,3,0,0,0,12,7,71,776,1.5,260,0.19
2004,7,15,4,0,0,0,12,7,71,777,0,0,0.19
2004,7,15,5,1,0,1,11,7,76,777,2.6,290,0.19
2004,7,15,6,45,0,45,17,9,59,780,0,0,0.19
2004,7,15,7,105,0,105,19,11,60,781,4.6,310,0.19
2004,7,15,8,545,673,155,22,10,46,783,4.6,300,0.19
2004,7,15,9,720,866,85,24,10,41,784,3.1,230,0.19
2004,7,15,10,847,737,218,25,8,34,785,4.1,160,0.19
2004,7,15,11,158,12,147,24,11,44,784,5.1,110,0.19
2004,7,15,12,163,0,163,17,10,63,782,5.7,10,0.19
2004,7,15,13,156,0,156,16,12,77,782,2.6,340,0.19
2004,7,15,14,769,504,331,16,13,82,781,2.6,20,0.19
2004,7,15,15,495,196,346,16,12,77,780,5.1,40,0.19
2004,7,15,16,219,6,215,18,12,68,781,3.6,10,0.19
2004,7,15,17,177,13,171,19,11,60,781,4.6,290,0.19
2004,7,15,18,226,358,141,18,11,64,780,3.1,310,0.19
2004,7,15,19,18,136,11,16,11,72,779,4.6,270,0.19
2004,7,15,20,0,0,0,16,12,77,779,3.1,260,0.19
2004,7,15,21,0,0,0,16,11,72,778,4.1,300,0.19
2004,7,15,22,0,0,0,14,11,82,777,2.6,290,0.19
2004,7,15,23,0,0,0,13,11,88,776,2.6,270,0.19
2004,7,16,0,0,0,0,12,11,94,777,2.6,320,0.19
2004,7,16,1,0,0,0,13,11,88,777,3.1,270,0.19
2004,7,16,2,0,0,0,13,11,88,777,1.5,270,0.19
2004,7,16,3,0,0,0,13,11,88,777,1.5,350,0.19
2004,7,16,4,0,0,0,12,11,94,776,3.6,280,0.19
2004,7,16,5,5,111,2,12,10,88,776,0,0,0.19
2004,7,16,6,134,391,52,12,10,88,777,2.1,360,0.19
2004,7,16,7,360,745,63,17,11,68,780,1.5,360,0.19
2004,7,16,8,565,870,62,20,11,56,782,1.5,360,0.19
2004,7,16,9,757,937,72,23,8,38,783,0,0,0.19
2004,7,16,10,875,820,176,23,8,38,783,2.1,320,0.19
2004,7,16,11,415,66,354,26,8,32,784,2.1,290,0.19
2004,7,16,12,247,6,242,25,8,34,784,2.6,250,0.19
2004,7,16,13,367,42,328,24.8,8,34,783,2.7,290,0.19
2004,7,16,14,905,826,188,24.7,7.7,34,783,2.9,340,0.19
2004,7,16,15,773,626,301,24.6,6.9,32,782,3,20,0.19
2004,7,16,16,95,0,95,24,7,34,781,3.1,60,0.19
2004,7,16,17,278,191,197,21,9,46,780,8.2,330,0.19
2004,7,16,18,241,440,137,19,10,56,780,6.2,310,0.19
2004,7,16,19,18,164,10,17,10,63,779,3.6,330,0.19
2004,7,16,20,0,0,0,17,10,63,779,0,0,0.19
2004,7,16,21,0,0,0,16,10,68,779,0,0,0.19
2004,7,16,22,0,0,0,16,11,72,779,0,0,0.19
2004,7,16,23,0,0,0,15,11,77,777,0,0,0.19
2004,7,17,0,0,0,0,13,11,88,775,3.1,290,0.19
2004,7,17,1,0,0,0,13,10,82,776,2.1,250,0.19
2004,7,17,2,0,0,0,12,10,88,775,3.1,260,0.19
2004,7,17,3,0,0,0,12,9,82,775,4.1,270,0.19
2004,7,17,4,0,0,0,12,10,88,776,0,0,0.19
2004,7,17,5,5,151,2,13,9,77,777,1.5,290,0.19
2004,7,17,6,147,595,24,13,10,82,778,1.5,250,0.19
2004,7,17,7,318,538,105,18,11,64,781,2.1,200,0.19
2004,7,17,8,544,760,106,21,11,53,782,4.1,140,0.19
2004,7,17,9,719,813,125,21,9,46,782,3.1,140,0.19
2004,7,17,10,762,570,277,22,10,46,783,5.7,140,0.19
2004,7,17,11,935,807,186,24,10,41,784,5.1,170,0.19
2004,7,17,12,929,655,302,25,10,39,784,6.7,160,0.19
2004,7,17,13,417,66,355,24,10,41,783,7.2,150,0.19
2004,7,17,14,375,24,354,24,8,36,783,4.1,140,0.19
2004,7,17,15,183,0,183,22,9,43,782,6.2,290,0.19
2004,7,17,16,438,275,272,19,11,60,780,5.7,290,0.19
2004,7,17,17,414,606,156,19,12,64,781,4.1,290,0.19
2004,7,17,18,108,48,97,19,11,60,781,3.6,350,0.19
2004,7,17,19,8,18,7,18,10,59,779,4.1,10,0.19
2004,7,17,20,0,0,0,17,11,68,779,2.1,300,0.19
2004,7,17,21,0,0,0,16,12,77,779,2.6,280,0.19
2004,7,17,22,0,0,0,14,12,88,778,1.5,270,0.19
2004,7,17,23,0,0,0,13,11,88,777,1.5,290,0.19
2004,7,18,0,0,0,0,12,10,88,776,2.6,260,0.19
2004,7,18,1,0,0,0,12,10,88,776,2.6,300,0.19
2004,7,18,2,0,0,0,11,9,87,776,3.6,270,0.19
2004,7,18,3,0,0,0,11,8,82,776,3.1,280,0.19
2004,7,18,4,0,0,0,10,8,87,776,2.6,270,0.19
2004,7,18,5,4,138,2,9,8,93,776,2.6,260,0.19
2004,7,18,6,146,593,25,13,9,77,778,0,0,0.19
2004,7,18,7,359,800,43,18,10,59,781,2.1,290,0.19
2004,7,18,8,548,847,62,22,9,43,783,0,0,0.19
2004,7,18,9,719,878,79,23,7,36,784,3.1,80,0.19
2004,7,18,10,830,707,229,21,10,49,783,4.1,150,0.19
2004,7,18,11,532,155,388,22,7,38,784,6.7,150,0.19
2004,7,18,12,977,799,213,22,6,35,784,3.6,300,0.19
2004,7,18,13,604,217,401,23,7,36,784,5.7,310,0.19
2004,7,18,14,672,346,372,23,6,33,784,0,0,0.19
2004,7,18,15,420,98,347,24,6,31,784,1.5,300,0.19
2004,7,18,16,124,0,124,20,9,49,782,6.7,230,0.19
2004,7,18,17,364,369,208,22,8,41,784,3.6,270,0.19
2004,7,18,18,41,0,41,20,9,49,782,4.1,270,0.19
2004,7,18,19,3,0,3,18,8,52,780,3.6,280,0.19
2004,7,18,20,0,0,0,17,8,55,779,2.1,290,0.19
2004,7,18,21,0,0,0,14,10,77,778,2.6,260,0.19
2004,7,18,22,0,0,0,13,10,82,778,3.1,260,0.19
2004,7,18,23,0,0,0,12,9,82,777,3.6,270,0.19
2004,7,19,0,0,0,0,13,10,82,778,3.1,290,0.19
2004,7,19,1,0,0,0,13,9,77,777,2.6,270,0.19
2004,7,19,2,0,0,0,13,9,77,777,2.1,280,0.19
2004,7,19,3,0,0,0,13,9,77,777,3.1,270,0.19
2004,7,19,4,0,0,0,11,9,87,776,2.6,260,0.19
2004,7,19,5,4,164,1,12,8,76,777,3.1,270,0.19
2004,7,19,6,141,562,28,14,9,72,779,2.1,40,0.19
2004,7,19,7,349,716,68,19,9,52,782,2.1,40,0.19
2004,7,19,8,497,620,142,22,8,41,784,3.1,80,0.19
2004,7,19,9,676,719,152,24,7,34,785,4.1,260,0.19
2004,7,19,10,892,790,221,24,4,27,785,2.6,310,0.19
2004,7,19,11,158,6,152,24,4,27,785,0,0,0.19
2004,7,19,12,247,6,242,17,11,68,782,7.2,280,0.19
2004,7,19,13,293,6,287,19,9,52,782,5.1,270,0.19
2004,7,19,14,498,128,387,22,8,41,783,2.6,320,0.19
2004,7,19,15,577,295,355,24,6,31,784,2.1,360,0.19
2004,7,19,16,614,645,227,23,7,36,783,3.6,40,0.19
2004,7,19,17,170,20,161,25,6,30,784,0,0,0.19
2004,7,19,18,234,405,140,21,8,43,782,5.7,300,0.19
2004,7,19,19,15,142,9,19,7,46,779,2.1,280,0.19
2004,7,19,20,0,0,0,17,8,55,779,4.1,260,0.19
2004,7,19,21,0,0,0,13,7,67,776,2.6,240,0.19
2004,7,19,22,0,0,0,13,8,72,776,3.6,270,0.19
2004,7,19,23,0,0,0,12,8,76,776,4.1,270,0.19
2004,7,20,0,0,0,0,12,8,76,777,4.1,280,0.19
2004,7,20,1,0,0,0,12,8,76,776,3.6,270,0.19
2004,7,20,2,0,0,0,12,8,76,776,3.6,280,0.19
2004,7,20,3,0,0,0,14,7,63,777,5.7,270,0.19
2004,7,20,4,0,0,0,14,8,67,778,6.7,310,0.19
2004,7,20,5,3,111,1,14,8,67,778,4.1,310,0.19
2004,7,20,6,134,392,56,17,8,55,780,3.6,360,0.19
2004,7,20,7,158,78,128,18,8,52,780,6.7,20,0.19
2004,7,20,8,568,753,138,19,7,46,781,5.1,10,0.19
2004,7,20,9,735,907,76,22,7,38,784,2.1,330,0.19
2004,7,20,10,892,855,166,24,5,29,784,6.2,280,0.19
2004,7,20,11,456,96,367,25,4,26,784,3.6,280,0.19
2004,7,20,12,694,336,372,24,5,29,784,4.6,300,0.19
2004,7,20,13,505,103,409,24,3,25,784,8.2,280,0.19
2004,7,20,14,149,0,149,23,3,27,784,8.2,260,0.19
2004,7,20,15,353,61,307,23,4,29,783,9.3,20,0.19
2004,7,20,16,132,0,132,22,4,31,782,2.1,30,0.19
2004,7,20,17,425,666,144,24,4,27,783,2.1,30,0.19
2004,7,20,18,237,740,66,21,4,33,781,4.6,40,0.19
2004,7,20,19,15,253,4,18,6,45,780,2.1,340,0.19
2004,7,20,20,0,0,0,14,5,55,777,3.6,20,0.19
2004,7,20,21,0,0,0,13,6,62,777,1.5,260,0.19
2004,7,20,22,0,0,0,12,6,67,776,3.1,270,0.19
2004,7,20,23,0,0,0,14,7,63,777,2.1,290,0.19
2004,7,21,0,0,0,0,12,6,67,776,5.1,330,0.19
2004,7,21,1,0,0,0,13,6,62,777,4.1,340,0.19
2004,7,21,2,0,0,0,9,5,76,774,3.6,280,0.19
2004,7,21,3,0,0,0,9,6,81,774,3.6,260,0.19
2004,7,21,4,0,0,0,8,5,81,774,4.1,280,0.19
2004,7,21,5,3,114,1,7,5,87,773,3.6,270,0.19
2004,7,21,6,136,544,29,12,6,67,777,2.6,270,0.19
2004,7,21,7,348,771,48,18,6,45,780,1.5,280,0.19
2004,7,21,8,542,823,74,22,6,35,783,2.1,300,0.19
2004,7,21,9,740,919,73,25,3,24,784,5.7,310,0.19
2004,7,21,10,835,737,211,27,2,20,785,3.1,300,0.19
2004,7,21,11,508,114,403,24,1,22,784,6.7,290,0.19
2004,7,21,12,241,24,218,26,2,21,785,6.7,290,0.19
2004,7,21,13,953,785,221,23,3,27,783,4.1,200,0.19
2004,7,21,14,886,954,63,27,2,20,785,6.7,280,0.19
2004,7,21,15,774,939,71,27,1,18,785,2.1,280,0.19
2004,7,21,16,600,834,103,27,-1,16,784,4.1,280,0.19
2004,7,21,17,375,588,128,26,1,20,784,4.6,330,0.19
2004,7,21,18,225,490,113,24,2,24,782,3.6,360,0.19
2004,7,21,19,13,164,7,21,3,30,780,4.1,20,0.19
2004,7,21,20,0,0,0,16,2,39,777,2.6,20,0.19
2004,7,21,21,0,0,0,13,4,54,775,3.1,270,0.19
2004,7,21,22,0,0,0,13,4,54,775,3.1,270,0.19
2004,7,21,23,0,0,0,12,4,58,774,4.6,270,0.19
2004,7,22,0,0,0,0,10.7,3.4,61,774,4.6,270,0.19
2004,7,22,1,0,0,0,10,3,62,774,4.6,270,0.19
2004,7,22,2,0,0,0,9,3,66,772,5.1,280,0.19
2004,7,22,3,0,0,0,8,3,71,772,2.6,260,0.19
2004,7,22,4,0,0,0,8,3,71,772,4.6,270,0.19
2004,7,22,5,2,115,1,8,3,71,772,4.1,270,0.19
2004,7,22,6,139,587,24,12,4,58,774,3.1,280,0.19
2004,7,22,7,352,798,42,18,4,39,778,0,0,0.19
2004,7,22,8,547,863,57,23,3,27,781,0,0,0.19
2004,7,22,9,734,913,73,26,0,18,783,2.1,60,0.19
2004,7,22,10,840,737,218,27,-2,15,784,2.6,110,0.19
2004,7,22,11,175,12,164,27,-3,13,784,4.6,240,0.19
2004,7,22,12,458,84,378,25,-1,18,783,3.6,180,0.19
2004,7,22,13,879,610,310,25,1,21,783,6.2,260,0.19
2004,7,22,14,589,255,369,27,-1,16,784,2.6,280,0.19
2004,7,22,15,177,0,177,24,1,22,782,8.7,280,0.19
2004,7,22,16,586,664,190,27,-1,16,783,3.6,20,0.19
2004,7,22,17,402,582,158,26,0,18,782,4.1,310,0.19
2004,7,22,18,43,0,43,24,1,22,781,5.1,30,0.19
2004,7,22,19,2,0,2,22,1,25,779,1.5,250,0.19
2004,7,22,20,0,0,0,20,1,28,778,2.6,320,0.19
2004,7,22,21,0,0,0,17,2,36,776,3.1,30,0.19
2004,7,22,22,0,0,0,12,1,47,773,0,0,0.19
2004,7,22,23,0,0,0,12,1,47,773,2.1,250,0.19
2004,7,23,0,0,0,0,10,2,57,772,3.6,280,0.19
2004,7,23,1,0,0,0,9,1,57,772,1.5,240,0.19
2004,7,23,2,0,0,0,8,2,66,771,2.6,280,0.19
2004,7,23,3,0,0,0,8,2,66,771,4.6,280,0.19
2004,7,23,4,0,0,0,7,2,70,770,3.6,270,0.19
2004,7,23,5,2,140,0,8,2,66,772,3.6,270,0.19
2004,7,23,6,138,595,23,12,3,54,774,2.6,290,0.19
2004,7,23,7,351,803,41,17,3,39,777,2.6,360,0.19
2004,7,23,8,536,834,64,21,3,30,780,4.1,50,0.19
2004,7,23,9,712,789,142,24,3,25,782,3.1,30,0.19
2004,7,23,10,581,410,235,25,2,22,783,3.1,80,0.19
2004,7,23,11,152,6,146,24,2,24,782,2.1,140,0.19
2004,7,23,12,326,36,291,21,2,28,781,8.2,190,0.19
2004,7,23,13,629,223,422,20,3,32,781,9.8,210,0.19
2004,7,23,14,388,55,341,24,2,24,781,5.1,60,0.19
2004,7,23,15,747,737,198,24,1,22,782,2.6,10,0.19
2004,7,23,16,565,640,185,26,1,20,782,2.1,330,0.19
2004,7,23,17,188,79,155,22,2,27,781,12.9,280,0.19
2004,7,23,18,188,297,121,22,2,27,781,8.2,320,0.19
2004,7,23,19,9,94,6,19,2,32,779,7.2,30,0.19
2004,7,23,20,0,0,0,15,2,41,776,3.1,60,0.19
2004,7,23,21,0,0,0,11,1,50,774,0,0,0.19
2004,7,23,22,0,0,0,13,3,51,775,3.1,250,0.19
2004,7,23,23,0,0,0,14,4,51,776,2.6,250,0.19
2004,7,24,0,0,0,0,13,4,54,777,1.5,320,0.19
2004,7,24,1,0,0,0,11,3,58,775,2.1,260,0.19
2004,7,24,2,0,0,0,9,3,66,774,1.5,190,0.19
2004,7,24,3,0,0,0,7,2,70,773,2.6,250,0.19
2004,7,24,4,0,0,0,7,3,76,773,2.6,230,0.19
2004,7,24,5,1,65,1,7,2,70,774,0,0,0.19
2004,7,24,6,114,348,47,12,5,62,777,2.1,260,0.19
2004,7,24,7,332,619,95,18,3,37,781,0,0,0.19
2004,7,24,8,541,793,93,21,3,30,783,2.1,360,0.19
2004,7,24,9,647,618,202,23,3,27,785,0,0,0.19
2004,7,24,10,846,849,130,24,2,24,785,6.2,280,0.19
2004,7,24,11,970,866,172,25,-1,18,785,4.6,330,0.19
2004,7,24,12,615,252,375,24,4,27,784,5.7,150,0.19
2004,7,24,13,156,6,150,22,4,31,784,6.7,100,0.19
2004,7,24,14,751,486,333,21,8,43,785,8.2,150,0.19
2004,7,24,15,748,829,131,20,6,40,784,6.2,140,0.19
2004,7,24,16,602,903,67,21,5,35,785,4.6,140,0.19
2004,7,24,17,412,642,146,22,4,31,785,3.6,140,0.19
2004,7,24,18,73,0,73,22,4,31,784,2.6,140,0.19
2004,7,24,19,3,0,3,18,3,37,781,2.6,100,0.19
2004,7,24,20,0,0,0,16,4,45,780,3.6,240,0.19
2004,7,24,21,0,0,0,14,4,51,779,1.5,290,0.19
2004,7,24,22,0,0,0,11,3,58,777,2.1,320,0.19
2004,7,24,23,0,0,0,8,3,71,776,2.1,250,0.19
2004,7,25,0,0,0,0,7,2,70,775,0,0,0.19
2004,7,25,1,0,0,0,9,4,71,777,3.6,270,0.19
2004,7,25,2,0,0,0,10,4,66,777,2.6,270,0.19
2004,7,25,3,0,0,0,9,3,66,777,4.1,270,0.19
2004,7,25,4,0,0,0,8,3,71,776,1.5,310,0.19
2004,7,25,5,0,0,0,8,3,71,776,2.1,230,0.19
2004,7,25,6,48,0,48,12,4,58,779,3.1,270,0.19
2004,7,25,7,269,306,152,16,4,45,782,0,0,0.19
2004,7,25,8,525,660,154,21,3,30,784,0,0,0.19
2004,7,25,9,528,330,291,23,3,27,786,0,0,0.19
2004,7,25,10,761,564,286,25,1,21,787,0,0,0.19
2004,7,25,11,456,96,368,27,1,18,788,5.1,350,0.19
2004,7,25,12,163,0,163,22,1,25,786,8.7,220,0.19
2004,7,25,13,156,0,156,17,7,52,785,8.2,290,0.19
2004,7,25,14,142,0,142,16,7,55,783,11.3,290,0.19
2004,7,25,15,476,178,344,19,7,46,784,6.7,20,0.19
2004,7,25,16,198,0,198,20,6,40,785,6.2,360,0.19
2004,7,25,17,129,0,129,19,5,40,784,4.1,30,0.19
2004,7,25,18,223,368,142,19,4,37,783,2.6,50,0.19
2004,7,25,19,9,109,6,14,6,59,779,2.6,240,0.19
2004,7,25,20,0,0,0,14,6,59,779,0,0,0.19
2004,7,25,21,0,0,0,14,6,59,779,1.5,280,0.19
2004,7,25,22,0,0,0,12,6,67,777,3.1,280,0.19
2004,7,25,23,0,0,0,11,6,71,777,1.5,360,0.19
2004,7,26,0,0,0,0,12,6,67,778,2.6,260,0.19
2004,7,26,1,0,0,0,10,5,71,777,1.5,120,0.19
2004,7,26,2,0,0,0,11,5,66,778,3.6,240,0.19
2004,7,26,3,0,0,0,11,6,71,777,2.6,260,0.19
2004,7,26,4,0,0,0,9,4,71,776,0,0,0.19
2004,7,26,5,0,111,0,9,4,71,776,3.6,270,0.19
2004,7,26,6,128,550,25,14,6,59,779,0,0,0.19
2004,7,26,7,335,752,50,18,6,45,782,0,0,0.19
2004,7,26,8,540,868,53,20,4,35,783,4.6,140,0.19
2004,7,26,9,717,883,83,22,6,35,784,3.6,130,0.19
2004,7,26,10,806,647,262,23,5,31,784,3.1,160,0.19
2004,7,26,11,175,12,164,23,5,31,784,5.7,190,0.19
2004,7,26,12,519,108,416,22,2,27,783,9.8,240,0.19
2004,7,26,13,293,6,287,21,3,30,782,14.9,270,0.19
2004,7,26,14,220,6,215,19,6,43,782,6.7,40,0.19
2004,7,26,15,735,584,302,21,3,30,782,5.1,360,0.19
2004,7,26,16,419,232,283,19,5,40,781,6.7,30,0.19
2004,7,26,17,320,398,156,20,5,37,781,4.1,20,0.19
2004,7,26,18,227,396,140,19,2,32,779,4.6,280,0.19
2004,7,26,19,9,113,5,18,4,39,779,5.1,230,0.19
2004,7,26,20,0,0,0,16,6,51,777,2.6,130,0.19
2004,7,26,21,0,0,0,15,7,59,777,2.1,320,0.19
2004,7,26,22,0,0,0,15,6,55,777,3.1,350,0.19
2004,7,26,23,0,0,0,13,6,62,776,0,0,0.19
2004,7,27,0,0,0,0,13,6,62,776,3.1,340,0.19
2004,7,27,1,0,0,0,13,7,67,776,7.7,30,0.19
2004,7,27,2,0,0,0,12,8,76,776,6.7,350,0.19
2004,7,27,3,0,0,0,11,7,76,775,2.6,20,0.19
2004,7,27,4,0,0,0,8,6,87,773,2.1,260,0.19
2004,7,27,5,0,0,0,9,7,87,774,3.1,270,0.19
2004,7,27,6,118,349,53,11,7,76,775,3.1,290,0.19
2004,7,27,7,156,89,123,12,8,76,776,2.1,240,0.19
2004,7,27,8,525,666,152,17,7,52,779,2.1,360,0.19
2004,7,27,9,711,753,171,21,5,35,781,3.1,210,0.19
2004,7,27,10,214,24,194,22,5,33,781,4.6,260,0.19
2004,7,27,11,152,0,152,19,6,43,780,7.2,50,0.19
2004,7,27,12,157,0,157,19,4,37,779,1.5,270,0.19
2004,7,27,13,156,0,156,15,8,63,777,3.6,180,0.19
2004,7,27,14,142,0,142,14,7,63,777,9.8,240,0.19
2004,7,27,15,123,0,123,14,5,55,778,11.3,270,0.19
2004,7,27,16,96,0,96,11,7,76,778,8.7,290,0.19
2004,7,27,17,87,0,87,12,7,71,776,5.7,320,0.19
2004,7,27,18,92,0,92,13,7,67,777,0,0,0.19
2004,7,27,19,3,0,3,12,6,67,776,4.6,350,0.19
2004,7,27,20,0,0,0,11,6,71,775,3.6,20,0.19
2004,7,27,21,0,0,0,9,7,87,773,0,0,0.19
2004,7,27,22,0,0,0,8,6,87,772,3.6,270,0.19
2004,7,27,23,0,0,0,8,6,87,773,2.1,270,0.19
2004,7,28,0,0,0,0,7,5,87,772,3.1,280,0.19
2004,7,28,1,0,0,0,6,4,87,772,3.1,270,0.19
2004,7,28,2,0,0,0,7,4,81,773,3.1,260,0.19
2004,7,28,3,0,0,0,6,4,87,772,3.6,290,0.19
2004,7,28,4,0,0,0,5,3,87,772,3.6,270,0.19
2004,7,28,5,0,0,0,4,3,93,772,3.1,270,0.19
2004,7,28,6,129,595,21,8,4,76,774,3.1,260,0.19
2004,7,28,7,334,767,46,13,6,62,777,1.5,330,0.19
2004,7,28,8,544,874,57,18,4,39,780,1.5,350,0.19
2004,7,28,9,706,859,91,21,4,33,782,0,0,0.19
2004,7,28,10,873,944,83,23,2,25,783,3.1,300,0.19
2004,7,28,11,981,998,67,23,1,23,783,3.6,280,0.19
2004,7,28,12,1019,1003,71,23,0,22,782,2.6,270,0.19
2004,7,28,13,998,857,205,25,0,19,783,3.6,40,0.19
2004,7,28,14,505,146,381,23,1,23,782,11.8,20,0.19
2004,7,28,15,415,98,343,19,6,43,781,5.7,40,0.19
2004,7,28,16,531,415,288,22,2,27,781,1.5,30,0.19
2004,7,28,17,139,0,139,23,1,23,782,0,0,0.19
2004,7,28,18,235,428,143,22,1,25,781,5.1,110,0.19
2004,7,28,19,7,112,4,17,4,42,778,4.1,130,0.19
2004,7,28,20,0,0,0,11,3,58,774,0,0,0.19
2004,7,28,21,0,0,0,9,3,66,773,2.6,260,0.19
2004,7,28,22,0,0,0,10,4,66,773,2.1,290,0.19
2004,7,28,23,0,0,0,11,3,58,774,5.1,270,0.19
2004,7,29,0,0,0,0,9,2,61,773,1.5,320,0.19
2004,7,29,1,0,0,0,8,3,71,772,2.6,260,0.19
2004,7,29,2,0,0,0,7,2,70,771,4.1,270,0.19
2004,7,29,3,0,0,0,7,2,70,772,3.6,270,0.19
2004,7,29,4,0,0,0,7,2,70,771,3.1,260,0.19
2004,7,29,5,0,0,0,6,2,75,771,2.6,260,0.19
2004,7,29,6,122,540,25,12,3,54,775,0,0,0.19
2004,7,29,7,329,750,49,17,3,39,778,0,0,0.19
2004,7,29,8,534,845,65,22,-1,21,782,4.1,280,0.19
2004,7,29,9,716,918,61,24,-2,17,783,2.6,280,0.19
2004,7,29,10,862,903,107,25,-2,16,784,4.1,280,0.19
2004,7,29,11,818,580,287,25,-3,15,783,6.2,250,0.19
2004,7,29,12,766,384,403,27,-4,12,784,5.1,250,0.19
2004,7,29,13,430,54,380,25,-3,15,783,7.2,270,0.19
2004,7,29,14,227,18,211,25,-2,16,783,5.1,220,0.19
2004,7,29,15,777,651,297,26,-2,15,783,3.1,260,0.19
2004,7,29,16,561,741,129,26,-2,15,782,5.1,250,0.19
2004,7,29,17,393,806,67,26,-2,15,782,7.7,230,0.19
2004,7,29,18,224,690,78,24,-3,16,780,6.7,240,0.19
2004,7,29,19,6,173,2,19,-3,22,777,3.6,230,0.19
2004,7,29,20,0,0,0,18,-3,23,776,3.1,270,0.19
2004,7,29,21,0,0,0,12,-4,31,773,4.1,60,0.19
2004,7,29,22,0,0,0,13,-4,29,773,2.6,50,0.19
2004,7,29,23,0,0,0,11,-4,33,772,2.1,50,0.19
2004,7,30,0,0,0,0,12,-3,34,772,1.5,30,0.19
2004,7,30,1,0,0,0,9,-4,38,771,1.5,20,0.19
2004,7,30,2,0,0,0,8,-4,41,770,0,0,0.19
2004,7,30,3,0,0,0,5,-4,50,769,1.5,260,0.19
2004,7,30,4,0,0,0,6,-3,51,769,0,0,0.19
2004,7,30,5,0,0,0,9,-1,49,771,0,0,0.19
2004,7,30,6,87,178,55,12,0,44,774,0,0,0.19
2004,7,30,7,319,611,93,19,1,30,778,1.5,350,0.19
2004,7,30,8,523,815,72,22,-3,18,780,2.6,320,0.19
2004,7,30,9,721,912,72,24,-3,16,782,4.6,280,0.19
2004,7,30,10,850,938,68,25,-4,14,783,6.2,290,0.19
2004,7,30,11,952,950,84,27,-7,9,784,4.1,200,0.19
2004,7,30,12,983,943,94,27,-5,11,783,9.8,280,0.19
2004,7,30,13,979,984,72,27,-5,11,784,4.6,270,0.19
2004,7,30,14,901,991,58,26,-6,11,783,6.2,260,0.19
2004,7,30,15,771,940,80,27,-4,12,783,5.7,290,0.19
2004,7,30,16,584,874,76,27,-4,12,783,4.1,300,0.19
2004,7,30,17,403,860,57,26,-3,14,782,7.7,250,0.19
2004,7,30,18,212,644,77,24,-3,16,780,7.2,270,0.19
2004,7,30,19,5,153,2,19,-3,22,777,4.1,260,0.19
2004,7,30,20,0,0,0,14,-3,30,775,3.1,240,0.19
2004,7,30,21,0,0,0,14,-2,32,774,4.1,260,0.19
2004,7,30,22,0,0,0,12,-2,37,774,4.1,260,0.19
2004,7,30,23,0,0,0,11,-1,43,773,4.1,260,0.19
2004,7,31,0,0,0,0,11,-1,43,773,4.1,270,0.19
2004,7,31,1,0,0,0,9,-1,49,771,0,0,0.19
2004,7,31,2,0,0,0,9,-1,49,771,3.1,300,0.19
2004,7,31,3,0,0,0,9,-2,45,771,4.1,260,0.19
2004,7,31,4,0,0,0,7,-2,52,770,1.5,310,0.19
2004,7,31,5,0,0,0,6,-2,55,770,0,0,0.19
2004,7,31,6,83,158,55,12,1,47,774,0,0,0.19
2004,7,31,7,323,638,87,18,-1,27,778,0,0,0.19
2004,7,31,8,523,833,63,21,0,25,781,1.5,80,0.19
2004,7,31,9,699,853,94,24,-1,19,782,3.6,250,0.19
2004,7,31,10,867,944,81,26,1,20,784,5.1,120,0.19
2004,7,31,11,981,950,115,26,-2,15,784,7.7,210,0.19
2004,7,31,12,935,721,257,27,0,17,784,7.2,210,0.19
2004,7,31,13,437,60,381,28,-1,15,785,7.2,250,0.19
2004,7,31,14,298,12,288,28,-1,15,784,6.2,240,0.19
2004,7,31,15,205,0,205,26,-1,17,783,7.2,210,0.19
2004,7,31,16,207,6,204,27,-1,16,784,6.7,200,0.19
2004,7,31,17,369,461,185,26,0,18,784,5.1,250,0.19
2004,7,31,18,133,176,97,23,1,23,781,2.6,230,0.19
2004,7,31,19,2,40,2,21,1,26,780,4.1,240,0.19
2004,7,31,20,0,0,0,19,5,40,779,4.6,100,0.19
2004,7,31,21,0,0,0,18.2,5.4,28,780,4.3,320,0.19
2004,7,31,22,0,0,0,17.4,5.8,34,779,4,250,0.19
2004,7,31,23,0,0,0,16.6,6.2,34,778,3.7,300,0.19
1994,8,1,0,0,0,0,15.9,6.5,63,781,3.5,310,0.18
1994,8,1,1,0,0,0,15.1,6.9,56,780,3.2,20,0.18
1994,8,1,2,0,0,0,14.3,7.3,59,780,2.9,330,0.18
1994,8,1,3,0,0,0,13.5,7.7,68,779,2.6,300,0.18
1994,8,1,4,0,0,0,11.5,7.7,77,779,3.1,310,0.18
1994,8,1,5,5,23,4,10.5,7.8,83,778,3.1,350,0.18
1994,8,1,6,70,127,48,10.5,8.8,89,778,1.5,320,0.18
1994,8,1,7,163,242,74,17.2,7.2,52,781,3.1,10,0.18
1994,8,1,8,516,762,96,22.2,5.5,34,782,4.1,300,0.18
1994,8,1,9,703,830,115,25,6.1,30,784,3.6,320,0.18
1994,8,1,10,784,626,264,26.1,5,26,785,5.1,290,0.18
1994,8,1,11,891,828,138,27.7,3.8,22,784,4.1,280,0.18
1994,8,1,12,919,816,152,27.7,3.3,21,785,5.1,290,0.18
1994,8,1,13,899,824,143,27.7,2.2,19,785,4.1,70,0.18
1994,8,1,14,713,573,228,28.3,3.3,20,784,6.2,290,0.18
1994,8,1,15,671,678,175,28.1,3.4,20,784,7.7,290,0.18
1994,8,1,16,488,567,161,28.1,3.4,20,783,6.7,300,0.18
1994,8,1,17,331,642,76,27.7,3.5,21,783,4.1,310,0.18
1994,8,1,18,129,374,52,23.5,4.5,29,783,3.6,320,0.18
1994,8,1,19,9,10,8,19.3,5.7,41,782,2,300,0.18
1994,8,1,20,0,0,0,20.2,3.8,34,782,3.5,270,0.18
1994,8,1,21,0,0,0,16.1,3.9,44,781,2.9,270,0.18
1994,8,1,22,0,0,0,13.9,4,51,781,2.4,260,0.18
1994,8,1,23,0,0,0,11.7,3.1,56,780,2.8,300,0.18
1994,8,2,0,0,0,0,10.5,3.2,61,780,1.8,340,0.18
1994,8,2,1,0,0,0,9.3,3.3,66,779,3.7,280,0.18
1994,8,2,2,0,0,0,9.1,4.4,72,779,4.7,170,0.18
1994,8,2,3,0,0,0,8.2,4.5,77,778,1.6,270,0.18
1994,8,2,4,0,0,0,7.2,3.5,77,778,1.9,230,0.18
1994,8,2,5,4,25,3,8.2,4.6,78,777,2,180,0.18
1994,8,2,6,109,390,42,12.2,6.6,69,777,3,290,0.18
1994,8,2,7,308,653,69,17.7,6.1,46,780,1.5,340,0.18
1994,8,2,8,519,777,93,21.6,7.2,39,783,1.5,320,0.18
1994,8,2,9,668,750,138,26.1,5.5,27,785,1.5,110,0.18
1994,8,2,10,767,768,130,25.5,4.4,26,785,2,230,0.18
1994,8,2,11,894,824,146,25.5,5.5,28,785,3.6,170,0.18
1994,8,2,12,907,821,136,26.6,5,25,786,2.5,100,0.18
1994,8,2,13,948,878,144,27.7,4.4,23,786,4.1,100,0.18
1994,8,2,14,810,804,131,28.8,3.8,20,786,3,150,0.18
1994,8,2,15,721,828,118,27.4,2.1,19,786,0.6,200,0.18
1994,8,2,16,544,776,97,25.8,2.9,23,785,2.3,280,0.18
1994,8,2,17,342,681,73,23.7,3.7,27,784,2.4,350,0.18
1994,8,2,18,137,448,46,22.4,3.4,29,784,0,0,0.18
1994,8,2,19,10,52,8,21,5,35,783,1.6,280,0.18
1994,8,2,20,0,0,0,19.7,4.7,37,783,1.8,190,0.18
1994,8,2,21,0,0,0,17.3,4.3,42,782,1.9,100,0.18
1994,8,2,22,0,0,0,15,2.9,44,781,2,40,0.18
1994,8,2,23,0,0,0,14.6,2.6,44,781,1.6,60,0.18
1994,8,3,0,0,0,0,13.2,1.2,44,780,1.8,290,0.18
1994,8,3,1,0,0,0,13.9,0.9,41,779,3.4,340,0.18
1994,8,3,2,0,0,0,12.5,1.5,47,779,2.5,300,0.18
1994,8,3,3,0,0,0,13.2,1.2,44,778,1.6,340,0.18
1994,8,3,4,0,0,0,13.8,-0.2,38,778,1.8,280,0.18
1994,8,3,5,6,86,3,12.5,0.5,44,777,2.4,240,0.18
1994,8,3,6,127,612,23,12.7,1.1,45,776,3,260,0.18
1994,8,3,7,334,815,37,17.7,0,30,780,2.5,30,0.18
1994,8,3,8,544,903,50,23.3,0,21,784,1.5,250,0.18
1994,8,3,9,730,949,61,26.6,0,18,786,3.6,120,0.18
1994,8,3,10,876,976,68,28.3,0.5,16,787,3,140,0.18
1994,8,3,11,950,965,75,29.4,1.6,17,787,6.6,160,0.18
1994,8,3,12,923,895,85,30,1.1,16,787,4.1,210,0.18
1994,8,3,13,949,955,76,31.1,1.6,15,788,5.1,300,0.18
1994,8,3,14,820,879,79,31.1,2.2,16,788,4.6,320,0.18
1994,8,3,15,650,797,71,32.2,1.5,14,787,7.1,60,0.18
1994,8,3,16,564,887,56,31.2,2.8,16,786,3.5,350,0.18
1994,8,3,17,317,687,47,28.3,3.1,20,786,2.3,240,0.18
1994,8,3,18,142,545,33,26.6,3.1,22,785,2.8,300,0.18
1994,8,3,19,14,170,5,23.9,3.2,26,784,1.7,340,0.18
1994,8,3,20,0,0,0,21.2,3.2,31,784,0,0,0.18
1994,8,3,21,0,0,0,18.5,2.3,34,783,1.1,80,0.18
1994,8,3,22,0,0,0,16.8,1.3,35,782,0,0,0.18
1994,8,3,23,0,0,0,14.1,-0.7,36,781,1.4,120,0.18
1994,8,4,0,0,0,0,12.4,-0.6,40,781,1.8,120,0.18
1994,8,4,1,0,0,0,10.7,-1.6,42,780,3.4,120,0.18
1994,8,4,2,0,0,0,10,-1.6,44,779,3.3,140,0.18
1994,8,4,3,0,0,0,10.3,-0.5,47,779,3.2,120,0.18
1994,8,4,4,0,0,0,9.6,-1.5,45,778,2.1,260,0.18
1994,8,4,5,4,25,3,8.9,-1.4,48,777,4.7,180,0.18
1994,8,4,6,107,399,40,12.2,1.6,48,776,3,270,0.18
1994,8,4,7,305,663,65,20.5,1.6,28,782,2.5,20,0.18
1994,8,4,8,516,785,88,25,0,19,785,3.6,50,0.18
1994,8,4,9,705,851,106,27.2,-1.2,15,787,1.5,50,0.18
1994,8,4,10,853,889,118,29.4,0,15,788,5.1,160,0.18
1994,8,4,11,948,908,126,30.5,0.5,15,789,5.6,160,0.18
1994,8,4,12,969,897,131,31.1,0,14,790,3.6,170,0.18
1994,8,4,13,904,840,137,30,1.1,16,789,3,210,0.18
1994,8,4,14,827,811,145,30.5,0.5,15,789,4.6,230,0.18
1994,8,4,15,697,776,134,32.3,-4.2,9,789,4.4,210,0.18
1994,8,4,16,491,692,96,33.2,-6.9,7,788,3.6,250,0.18
1994,8,4,17,337,686,69,32,-3.6,10,787,2.4,290,0.18
1994,8,4,18,105,240,58,28.9,0.8,16,787,5.3,310,0.18
1994,8,4,19,7,18,6,26.7,2.1,20,786,2.9,330,0.18
1994,8,4,20,0,0,0,23.6,2.4,25,785,1.1,350,0.18
1994,8,4,21,0,0,0,23.4,2.7,26,785,0,0,0.18
1994,8,4,22,0,0,0,20.3,2,30,784,2.8,60,0.18
1994,8,4,23,0,0,0,16.1,-0.7,32,783,2.6,80,0.18
1994,8,5,0,0,0,0,14.9,-1.4,32,783,2.9,60,0.18
1994,8,5,1,0,0,0,13.8,-1.1,35,782,3.7,70,0.18
1994,8,5,2,0,0,0,12.6,0.3,43,781,3.5,70,0.18
1994,8,5,3,0,0,0,12.5,-0.4,41,781,3.7,110,0.18
1994,8,5,4,0,0,0,11.3,-1.1,42,780,4.5,120,0.18
1994,8,5,5,4,52,3,11.2,-1.8,40,779,4.8,150,0.18
1994,8,5,6,101,423,31,15,0.5,37,779,2.5,250,0.18
1994,8,5,7,284,615,62,21.1,1.1,26,784,1.5,130,0.18
1994,8,5,8,489,780,66,24.4,0.5,21,786,3,130,0.18
1994,8,5,9,664,843,73,26.1,0,18,787,4.6,150,0.18
1994,8,5,10,797,837,107,27.7,0.5,17,789,5.6,160,0.18
1994,8,5,11,883,881,87,29.4,0,15,790,6.1,200,0.18
1994,8,5,12,914,875,98,29.4,0,15,790,6.6,240,0.18
1994,8,5,13,897,879,96,30.3,0.6,15,790,7.4,250,0.18
1994,8,5,14,822,865,96,31.1,1.1,15,790,8.2,260,0.18
1994,8,5,15,611,656,137,28,2.3,19,789,9.6,240,0.18
1994,8,5,16,545,851,61,27,4.4,23,789,11.1,260,0.18
1994,8,5,17,321,570,100,25.9,4.6,25,788,6.9,260,0.18
1994,8,5,18,75,185,39,25.8,4.7,26,787,5.9,300,0.18
1994,8,5,19,9,54,7,21.8,4.9,33,787,6.3,340,0.18
1994,8,5,20,0,0,0,17.7,5,43,786,4.2,70,0.18
1994,8,5,21,0,0,0,17.6,4.2,41,785,2.1,150,0.18
1994,8,5,22,0,0,0,16.6,4.3,44,784,2,170,0.18
1994,8,5,23,0,0,0,15.5,4.5,48,784,4,100,0.18
1994,8,6,0,0,0,0,15.4,4.6,48,783,3.4,90,0.18
1994,8,6,1,0,0,0,14.3,3.8,49,782,4.4,110,0.18
1994,8,6,2,0,0,0,13.3,2.9,49,782,3.3,110,0.18
1994,8,6,3,0,0,0,11.2,3.1,57,781,3.8,160,0.18
1994,8,6,4,0,0,0,10.1,3.2,62,780,1.6,270,0.18
1994,8,6,5,4,62,2,12.1,3.4,55,780,3.7,180,0.18
1994,8,6,6,106,430,37,15,5.5,53,779,1.5,300,0.18
1994,8,6,7,278,502,98,19.4,5,39,783,1.5,360,0.18
1994,8,6,8,448,651,96,25,5,28,786,4.1,290,0.18
1994,8,6,9,649,739,132,26.6,3.8,23,787,5.6,300,0.18
1994,8,6,10,785,760,159,28.3,3.8,21,788,5.1,300,0.18
1994,8,6,11,896,889,95,27.7,3.3,21,788,8.7,290,0.18
1994,8,6,12,1002,966,102,27.7,5,23,788,9.2,220,0.18
1994,8,6,13,461,40,424,27.2,5.5,25,787,6.6,220,0.18
1994,8,6,14,601,535,153,29.4,4.4,20,787,3,150,0.18
1994,8,6,15,679,819,89,28,3.6,21,786,5.8,140,0.18
1994,8,6,16,547,846,68,25.5,5.8,28,786,5,150,0.18
1994,8,6,17,319,687,55,23.1,7.1,36,785,6.9,170,0.18
1994,8,6,18,132,475,42,20.6,4.3,34,784,2.5,120,0.18
1994,8,6,19,9,48,7,18.2,5.5,43,783,4.3,150,0.18
1994,8,6,20,0,0,0,15.7,5.7,51,782,1.5,140,0.18
1994,8,6,21,0,0,0,14.3,5.9,57,782,0.8,90,0.18
1994,8,6,22,0,0,0,11.8,6.1,68,781,1,350,0.18
1994,8,6,23,0,0,0,8.4,4.4,76,780,0,0,0.18
1994,8,7,0,0,0,0,7.9,4.6,80,779,0,0,0.18
1994,8,7,1,0,0,0,7.5,4.8,83,778,2.3,280,0.18
1994,8,7,2,0,0,0,6,4,87,778,3.1,260,0.18
1994,8,7,3,0,0,0,6,4,87,777,3.1,270,0.18
1994,8,7,4,0,0,0,5,3,87,777,2.1,260,0.18
1994,8,7,5,4,46,3,4,3,93,777,2.6,270,0.18
1994,8,7,6,107,449,35,9,6,81,777,3.6,260,0.18
1994,8,7,7,309,765,37,16,8,59,780,1.5,290,0.18
1994,8,7,8,528,886,51,21,2,28,782,4.6,310,0.18
1994,8,7,9,704,921,61,22,1,25,783,5.7,310,0.18
1994,8,7,10,643,520,215,23,-1,20,785,3.1,300,0.18
1994,8,7,11,868,782,164,24,-2,17,786,2.1,300,0.18
1994,8,7,12,824,583,282,25,-2,16,786,4.6,290,0.18
1994,8,7,13,726,468,301,26,-3,14,786,3.1,280,0.18
1994,8,7,14,799,684,228,27,-1,16,786,4.6,270,0.18
1994,8,7,15,594,560,192,27,-3,13,785,2.6,280,0.18
1994,8,7,16,425,437,178,26,-3,14,785,3.1,280,0.18
1994,8,7,17,262,462,85,26,-1,17,784,6.2,310,0.18
1994,8,7,18,87,57,76,24,-3,16,784,4.1,310,0.18
1994,8,7,19,6,19,5,20,-4,19,783,3.6,300,0.18
1994,8,7,20,0,0,0,14,-3,30,783,4.1,80,0.18
1994,8,7,21,0,0,0,16,-3,26,782,2.1,20,0.18
1994,8,7,22,0,0,0,10,-1,46,782,3.1,270,0.18
1994,8,7,23,0,0,0,11,-1,43,782,4.6,270,0.18
1994,8,8,0,0,0,0,9,-2,45,781,3.6,270,0.18
1994,8,8,1,0,0,0,8,-1,52,781,4.1,270,0.18
1994,8,8,2,0,0,0,8,-1,52,780,2.1,260,0.18
1994,8,8,3,0,0,0,7,-2,52,780,2.6,290,0.18
1994,8,8,4,0,0,0,7,-2,52,779,4.6,270,0.18
1994,8,8,5,2,8,2,7,-2,52,779,3.6,270,0.18
1994,8,8,6,100,138,78,11,-1,43,778,3.6,270,0.18
1994,8,8,7,268,516,86,16,-1,31,782,1.5,40,0.18
1994,8,8,8,474,606,149,20,-1,24,786,2.1,40,0.18
1994,8,8,9,695,881,82,24,-2,17,788,1.5,340,0.18
1994,8,8,10,804,778,166,25,-6,12,789,3.1,270,0.18
1994,8,8,11,868,859,96,26,-5,12,789,2.1,250,0.18
1994,8,8,12,913,876,100,28,-4,12,789,2.1,230,0.18
1994,8,8,13,527,430,138,27,-4,12,789,2.6,200,0.18
1994,8,8,14,247,0,247,29,-3,12,788,5.7,180,0.18
1994,8,8,15,209,0,209,27,-2,15,787,5.1,200,0.18
1994,8,8,16,198,0,198,28,-1,15,786,3.1,200,0.18
1994,8,8,17,124,0,124,27,-3,13,786,3.6,250,0.18
1994,8,8,18,131,236,88,26.3,0,18,785,3.1,170,0.18
1994,8,8,19,8,3,8,20.6,2.1,29,785,0,0,0.18
1994,8,8,20,0,0,0,20.9,2.1,29,784,5.6,20,0.18
1994,8,8,21,0,0,0,19.2,2.2,32,784,3.4,20,0.18
1994,8,8,22,0,0,0,17.5,3.2,38,784,2.9,340,0.18
1994,8,8,23,0,0,0,13.8,4.3,53,783,2.3,210,0.18
1994,8,9,0,0,0,0,11.2,6.3,72,783,2.8,180,0.18
1994,8,9,1,0,0,0,11.5,6.4,71,782,4.2,180,0.18
1994,8,9,2,0,0,0,11.8,7.4,74,782,4.2,170,0.18
1994,8,9,3,0,0,0,11.1,8.5,84,782,4.1,170,0.18
1994,8,9,4,0,0,0,10.4,9.5,94,781,4.1,140,0.18
1994,8,9,5,0,0,0,10.7,9.6,93,781,3,140,0.18
1994,8,9,6,68,234,32,15,11.6,80,780,3,120,0.18
1994,8,9,7,283,659,52,16.1,13.3,83,781,4.3,120,0.18
1994,8,9,8,473,779,56,17.7,12.2,70,783,5.6,120,0.18
1994,8,9,9,629,800,74,19.4,12.2,63,784,5.1,160,0.18
1994,8,9,10,802,655,267,21.1,11.6,55,785,4.1,140,0.18
1994,8,9,11,763,450,359,19.4,10,54,784,2.5,40,0.18
1994,8,9,12,828,598,275,16.6,12.7,78,783,5.1,110,0.18
1994,8,9,13,880,738,213,21.1,13.3,61,785,3,60,0.18
1994,8,9,14,693,552,234,20,13.3,65,784,2,80,0.18
1994,8,9,15,468,423,167,20.5,13,62,784,1.1,330,0.18
1994,8,9,16,434,555,124,23,13.7,56,784,3.8,130,0.18
1994,8,9,17,314,656,67,20.6,13.4,63,784,2.4,130,0.18
1994,8,9,18,96,116,75,21.1,12.1,56,783,3.5,140,0.18
1994,8,9,19,3,0,3,18.6,10.8,60,783,2.7,160,0.18
1994,8,9,20,0,0,0,13.1,12.5,96,783,2.8,140,0.18
1994,8,9,21,0,0,0,11.6,11.6,100,783,2.9,140,0.18
1994,8,9,22,0,0,0,9.2,9.2,100,783,0,0,0.18
1994,8,9,23,0,0,0,5.7,5.7,100,783,1.7,170,0.18
1994,8,10,0,0,0,0,8.2,8.2,100,782,3.3,190,0.18
1994,8,10,1,0,0,0,8.7,8.7,100,782,2.9,200,0.18
1994,8,10,2,0,0,0,8.3,8.3,100,782,2.9,220,0.18
1994,8,10,3,0,0,0,7.7,7.7,100,782,2.7,230,0.18
1994,8,10,4,0,0,0,7.3,7.3,100,782,2.8,220,0.18
1994,8,10,5,0,0,0,7.8,7.8,100,782,1.9,240,0.18
1994,8,10,6,68,29,64,13.3,11.6,89,782,2,250,0.18
1994,8,10,7,136,86,106,15,11.6,80,783,2,260,0.18
1994,8,10,8,348,126,280,18.3,12.2,68,785,2,70,0.18
1994,8,10,9,335,56,296,18.8,11.1,61,785,3.6,150,0.18
1994,8,10,10,507,276,282,19.4,11.1,59,786,4.1,130,0.18
1994,8,10,11,468,110,369,18.8,12.2,65,786,2,120,0.18
1994,8,10,12,838,639,247,20.9,11.2,54,786,2.3,140,0.18
1994,8,10,13,882,888,81,22.7,10.5,46,786,2.5,150,0.18
1994,8,10,14,823,911,69,23.3,9.4,41,786,2.5,120,0.18
1994,8,10,15,700,894,65,21.6,10.1,48,786,6.2,40,0.18
1994,8,10,16,541,879,54,21.8,9.7,46,785,10.8,60,0.18
1994,8,10,17,340,814,37,19.1,14.4,74,785,5.8,80,0.18
1994,8,10,18,133,621,23,19.3,12,63,784,3.3,100,0.18
1994,8,10,19,7,88,4,14.6,11.7,83,784,0,0,0.18
1994,8,10,20,0,0,0,9.9,9.9,100,784,1.9,80,0.18
1994,8,10,21,0,0,0,15.1,10,72,783,1.4,260,0.18
1994,8,10,22,0,0,0,9.4,9.4,100,783,3,130,0.18
1994,8,10,23,0,0,0,9.7,9.7,100,782,0,0,0.18
1994,8,11,0,0,0,0,8.9,8.9,100,782,2.6,120,0.18
1994,8,11,1,0,0,0,7.2,7.2,100,781,1.1,220,0.18
1994,8,11,2,0,0,0,7.5,7.5,100,781,3.3,180,0.18
1994,8,11,3,0,0,0,5.7,5.7,100,781,3.3,190,0.18
1994,8,11,4,0,0,0,7,7,100,780,3.4,210,0.18
1994,8,11,5,2,50,1,7.2,7.2,100,780,3.4,220,0.18
1994,8,11,6,104,530,24,11.6,9.4,86,779,2.5,270,0.18
1994,8,11,7,305,766,39,15.5,11.1,75,782,1.5,240,0.18
1994,8,11,8,455,716,75,20.5,11.1,55,785,1.5,130,0.18
1994,8,11,9,644,831,70,23.3,12.2,50,787,5.1,140,0.18
1994,8,11,10,829,916,84,23.8,11.6,46,787,3.6,120,0.18
1994,8,11,11,564,272,321,26.6,10.5,36,788,4.1,160,0.18
1994,8,11,12,541,121,429,20.5,8.8,47,785,5.1,350,0.18
1994,8,11,13,716,408,348,18.3,13.8,75,784,2.5,360,0.18
1994,8,11,14,603,408,266,21.6,12.7,57,785,4.6,70,0.18
1994,8,11,15,453,323,224,20.4,11.1,55,785,2.6,360,0.18
1994,8,11,16,316,272,166,21.1,11.4,54,784,5,20,0.18
1994,8,11,17,193,139,141,21.9,12.8,56,784,4.5,60,0.18
1994,8,11,18,58,64,47,20.7,10.2,51,784,4,30,0.18
1994,8,11,19,5,5,5,17.4,7.5,52,784,3.9,40,0.18
1994,8,11,20,0,0,0,12.2,3.9,57,783,2.9,360,0.18
1994,8,11,21,0,0,0,12.9,4.3,56,783,0,0,0.18
1994,8,11,22,0,0,0,7.7,4.6,81,783,0,0,0.18
1994,8,11,23,0,0,0,5.5,5,97,782,1.2,340,0.18
1994,8,12,0,0,0,0,9.2,5.4,77,782,0,0,0.18
1994,8,12,1,0,0,0,8,5.8,86,782,2.2,10,0.18
1994,8,12,2,0,0,0,8.8,7.1,89,782,4.2,10,0.18
1994,8,12,3,0,0,0,8.5,8.5,100,781,3.1,10,0.18
1994,8,12,4,0,0,0,8.3,8.3,100,781,3.1,10,0.18
1994,8,12,5,1,3,1,9,9,100,781,1.5,30,0.18
1994,8,12,6,38,30,34,13.8,11.6,87,780,3,20,0.18
1994,8,12,7,146,143,97,15,12.7,86,782,2.5,330,0.18
1994,8,12,8,475,720,94,17.7,12.7,73,784,2.5,40,0.18
1994,8,12,9,642,791,97,20,11.1,57,784,1.5,50,0.18
1994,8,12,10,778,833,101,21.6,12.7,57,785,3,160,0.18
1994,8,12,11,848,821,116,22.7,11.6,49,785,3.6,150,0.18
1994,8,12,12,908,868,110,23.3,12.2,50,785,2,160,0.18
1994,8,12,13,714,435,323,20,12.7,63,784,5.6,270,0.18
1994,8,12,14,562,356,269,22.7,10,44,785,7.4,260,0.18
1994,8,12,15,410,106,335,21.4,9.3,46,785,7.2,270,0.18
1994,8,12,16,205,56,174,22.2,10.6,48,785,7.4,290,0.18
1994,8,12,17,110,56,89,21.9,9.9,46,784,5.6,340,0.18
1994,8,12,18,92,35,86,20.6,10.2,51,784,3.7,30,0.18
1994,8,12,19,3,1,3,16.3,6.4,52,784,2.4,50,0.18
1994,8,12,20,0,0,0,12.1,7.7,74,783,1.2,150,0.18
1994,8,12,21,0,0,0,8.8,8,95,783,0,0,0.18
1994,8,12,22,0,0,0,8.5,7.3,92,783,2.2,30,0.18
1994,8,12,23,0,0,0,6.2,6.2,100,782,1.9,50,0.18
1994,8,13,0,0,0,0,7,7,100,782,2.7,80,0.18
1994,8,13,1,0,0,0,7.7,7.7,100,782,3.9,110,0.18
1994,8,13,2,0,0,0,7.4,7.4,100,781,3.6,110,0.18
1994,8,13,3,0,0,0,7.1,7.1,100,781,4.4,160,0.18
1994,8,13,4,0,0,0,6.9,6.9,100,781,4.6,170,0.18
1994,8,13,5,0,0,0,7.6,7.6,100,780,4.9,190,0.18
1994,8,13,6,30,5,29,13.3,11.6,89,780,1.5,300,0.18
1994,8,13,7,215,214,142,15.5,12.7,83,782,3.6,300,0.18
1994,8,13,8,261,90,214,15.5,13.3,87,783,4.1,280,0.18
1994,8,13,9,561,502,216,18.3,11.6,65,784,3.6,20,0.18
1994,8,13,10,824,888,104,21.1,10.5,51,786,5.1,40,0.18
1994,8,13,11,871,865,102,22.7,11.1,48,788,4.6,40,0.18
1994,8,13,12,906,864,113,24.4,9.4,39,788,1.5,160,0.18
1994,8,13,13,918,887,124,24.9,9.4,37,789,4.4,150,0.18
1994,8,13,14,708,726,112,24.3,11.1,43,788,3.7,170,0.18
1994,8,13,15,615,665,148,24.7,12.1,45,787,1.5,150,0.18
1994,8,13,16,482,708,95,24.9,12.1,45,787,3.4,210,0.18
1994,8,13,17,303,680,57,23.3,11,46,786,5.8,230,0.18
1994,8,13,18,111,473,33,22.6,9,42,786,5.1,240,0.18
1994,8,13,19,4,42,2,16.9,6,49,785,2.9,290,0.18
1994,8,13,20,0,0,0,12.2,4,57,785,0.7,320,0.18
1994,8,13,21,0,0,0,9.5,4,69,784,1.6,240,0.18
1994,8,13,22,0,0,0,9.9,4,67,784,0.8,260,0.18
1994,8,13,23,0,0,0,14.1,6.9,62,783,4.8,300,0.18
1994,8,14,0,0,0,0,7.5,4.9,84,783,0,0,0.18
1994,8,14,1,0,0,0,4.8,4.8,100,782,3.1,230,0.18
1994,8,14,2,0,0,0,4.2,4.2,100,782,2.1,240,0.18
1994,8,14,3,0,0,0,4.5,4.5,100,781,1.5,250,0.18
1994,8,14,4,0,0,0,3.9,3.9,100,781,2.6,260,0.18
1994,8,14,5,1,29,1,6.2,6.2,100,780,4.6,280,0.18
1994,8,14,6,94,473,27,10.6,7.8,83,780,3.6,270,0.18
1994,8,14,7,293,733,44,13.3,9.4,77,784,2.1,300,0.18
1994,8,14,8,503,843,61,19.4,10,54,787,2.1,60,0.18
1994,8,14,9,690,900,74,22.2,10,46,788,4.1,280,0.18
1994,8,14,10,830,925,82,23.9,9.4,40,788,5.1,300,0.18
1994,8,14,11,842,852,86,26.1,10,36,789,6.2,310,0.18
1994,8,14,12,854,834,90,26.1,10,36,789,8.2,300,0.18
1994,8,14,13,886,892,91,25.6,10,37,788,9.8,310,0.18
1994,8,14,14,782,814,115,25.6,10,37,787,7.7,300,0.18
1994,8,14,15,503,395,227,25.7,9.2,35,787,7.2,310,0.18
1994,8,14,16,492,731,95,24.8,9.5,38,787,6.7,330,0.18
1994,8,14,17,205,160,148,23.8,9.7,41,786,6.2,310,0.18
1994,8,14,18,101,302,52,22.9,8,38,786,6.7,340,0.18
1994,8,14,19,4,53,2,16,3.2,42,785,3.6,330,0.18
1994,8,14,20,0,0,0,14.1,1.4,42,785,3.6,40,0.18
1994,8,14,21,0,0,0,9.2,0.7,55,784,3.6,300,0.18
1994,8,14,22,0,0,0,8.3,0.9,60,784,3.1,260,0.18
1994,8,14,23,0,0,0,8.3,3.1,70,783,5.1,280,0.18
1994,8,15,0,0,0,0,5.4,2.4,81,783,4.1,270,0.18
1994,8,15,1,0,0,0,4.5,3.6,94,782,0,0,0.18
1994,8,15,2,0,0,0,4.6,4.6,100,782,3.1,260,0.18
1994,8,15,3,0,0,0,3.7,3.7,100,781,0,0,0.18
1994,8,15,4,0,0,0,3.7,3.7,100,781,1.5,260,0.18
1994,8,15,5,0,0,0,4.8,4.8,100,780,3.1,280,0.18
1994,8,15,6,31,0,31,8.9,7.8,93,780,3.6,270,0.18
1994,8,15,7,255,525,78,15,11.7,81,783,3.1,270,0.18
1994,8,15,8,476,684,118,19.4,11.1,59,785,3.6,290,0.18
1994,8,15,9,662,827,97,20,11.7,59,786,5.1,310,0.18
1994,8,15,10,786,839,110,21.1,11.7,55,787,3.1,310,0.18
1994,8,15,11,867,819,141,23.9,12.8,50,787,4.1,300,0.18
1994,8,15,12,808,668,198,25,8.3,35,787,5.7,280,0.18
1994,8,15,13,715,521,251,23.9,7.8,36,786,6.2,320,0.18
1994,8,15,14,708,450,341,25,7.2,32,785,7.7,340,0.18
1994,8,15,15,486,298,278,25.1,6.9,31,785,6.7,330,0.18
1994,8,15,16,344,100,289,24.3,5.6,30,785,7.2,320,0.18
1994,8,15,17,291,507,111,24.4,4.4,27,784,4.6,300,0.18
1994,8,15,18,91,209,58,22.6,3.1,28,784,4.6,300,0.18
1994,8,15,19,2,13,2,19.7,-1.2,24,783,4.1,300,0.18
1994,8,15,20,0,0,0,11.9,-6.5,25,783,2.1,360,0.18
1994,8,15,21,0,0,0,8,-5.8,35,782,3.6,260,0.18
1994,8,15,22,0,0,0,9.2,-6.1,31,782,3.1,270,0.18
1994,8,15,23,0,0,0,9.3,-3.3,40,781,5.7,270,0.18
1994,8,16,0,0,0,0,7.4,-4.6,40,781,2.6,300,0.18
1994,8,16,1,0,0,0,4.6,-3.9,52,780,2.1,240,0.18
1994,8,16,2,0,0,0,3.7,-4.2,54,780,0,0,0.18
1994,8,16,3,0,0,0,3.9,-1.5,67,780,3.1,250,0.18
1994,8,16,4,0,0,0,4,-1.7,65,779,2.1,280,0.18
1994,8,16,5,1,8,1,3.2,-2,67,779,2.1,260,0.18
1994,8,16,6,60,213,30,8.3,1.7,63,778,2.1,270,0.18
1994,8,16,7,276,600,75,15.6,2.8,42,780,2.6,290,0.18
1994,8,16,8,500,868,49,19.4,1.7,31,784,4.1,300,0.18
1994,8,16,9,685,920,60,21.1,2.2,29,786,4.1,280,0.18
1994,8,16,10,799,911,67,22.2,2.8,28,785,5.1,260,0.18
1994,8,16,11,877,913,71,23.9,2.8,25,785,1.5,260,0.18
1994,8,16,12,896,888,86,25,3.9,25,785,4.1,260,0.18
1994,8,16,13,843,779,151,25.6,3.9,25,785,5.1,290,0.18
1994,8,16,14,562,409,229,26.7,4.4,24,784,7.7,300,0.18
1994,8,16,15,646,698,162,25.9,4.2,25,783,6.7,310,0.18
1994,8,16,16,326,374,126,26.1,2.9,22,783,4.6,280,0.18
1994,8,16,17,271,520,88,25.2,2.7,23,782,6.2,290,0.18
1994,8,16,18,57,190,27,23.7,2.1,24,782,5.3,340,0.18
1994,8,16,19,3,32,2,21.2,2.6,29,782,5,350,0.18
1994,8,16,20,0,0,0,18.7,2.2,33,782,5.2,330,0.18
1994,8,16,21,0,0,0,16.2,4.6,46,782,4.4,10,0.18
1994,8,16,22,0,0,0,17.7,5.1,43,781,6.1,360,0.18
1994,8,16,23,0,0,0,16.1,4.6,46,781,3.8,80,0.18
1994,8,17,0,0,0,0,14.5,5.1,53,781,3.4,60,0.18
1994,8,17,1,0,0,0,13,5.6,61,781,3,350,0.18
1994,8,17,2,0,0,0,14.5,6,57,781,1.7,180,0.18
1994,8,17,3,0,0,0,10,5.5,74,780,1.9,200,0.18
1994,8,17,4,0,0,0,8.4,6.1,85,780,2.1,220,0.18
1994,8,17,5,1,54,0,10.9,7.5,80,780,7.4,160,0.18
1994,8,17,6,95,567,18,14.4,10,75,780,2.5,260,0.18
1994,8,17,7,295,797,30,21.1,10,49,783,4.1,310,0.18
1994,8,17,8,504,890,43,23.8,9.4,40,785,5.1,280,0.18
1994,8,17,9,689,938,52,25,8.3,35,786,5.1,290,0.18
1994,8,17,10,749,847,70,27.2,6.6,27,787,6.1,310,0.18
1994,8,17,11,867,909,66,28.3,6.1,24,787,3.6,340,0.18
1994,8,17,12,693,603,145,25.5,5,27,785,3.6,260,0.18
1994,8,17,13,793,637,230,22.2,7.7,39,785,3.6,240,0.18
1994,8,17,14,766,750,158,23.3,7.2,35,785,4.1,300,0.18
1994,8,17,15,503,367,249,25.6,9.2,35,784,7,330,0.18
1994,8,17,16,159,0,159,26,7.2,30,784,3.8,340,0.18
1994,8,17,17,253,411,110,23.4,6.2,33,783,4.1,310,0.18
1994,8,17,18,75,132,55,22.7,7.3,37,783,2.4,360,0.18
1994,8,17,19,3,28,2,20.1,7.2,43,783,1.8,330,0.18
1994,8,17,20,0,0,0,17.4,7.2,51,782,5.2,310,0.18
1994,8,17,21,0,0,0,14.7,5.3,53,782,2.5,320,0.18
1994,8,17,22,0,0,0,15.2,5.3,52,781,1.3,310,0.18
1994,8,17,23,0,0,0,15.5,5.3,51,781,2.1,330,0.18
1994,8,18,0,0,0,0,10.8,5.3,69,780,0.5,300,0.18
1994,8,18,1,0,0,0,10.2,5.4,72,780,0.8,290,0.18
1994,8,18,2,0,0,0,11.5,5.3,66,779,0.7,280,0.18
1994,8,18,3,0,0,0,8.5,4.7,77,779,2,290,0.18
1994,8,18,4,0,0,0,7.6,7.1,97,778,0,0,0.18
1994,8,18,5,0,17,0,8.6,7.4,92,778,0.2,260,0.18
1994,8,18,6,82,439,24,11.6,8.8,83,778,1.5,290,0.18
1994,8,18,7,291,776,35,17.7,10,61,781,3,180,0.18
1994,8,18,8,500,876,48,20.6,10.7,53,783,4.1,160,0.18
1994,8,18,9,686,928,59,22.2,11.1,49,785,5.1,130,0.18
1994,8,18,10,750,822,93,22.7,11.6,49,785,5.1,150,0.18
1994,8,18,11,906,938,82,23.3,11.1,46,785,4.1,220,0.18
1994,8,18,12,907,845,141,24.4,10.5,42,786,3.6,240,0.18
1994,8,18,13,863,886,82,25.5,9.4,36,785,7.7,240,0.18
1994,8,18,14,827,938,69,25.5,8.8,35,785,6.6,280,0.18
1994,8,18,15,600,744,90,26.6,9.7,35,785,6.6,10,0.18
1994,8,18,16,504,857,50,25.7,8.5,34,785,7.6,360,0.18
1994,8,18,17,305,784,36,24.7,8.4,35,785,6.6,350,0.18
1994,8,18,18,103,553,22,23.8,7.3,35,784,7.1,350,0.18
1994,8,18,19,2,59,1,18.9,6.1,43,784,5,10,0.18
1994,8,18,20,0,0,0,15,6,55,784,4.5,350,0.18
1994,8,18,21,0,0,0,16,7.9,59,784,4,340,0.18
1994,8,18,22,0,0,0,14.1,7.7,65,783,4.5,350,0.18
1994,8,18,23,0,0,0,14.2,7.6,64,783,4.5,340,0.18
1994,8,19,0,0,0,0,10.3,6.5,77,783,4,10,0.18
1994,8,19,1,0,0,0,8.3,5.3,81,783,0.9,60,0.18
1994,8,19,2,0,0,0,8.4,6.2,86,783,2.4,360,0.18
1994,8,19,3,0,0,0,7.5,7,97,782,5,340,0.18
1994,8,19,4,0,0,0,7.6,6.9,95,782,5.5,340,0.18
1994,8,19,5,0,12,0,7.6,6.8,95,782,4,320,0.18
1994,8,19,6,79,383,29,10.7,8.6,87,782,3,330,0.18
1994,8,19,7,274,680,51,17.8,8.5,54,781,0.9,60,0.18
1994,8,19,8,484,806,70,21.9,9.4,45,781,3,20,0.18
1994,8,19,9,672,870,85,21.9,8.2,41,781,4,330,0.18
1994,8,19,10,800,848,123,25,8.1,34,781,2.5,330,0.18
1994,8,19,11,897,871,134,26.1,9,34,780,3.1,310,0.18
1994,8,19,12,762,570,246,27.2,8.8,31,780,7.7,310,0.18
1994,8,19,13,634,408,275,27.2,8.7,31,780,9.2,280,0.18
1994,8,19,14,719,430,372,25.3,10.6,40,780,7.2,330,0.18
1994,8,19,15,475,133,383,26.4,14.4,48,780,8.2,290,0.18
1994,8,19,16,281,135,210,23.5,12.3,49,779,3.6,120,0.18
1994,8,19,17,275,343,158,24.5,13.2,49,779,7.2,300,0.18
1994,8,19,18,32,25,29,22.4,11.8,51,779,8.2,310,0.18
1994,8,19,19,1,4,0,21.2,11.4,54,779,7.7,300,0.18
1994,8,19,20,0,0,0,20.1,11.1,56,778,5.1,270,0.18
1994,8,19,21,0,0,0,17.8,11.6,67,778,7.2,250,0.18
1994,8,19,22,0,0,0,17,10.7,66,778,5.4,230,0.18
1994,8,19,23,0,0,0,16.6,9.9,65,778,3.6,200,0.18
1994,8,20,0,0,0,0,15.4,10.5,73,777,6.1,180,0.18
1994,8,20,1,0,0,0,13.2,12.2,94,777,6.7,190,0.18
1994,8,20,2,0,0,0,13.1,10.8,86,777,5.1,190,0.18
1994,8,20,3,0,0,0,11.9,10.4,91,777,5.1,180,0.18
1994,8,20,4,0,0,0,11.8,10.1,89,777,4.6,190,0.18
1994,8,20,5,0,36,0,8.5,7.6,94,776,3.1,300,0.18
1994,8,20,6,87,536,19,9.4,8.3,93,776,2.5,260,0.18
1994,8,20,7,288,786,32,14,9.9,76,778,2,240,0.18
1994,8,20,8,498,886,45,17.2,10.5,65,780,1.5,220,0.18
1994,8,20,9,546,616,132,20.5,10,51,782,2,130,0.18
1994,8,20,10,726,753,127,22.7,9.4,43,783,4.1,50,0.18
1994,8,20,11,851,778,171,23.8,8.8,38,784,4.1,260,0.18
1994,8,20,12,943,950,87,25.5,8.8,35,784,4.1,10,0.18
1994,8,20,13,415,163,271,24.4,6.1,31,784,3,70,0.18
1994,8,20,14,614,162,483,22.7,6.1,34,783,1.5,320,0.18
1994,8,20,15,443,210,300,23.1,6.3,34,783,2.1,170,0.18
1994,8,20,16,413,423,192,22.6,5.6,33,783,1,110,0.18
1994,8,20,17,290,690,58,22,7.8,40,782,2.7,30,0.18
1994,8,20,18,69,286,29,20.5,8.1,45,782,3.2,160,0.18
1994,8,20,19,1,15,1,17.8,7.6,51,782,1.8,330,0.18
1994,8,20,20,0,0,0,16.4,7.6,56,782,1.2,230,0.18
1994,8,20,21,0,0,0,16.8,7.8,55,782,2.4,300,0.18
1994,8,20,22,0,0,0,13.2,8,71,782,1.9,340,0.18
1994,8,20,23,0,0,0,10.7,7.3,79,782,2.4,340,0.18
1994,8,21,0,0,0,0,9.5,7.2,86,781,3,310,0.18
1994,8,21,1,0,0,0,8.2,7.1,93,781,4,280,0.18
1994,8,21,2,0,0,0,7,7,100,781,2.1,340,0.18
1994,8,21,3,0,0,0,7,7,100,780,3.1,290,0.18
1994,8,21,4,0,0,0,6,6,100,780,4.6,260,0.18
1994,8,21,5,0,1,0,6,6,100,779,3.6,260,0.18
1994,8,21,6,68,262,35,7,7,100,779,3.6,270,0.18
1994,8,21,7,266,562,85,12,10,88,784,4.1,260,0.18
1994,8,21,8,453,757,67,16,11,72,787,3.1,240,0.18
1994,8,21,9,642,751,139,18,11,64,789,1.5,270,0.18
1994,8,21,10,700,654,180,18,11,64,790,3.1,300,0.18
1994,8,21,11,792,641,233,18.7,10,57,790,4.1,280,0.18
1994,8,21,12,785,505,331,19,9,52,790,0,0,0.18
1994,8,21,13,711,619,169,22,7,38,790,0,0,0.18
1994,8,21,14,724,610,237,19,8,49,790,2.1,190,0.18
1994,8,21,15,582,612,167,19,7,46,789,5.1,200,0.18
1994,8,21,16,423,558,134,18,8,52,788,5.1,220,0.18
1994,8,21,17,107,0,107,14,4,51,788,5.7,220,0.18
1994,8,21,18,34,0,34,13,6,62,787,3.1,220,0.18
1994,8,21,19,0,0,0,10.9,5.8,71,787,16.5,300,0.18
1994,8,21,20,0,0,0,10,6,76,786,2.1,20,0.18
1994,8,21,21,0,0,0,10,6,76,785,6.2,10,0.18
1994,8,21,22,0,0,0,9,6,81,785,3.6,20,0.18
1994,8,21,23,0,0,0,8.9,6.4,84,784,3.1,340,0.18
1994,8,22,0,0,0,0,9,7,87,783,3.1,330,0.18
1994,8,22,1,0,0,0,8,7,93,783,1.5,330,0.18
1994,8,22,2,0,0,0,7,6,93,782,3.6,270,0.18
1994,8,22,3,0,0,0,7,6,93,782,3.6,280,0.18
1994,8,22,4,0,0,0,6,5,93,781,3.1,280,0.18
1994,8,22,5,0,17,0,5,4,93,780,2.1,260,0.18
1994,8,22,6,56,135,40,6,4,87,780,0,0,0.18
1994,8,22,7,287,791,33,10,6,76,783,2.1,280,0.18
1994,8,22,8,500,895,46,13,6,62,785,1.5,250,0.18
1994,8,22,9,690,948,57,16,7,55,787,0,0,0.18
1994,8,22,10,837,977,65,16,7,55,788,3.6,260,0.18
1994,8,22,11,931,992,69,18,6,45,788,2.6,170,0.18
1994,8,22,12,964,997,71,19,4,37,788,4.6,310,0.18
1994,8,22,13,934,992,69,20,4,35,788,6.7,220,0.18
1994,8,22,14,843,978,65,21,3,30,788,7.7,220,0.18
1994,8,22,15,697,949,58,21,4,33,787,6.2,220,0.18
1994,8,22,16,509,898,47,21,3,30,787,7.2,220,0.18
1994,8,22,17,295,703,64,21,4,33,786,6.7,230,0.18
1994,8,22,18,84,495,20,17.9,5.8,45,785,5.7,240,0.18
1994,8,22,19,0,22,0,12.8,6.6,66,784,4.2,190,0.18
1994,8,22,20,0,0,0,12.7,5.4,61,783,2.7,220,0.18
1994,8,22,21,0,0,0,10.6,4.2,65,782,0.1,20,0.18
1994,8,22,22,0,0,0,8.5,3,68,781,0.2,30,0.18
1994,8,22,23,0,0,0,7.4,2.8,73,780,0.2,30,0.18
1994,8,23,0,0,0,0,7.2,2.5,72,779,3.3,240,0.18
1994,8,23,1,0,0,0,6.1,2.3,77,778,1.7,240,0.18
1994,8,23,2,0,0,0,5,2.1,81,777,3.4,230,0.18
1994,8,23,3,0,0,0,4.9,1.9,81,777,2.9,220,0.18
1994,8,23,4,0,0,0,4.8,1.7,80,776,3.4,260,0.18
1994,8,23,5,0,12,0,4.7,1.5,80,775,2.5,260,0.18
1994,8,23,6,76,432,24,6.6,3.3,79,774,2.5,280,0.18
1994,8,23,7,276,734,42,14.4,4.4,51,779,2,250,0.18
1994,8,23,8,490,853,59,19.4,4.4,37,783,1.5,120,0.18
1994,8,23,9,680,914,72,22.2,2.2,27,784,2.5,330,0.18
1994,8,23,10,755,815,112,24.4,2.2,23,786,3.1,250,0.18
1994,8,23,11,910,935,99,26.1,2.2,21,787,3.6,170,0.18
1994,8,23,12,892,813,165,26.6,1.6,20,787,4.6,130,0.18
1994,8,23,13,860,860,113,27.2,2.2,20,787,3.6,250,0.18
1994,8,23,14,688,672,155,27.2,2.2,20,787,3.6,210,0.18
1994,8,23,15,618,686,158,27.1,1.2,19,786,4.6,230,0.18
1994,8,23,16,494,854,58,27,1.1,19,785,2.4,270,0.18
1994,8,23,17,276,719,42,26.9,1.1,19,785,2.9,250,0.18
1994,8,23,18,76,410,25,23.8,0.2,21,784,1.8,280,0.18
1994,8,23,19,0,14,0,16.7,1.4,36,784,1.3,330,0.18
1994,8,23,20,0,0,0,15.5,1.5,39,783,1.1,20,0.18
1994,8,23,21,0,0,0,14.4,1.8,42,782,2.6,20,0.18
1994,8,23,22,0,0,0,12.2,1.9,49,782,2.6,20,0.18
1994,8,23,23,0,0,0,11,1.1,50,781,1,150,0.18
1994,8,24,0,0,0,0,8.9,1.2,58,780,4.5,90,0.18
1994,8,24,1,0,0,0,8.7,1.4,60,780,4,200,0.18
1994,8,24,2,0,0,0,7.6,1.5,65,779,2.3,210,0.18
1994,8,24,3,0,0,0,8.5,0.8,58,778,2.8,230,0.18
1994,8,24,4,0,0,0,8.3,1.9,64,778,3.2,240,0.18
1994,8,24,5,0,25,0,8.2,1.1,61,777,5.1,80,0.18
1994,8,24,6,79,530,17,10,2.2,58,776,4.1,280,0.18
1994,8,24,7,282,795,31,16.6,1.6,36,781,2.5,290,0.18
1994,8,24,8,494,897,43,21.1,0.5,25,784,2,130,0.18
1994,8,24,9,682,949,54,23.8,2.7,25,786,5.1,270,0.18
1994,8,24,10,778,861,101,23.8,3.8,27,786,3.6,280,0.18
1994,8,24,11,864,798,175,25.5,3.8,25,787,5.1,240,0.18
1994,8,24,12,861,849,104,27.2,3.3,21,788,3,190,0.18
1994,8,24,13,634,476,222,27.2,3.3,21,787,6.1,220,0.18
1994,8,24,14,760,861,81,27.2,3.3,21,788,4.6,230,0.18
1994,8,24,15,686,949,54,27.3,3.3,21,787,5.1,250,0.18
1994,8,24,16,498,897,44,27.5,3.3,21,786,4,280,0.18
1994,8,24,17,286,796,31,25,3.3,24,786,4.5,310,0.18
1994,8,24,18,31,48,25,21.7,3.4,30,785,4.9,310,0.18
1994,8,24,19,0,8,0,16.8,5.4,47,785,2.8,320,0.18
1994,8,24,20,0,0,0,16,5.4,49,784,3.2,350,0.18
1994,8,24,21,0,0,0,14.1,6.4,60,783,2.6,330,0.18
1994,8,24,22,0,0,0,11.2,7.4,77,783,4.1,10,0.18
1994,8,24,23,0,0,0,11.3,6.4,72,782,3.6,20,0.18
1994,8,25,0,0,0,0,11.5,6.4,71,781,2.4,110,0.18
1994,8,25,1,0,0,0,10.6,5.4,70,781,1.3,190,0.18
1994,8,25,2,0,0,0,9.7,5.5,75,780,1.8,200,0.18
1994,8,25,3,0,0,0,9.8,4.5,70,780,5.4,130,0.18
1994,8,25,4,0,0,0,9,4.5,73,779,4.2,230,0.18
1994,8,25,5,0,8,0,8.1,4.5,78,778,4.6,310,0.18
1994,8,25,6,58,328,21,12.2,5.5,64,778,3.6,270,0.18
1994,8,25,7,252,682,39,16.1,2.7,41,781,3.6,290,0.18
1994,8,25,8,446,783,55,22.2,-0.6,22,785,5.6,230,0.18
1994,8,25,9,611,829,63,23.8,-0.6,20,787,7.7,290,0.18
1994,8,25,10,824,964,68,24.4,0.5,21,787,5.6,210,0.18
1994,8,25,11,917,980,73,26.1,0,18,788,7.2,240,0.18
1994,8,25,12,950,985,74,31.6,3.8,17,788,5.1,160,0.18
1994,8,25,13,919,981,73,26.6,1.1,19,788,5.1,280,0.18
1994,8,25,14,827,966,68,26.6,1.6,20,783,6.1,240,0.18
1994,8,25,15,681,937,60,26.7,-0.4,17,782,5.8,230,0.18
1994,8,25,16,492,882,49,26.5,0.6,18,782,5.9,230,0.18
1994,8,25,17,279,773,35,26,1.6,20,782,6.6,230,0.18
1994,8,25,18,77,491,20,22.1,3.6,30,781,3.7,240,0.18
1994,8,25,19,0,19,0,16.2,3.6,43,781,1.8,280,0.18
1994,8,25,20,0,0,0,14.3,3.6,49,781,3,280,0.18
1994,8,25,21,0,0,0,11.4,3.6,59,780,4.1,270,0.18
1994,8,25,22,0,0,0,11.6,3.6,58,780,5.4,280,0.18
1994,8,25,23,0,0,0,11.7,2.6,54,780,4.5,280,0.18
1994,8,26,0,0,0,0,10.8,1.6,53,779,2.6,280,0.18
1994,8,26,1,0,0,0,9.9,1.6,56,779,1.8,300,0.18
1994,8,26,2,0,0,0,11,1.6,52,778,2.9,260,0.18
1994,8,26,3,0,0,0,9.1,1.6,59,778,3.1,260,0.18
1994,8,26,4,0,0,0,8.3,1.6,63,778,2.3,340,0.18
1994,8,26,5,0,9,0,8.4,1.6,62,777,3.9,290,0.18
1994,8,26,6,69,409,23,10.5,1.6,54,777,4.1,270,0.18
1994,8,26,7,267,724,42,15.5,2.7,42,780,1.5,270,0.18
1994,8,26,8,480,846,59,22.2,2.7,28,785,3.6,60,0.18
1994,8,26,9,670,908,72,23.3,4.4,29,786,6.1,240,0.18
1994,8,26,10,817,940,82,26.1,3.8,24,788,5.1,250,0.18
1994,8,26,11,909,957,87,24.4,3.3,25,787,6.6,260,0.18
1994,8,26,12,860,868,91,27.2,6.6,27,788,2.5,280,0.18
1994,8,26,13,864,891,98,28.3,8.3,28,788,3,230,0.18
1994,8,26,14,753,828,105,26.1,6.6,29,786,6.1,280,0.18
1994,8,26,15,593,759,93,26.4,6.7,29,786,5.7,240,0.18
1994,8,26,16,441,764,60,26.6,5.7,26,785,4.8,280,0.18
1994,8,26,17,230,513,70,25.9,4.8,26,785,6.4,260,0.18
1994,8,26,18,67,351,28,22.2,6.9,37,784,6,290,0.18
1994,8,26,19,0,2,0,16.4,6.9,53,783,2.5,270,0.18
1994,8,26,20,0,0,0,15.7,7,56,783,1.1,270,0.18
1994,8,26,21,0,0,0,11.9,8.1,78,782,0,0,0.18
1994,8,26,22,0,0,0,12.2,8.2,77,782,0,0,0.18
1994,8,26,23,0,0,0,10.5,7.2,80,781,2.3,270,0.18
1994,8,27,0,0,0,0,11.7,6.3,69,780,0,0,0.18
1994,8,27,1,0,0,0,11,7.4,78,780,1.5,230,0.18
1994,8,27,2,0,0,0,10.3,6.4,77,779,1.6,240,0.18
1994,8,27,3,0,0,0,10.5,6.5,76,779,2.7,240,0.18
1994,8,27,4,0,0,0,9.8,5.6,75,778,0.2,250,0.18
1994,8,27,5,0,0,0,10,5.6,74,777,2.9,250,0.18
1994,8,27,6,45,37,40,13.3,7.7,69,777,1.5,250,0.18
1994,8,27,7,192,100,161,16.1,8.3,60,779,2.5,270,0.18
1994,8,27,8,434,675,100,21.6,7.2,39,782,4.6,170,0.18
1994,8,27,9,609,793,88,21.6,7.7,41,783,2.5,140,0.18
1994,8,27,10,640,658,127,22.7,8.3,40,783,4.6,120,0.18
1994,8,27,11,510,118,409,22.7,8.3,40,783,3,120,0.18
1994,8,27,12,636,260,406,24.4,7.7,34,783,5.1,210,0.18
1994,8,27,13,577,102,489,25,8.3,35,783,6.1,290,0.18
1994,8,27,14,565,213,400,25,8.3,35,784,4.1,330,0.18
1994,8,27,15,398,92,337,24.7,7.4,33,783,4.8,330,0.18
1994,8,27,16,282,227,170,24.3,5.6,30,783,5.9,320,0.18
1994,8,27,17,99,0,99,22,4.7,32,783,4.4,320,0.18
1994,8,27,18,32,27,29,19.7,1.9,31,781,3.4,310,0.18
1994,8,27,19,0,0,0,15.3,0,35,777,3.5,340,0.18
1994,8,27,20,0,0,0,14,0.2,39,778,2.6,70,0.18
1994,8,27,21,0,0,0,8.7,-1.7,47,776,1.1,270,0.18
1994,8,27,22,0,0,0,7.3,-2.6,48,774,2.3,280,0.18
1994,8,27,23,0,0,0,5,-2.4,57,772,3.4,290,0.18
1994,8,28,0,0,0,0,4.7,-2.3,59,772,1.9,270,0.18
1994,8,28,1,0,0,0,3.3,-3.1,61,771,3,270,0.18
1994,8,28,2,0,0,0,3,-4,58,771,4.1,270,0.18
1994,8,28,3,0,0,0,3,-4,58,770,4.1,270,0.18
1994,8,28,4,0,0,0,2,-4,62,770,4.6,270,0.18
1994,8,28,5,0,13,0,2,-4,62,770,4.6,270,0.18
1994,8,28,6,70,502,16,4,-3,59,772,3.6,270,0.18
1994,8,28,7,268,779,30,11,-3,36,777,2.1,340,0.18
1994,8,28,8,478,885,42,14,-3,30,779,1.5,30,0.18
1994,8,28,9,665,937,53,18,-5,19,782,3.6,150,0.18
1994,8,28,10,810,966,60,20,-4,19,782,5.7,140,0.18
1994,8,28,11,813,799,130,21,-4,18,782,3.1,130,0.18
1994,8,28,12,933,986,65,22,-3,18,782,4.1,40,0.18
1994,8,28,13,902,982,64,23,-3,17,781,1.5,90,0.18
1994,8,28,14,809,967,60,23,-3,17,780,5.7,130,0.18
1994,8,28,15,663,938,52,24,-3,16,780,1.5,50,0.18
1994,8,28,16,476,885,42,23,-3,17,780,3.6,320,0.18
1994,8,28,17,265,778,30,23,-3,17,781,5.7,300,0.18
1994,8,28,18,67,494,16,20,-5,17,777,5.1,310,0.18
1994,8,28,19,0,10,0,17,-6,19,775,2.6,40,0.18
1994,8,28,20,0,0,0,14,-6,23,773,2.1,50,0.18
1994,8,28,21,0,0,0,11,-6,28,772,2.1,10,0.18
1994,8,28,22,0,0,0,7,-7,34,771,3.1,270,0.18
1994,8,28,23,0,0,0,6,-7,36,771,3.1,300,0.18
1994,8,29,0,0,0,0,4,-7,42,770,2.6,270,0.18
1994,8,29,1,0,0,0,4,-7,42,772,3.6,270,0.18
1994,8,29,2,0,0,0,4,-7,42,770,4.1,270,0.18
1994,8,29,3,0,0,0,3,-7,45,769,3.6,270,0.18
1994,8,29,4,0,0,0,3,-7,45,768,4.6,270,0.18
1994,8,29,5,0,6,0,2,-7,48,768,4.1,270,0.18
1994,8,29,6,65,441,19,5,-6,42,773,3.6,270,0.18
1994,8,29,7,262,747,35,12,-7,24,776,0,0,0.18
1994,8,29,8,473,864,50,17,-7,17,779,1.5,60,0.18
1994,8,29,9,662,923,61,21,-6,15,779,2.1,30,0.18
1994,8,29,10,808,954,70,23,-8,11,779,3.1,340,0.18
1994,8,29,11,901,971,74,23,-8,11,780,3.1,280,0.18
1994,8,29,12,932,976,76,24,-11,8,779,4.6,270,0.18
1994,8,29,13,900,971,74,25,-9,9,779,2.1,270,0.18
1994,8,29,14,807,955,69,25,-10,8,778,4.6,270,0.18
1994,8,29,15,659,924,61,26,-12,6,778,1.5,280,0.18
1994,8,29,16,470,865,49,25,-9,9,778,3.1,300,0.18
1994,8,29,17,257,746,35,24,-8,10,778,5.1,310,0.18
1994,8,29,18,60,424,19,22.1,-7.3,12,777,3.9,300,0.18
1994,8,29,19,0,0,0,15.3,-5.6,22,776,2.8,60,0.18
1994,8,29,20,0,0,0,14.4,-3.9,27,774,1.6,30,0.18
1994,8,29,21,0,0,0,13.6,-3.1,30,774,0.9,350,0.18
1994,8,29,22,0,0,0,7.7,-3.4,44,773,1.3,280,0.18
1994,8,29,23,0,0,0,8.8,-1.7,47,772,2.6,290,0.18
1994,8,30,0,0,0,0,8,-1,52,772,3,290,0.18
1994,8,30,1,0,0,0,8.1,-0.3,55,772,3.3,290,0.18
1994,8,30,2,0,0,0,7.2,0.4,62,773,2.6,290,0.18
1994,8,30,3,0,0,0,7.4,1.2,65,772,2.5,300,0.18
1994,8,30,4,0,0,0,6.5,1.9,72,772,2.8,300,0.18
1994,8,30,5,0,3,0,5.7,2.6,80,772,2.7,310,0.18
1994,8,30,6,58,354,22,8.8,3.3,68,774,2,310,0.18
1994,8,30,7,259,740,37,11.1,6.1,71,776,3,290,0.18
1994,8,30,8,473,862,52,21.1,1.6,27,782,2,180,0.18
1994,8,30,9,620,845,73,23.3,2.2,25,783,2.5,170,0.18
1994,8,30,10,750,874,75,25,2.2,23,784,4.6,170,0.18
1994,8,30,11,839,884,88,25.5,1.1,20,784,3,160,0.18
1994,8,30,12,875,907,82,23.8,2.7,25,782,3,210,0.18
1994,8,30,13,841,889,88,23.8,1.1,22,783,3.6,140,0.18
1994,8,30,14,763,895,75,26.6,0,18,782,3.6,200,0.18
1994,8,30,15,632,839,92,28.6,1,17,782,2.4,180,0.18
1994,8,30,16,424,762,57,26.6,1.1,19,781,1.3,220,0.18
1994,8,30,17,229,645,40,25.6,2.1,22,781,1.7,180,0.18
1994,8,30,18,49,281,22,23.6,3.1,26,780,1.4,200,0.18
1994,8,30,19,0,0,0,19.5,2.1,31,780,0.3,200,0.18
1994,8,30,20,0,0,0,15.5,5.1,50,779,0.1,240,0.18
1994,8,30,21,0,0,0,13.5,4.2,53,779,0,0,0.18
1994,8,30,22,0,0,0,12.5,5.2,61,778,0.3,180,0.18
1994,8,30,23,0,0,0,10.5,5.2,70,777,0.1,250,0.18
1994,8,31,0,0,0,0,10.5,4.3,65,777,0,0,0.18
1994,8,31,1,0,0,0,9.5,4.3,70,776,1.3,250,0.18
1994,8,31,2,0,0,0,8.5,4.3,75,776,1.7,230,0.18
1994,8,31,3,0,0,0,8.4,4.3,75,775,2.6,240,0.18
1994,8,31,4,0,0,0,8.4,4.4,76,775,2.7,250,0.18
1994,8,31,5,0,0,0,8.4,4.4,76,774,2.8,250,0.18
1994,8,31,6,53,219,32,9.4,4.4,71,774,3.6,260,0.18
1994,8,31,7,233,612,51,13.3,5,57,776,3,260,0.18
1994,8,31,8,320,341,154,13.3,5,57,776,4.1,140,0.18
1994,8,31,9,350,212,213,18.3,7.2,48,779,4.6,140,0.18
1994,8,31,10,379,226,205,13.3,8.6,73,779,4.1,120,0.18
1994,8,31,11,835,870,98,17.7,10,61,781,3.6,100,0.18
1994,8,31,12,865,868,109,20.5,8.3,45,781,4.6,120,0.18
1994,8,31,13,627,425,268,18.3,9.4,56,780,4.6,110,0.18
1994,8,31,14,575,251,383,21.1,8.8,45,781,4.1,170,0.18
1994,8,31,15,496,353,270,21.1,8.6,45,780,3.1,270,0.18
1994,8,31,16,280,118,223,22.2,8.4,41,780,2,190,0.18
1994,8,31,17,137,66,117,22.2,9.2,43,779,1.5,110,0.18
1994,8,31,18,22,14,21,15.2,9,66,779,0.4,240,0.18
1994,8,31,19,0,0,0,9.3,7.8,90,778,1.9,290,0.18
1994,8,31,20,0,0,0,9.3,8.6,95,778,2.4,320,0.18
1994,8,31,21,0,0,0,9,7.7,88,777,2.7,350,0.18
1994,8,31,22,0,0,0,8.6,6.7,92,777,3,340,0.18
1994,8,31,23,0,0,0,8.3,5.8,97,776,3.3,330,0.18
2001,9,1,0,0,0,0,8,4.8,66,772,3.7,270,0.2
2001,9,1,1,0,0,0,7.7,3.9,70,771,4,300,0.2
2001,9,1,2,0,0,0,7.3,2.9,70,772,4.3,300,0.2
2001,9,1,3,0,0,0,7,2,70,772,4.6,290,0.2
2001,9,1,4,0,0,0,7,1,66,772,4.1,270,0.2
2001,9,1,5,0,0,0,4,1,81,770,4.1,270,0.2
2001,9,1,6,54,441,12,8,2,66,773,2.1,300,0.2
2001,9,1,7,255,751,33,13,3,51,777,1.5,260,0.2
2001,9,1,8,472,864,55,17.8,2.3,35,779,2.1,220,0.2
2001,9,1,9,664,908,79,21,1,26,782,3.6,180,0.2
2001,9,1,10,768,717,217,21,1,26,782,3.1,250,0.2
2001,9,1,11,310,48,269,20,1,28,781,3.6,220,0.2
2001,9,1,12,946,853,204,23,1,23,782,4.1,170,0.2
2001,9,1,13,914,895,161,22,1,25,781,3.9,190,0.2
2001,9,1,14,595,330,344,24,0,20,782,3.6,200,0.2
2001,9,1,15,559,478,255,23,-1,20,781,4.4,270,0.2
2001,9,1,16,337,258,215,21,5,35,780,5.1,340,0.2
2001,9,1,17,312,598,143,19,5,40,780,3.1,10,0.2
2001,9,1,18,44,289,20,17,4,42,778,2.1,30,0.2
2001,9,1,19,0,0,0,12,3,54,775,2.1,240,0.2
2001,9,1,20,0,0,0,11,2,54,774,4.1,270,0.2
2001,9,1,21,0,0,0,10,1,54,774,1.5,260,0.2
2001,9,1,22,0,0,0,10,1,54,774,3.6,270,0.2
2001,9,1,23,0,0,0,9,1,57,773,3.6,280,0.2
2001,9,2,0,0,0,0,8,0,57,772,4.1,280,0.2
2001,9,2,1,0,0,0,7,-1,56,772,2.1,270,0.2
2001,9,2,2,0,0,0,7,-1,56,772,4.6,290,0.2
2001,9,2,3,0,0,0,6,-1,60,771,3.1,270,0.2
2001,9,2,4,0,0,0,5,-1,64,771,3.1,270,0.2
2001,9,2,5,0,0,0,4,-1,69,771,3.1,270,0.2
2001,9,2,6,49,435,9,7,-1,56,774,3.1,280,0.2
2001,9,2,7,254,755,33,14,0,38,779,2.6,290,0.2
2001,9,2,8,467,858,55,19,1,30,781,2.1,310,0.2
2001,9,2,9,647,902,69,22,-1,21,783,1.5,320,0.2
2001,9,2,10,801,960,67,23,0,22,783,3.6,330,0.2
2001,9,2,11,905,872,172,24,0,20,784,3.6,250,0.2
2001,9,2,12,697,355,390,24,1,22,783,3.1,220,0.2
2001,9,2,13,422,73,362,25,0,19,784,5.1,200,0.2
2001,9,2,14,231,18,218,24,-1,19,783,2.1,80,0.2
2001,9,2,15,510,342,294,25,0,19,783,2.1,170,0.2
2001,9,2,16,459,660,151,24,0,20,782,3.6,250,0.2
2001,9,2,17,224,399,113,23,0,22,782,3.1,200,0.2
2001,9,2,18,29,187,15,21,2,28,781,2.1,200,0.2
2001,9,2,19,0,0,0,18,2,34,779,3.1,250,0.2
2001,9,2,20,0,0,0,15,1,39,777,3.1,270,0.2
2001,9,2,21,0,0,0,12,1,47,775,3.1,270,0.2
2001,9,2,22,0,0,0,11,-1,43,774,3.1,270,0.2
2001,9,2,23,0,0,0,11,-2,39,774,4.1,300,0.2
2001,9,3,0,0,0,0,9,-2,45,773,4.1,270,0.2
2001,9,3,1,0,0,0,8,-2,48,772,4.1,270,0.2
2001,9,3,2,0,0,0,8,-2,48,773,2.6,280,0.2
2001,9,3,3,0,0,0,6,-2,55,771,3.4,280,0.2
2001,9,3,4,0,0,0,7,-1,56,772,4.1,270,0.2
2001,9,3,5,0,0,0,6,-1,60,772,4.6,270,0.2
2001,9,3,6,49,438,10,8,0,57,774,3.1,270,0.2
2001,9,3,7,249,748,32,15,1,39,778,3.1,340,0.2
2001,9,3,8,466,864,54,19,1,30,781,3.1,40,0.2
2001,9,3,9,658,908,78,23,1,23,784,1.5,320,0.2
2001,9,3,10,779,842,138,24,-3,16,784,3.1,240,0.2
2001,9,3,11,742,502,321,25,-2,16,784,3.6,180,0.2
2001,9,3,12,352,66,295,23,-4,16,783,3.1,180,0.2
2001,9,3,13,833,678,268,24,-3,16,783,2.6,190,0.2
2001,9,3,14,794,941,85,26,-2,15,784,3.4,190,0.2
2001,9,3,15,660,939,71,26,-2,15,784,4.1,190,0.2
2001,9,3,16,494,914,70,26,-2,15,783,3.6,200,0.2
2001,9,3,17,300,903,53,24,-1,19,782,4.6,200,0.2
2001,9,3,18,36,408,6,19,1,30,779,3.6,210,0.2
2001,9,3,19,0,0,0,15,0,36,777,2.1,250,0.2
2001,9,3,20,0,0,0,11,1,50,774,2.4,260,0.2
2001,9,3,21,0,0,0,11,1,50,774,2.6,270,0.2
2001,9,3,22,0,0,0,11,1,50,774,3.6,280,0.2
2001,9,3,23,0,0,0,9,1,57,772,1.5,280,0.2
2001,9,4,0,0,0,0,9,1,57,773,3.1,280,0.2
2001,9,4,1,0,0,0,8,1,61,772,2.6,270,0.2
2001,9,4,2,0,0,0,7,-1,56,771,3.4,280,0.2
2001,9,4,3,0,0,0,8,2,66,772,4.1,280,0.2
2001,9,4,4,0,0,0,8,2,66,772,2.1,270,0.2
2001,9,4,5,0,0,0,7,1,66,772,2.6,350,0.2
2001,9,4,6,27,81,20,14,3,47,776,4.1,20,0.2
2001,9,4,7,240,587,71,16,2,39,779,3.1,20,0.2
2001,9,4,8,466,852,61,20,2,30,781,1.5,20,0.2
2001,9,4,9,641,744,168,23,4,29,783,5.1,170,0.2
2001,9,4,10,426,107,345,25,4,26,784,5.7,170,0.2
2001,9,4,11,678,323,408,23,3,27,783,5.7,140,0.2
2001,9,4,12,170,6,165,21,4.9,35,782,4.1,200,0.2
2001,9,4,13,145,0,145,19,7,46,781,2.6,260,0.2
2001,9,4,14,199,6,194,21,4,33,782,2.6,190,0.2
2001,9,4,15,391,143,302,22.1,1.8,26,782,2.1,210,0.2
2001,9,4,16,488,682,175,23,2,25,781,1.5,230,0.2
2001,9,4,17,306,864,73,17,9,59,779,1.5,250,0.2
2001,9,4,18,33,375,8,15,9,67,776,2.1,260,0.2
2001,9,4,19,0,0,0,12,8,76,775,2.3,270,0.2
2001,9,4,20,0,0,0,10,7,82,773,2.4,290,0.2
2001,9,4,21,0,0,0,10,6,76,773,2.6,300,0.2
2001,9,4,22,0,0,0,11,6,71,773,3.6,260,0.2
2001,9,4,23,0,0,0,8,5,81,772,3.9,270,0.2
2001,9,5,0,0,0,0,9,4,71,772,4.1,280,0.2
2001,9,5,1,0,0,0,8,3,71,772,2.6,270,0.2
2001,9,5,2,0,0,0,8,3,71,772,4.6,270,0.2
2001,9,5,3,0,0,0,7,3,76,771,4.1,280,0.2
2001,9,5,4,0,0,0,7,3,76,771,3.1,290,0.2
2001,9,5,5,0,0,0,7,4,81,772,3.1,290,0.2
2001,9,5,6,31,149,19,9,5,76,774,2.1,280,0.2
2001,9,5,7,243,560,84,14,6,59,777,2.1,270,0.2
2001,9,5,8,276,143,209,21,6,38,780,4.1,230,0.2
2001,9,5,9,652,767,166,22,4,31,781,5.7,210,0.2
2001,9,5,10,722,605,265,23,4,29,781,6.2,210,0.2
2001,9,5,11,473,173,329,23,2,25,781,5.7,200,0.2
2001,9,5,12,935,848,209,24,3,25,780,8.2,190,0.2
2001,9,5,13,871,938,96,24.6,2.5,24,780,7.5,200,0.2
2001,9,5,14,769,850,136,25,2,22,780,6.7,210,0.2
2001,9,5,15,577,604,204,24.5,0,20,779,1.5,340,0.2
2001,9,5,16,490,871,95,24.9,2,22,778,3.2,210,0.2
2001,9,5,17,287,872,57,24.5,3.1,25,778,1.4,130,0.2
2001,9,5,18,28,363,6,20,7.1,43,777,1.1,330,0.2
2001,9,5,19,0,0,0,15.3,7.1,58,776,1,330,0.2
2001,9,5,20,0,0,0,13.8,6.6,62,776,0.9,330,0.2
2001,9,5,21,0,0,0,13.2,5.8,61,775,0.8,330,0.2
2001,9,5,22,0,0,0,12.8,5.2,60,774,0.7,330,0.2
2001,9,5,23,0,0,0,11.3,3.5,59,773,1.5,330,0.2
2001,9,6,0,0,0,0,12.7,4.7,58,773,0.7,300,0.2
2001,9,6,1,0,0,0,13.2,4.2,54,772,0.4,330,0.2
2001,9,6,2,0,0,0,13.6,4.2,53,771,1.2,40,0.2
2001,9,6,3,0,0,0,13.1,3.3,51,771,3,10,0.2
2001,9,6,4,0,0,0,12.6,3.8,55,770,2.9,200,0.2
2001,9,6,5,0,0,0,12,3,54,769,2.6,220,0.2
2001,9,6,6,40,388,9,14,3,47,771,5.7,220,0.2
2001,9,6,7,242,745,32,15.3,2.7,43,771,5.2,230,0.2
2001,9,6,8,445,800,70,15.7,1.3,38,772,3.1,340,0.2
2001,9,6,9,646,902,78,16,0,34,772,3.6,350,0.2
2001,9,6,10,790,960,66,17.3,-0.3,30,773,7.2,80,0.2
2001,9,6,11,888,980,76,17.7,-1.7,26,773,8.8,160,0.2
2001,9,6,12,904,992,59,19,-3,22,774,8.8,210,0.2
2001,9,6,13,910,1023,68,18.3,-4.3,20,774,9.3,200,0.2
2001,9,6,14,803,1009,55,17.7,-6.7,17,775,11.9,280,0.2
2001,9,6,15,657,959,68,18,-8,15,775,10.8,320,0.2
2001,9,6,16,476,918,63,18,-8,15,775,9.8,320,0.2
2001,9,6,17,293,904,59,17,-8,16,774,8.7,300,0.2
2001,9,6,18,26,359,5,14,-10,16,772,6.2,320,0.2
2001,9,6,19,0,0,0,11,-9,22,770,4.6,340,0.2
2001,9,6,20,0,0,0,9,-8,27,770,3.6,350,0.2
2001,9,6,21,0,0,0,7,-10,26,769,3.1,340,0.2
2001,9,6,22,0,0,0,3,-11,31,767,1.5,50,0.2
2001,9,6,23,0,0,0,6,-11,25,769,3.6,320,0.2
2001,9,7,0,0,0,0,2,-10,37,766,5.1,310,0.2
2001,9,7,1,0,0,0,6,-10,28,769,6.2,310,0.2
2001,9,7,2,0,0,0,6,-10,28,769,5.7,310,0.2
2001,9,7,3,0,0,0,3,-9,37,767,5.7,360,0.2
2001,9,7,4,0,0,0,3,-8,41,767,3.1,320,0.2
2001,9,7,5,0,0,0,2,-8,44,767,4.6,330,0.2
2001,9,7,6,37,343,10,3.9,-6.5,44,770,4.9,350,0.2
2001,9,7,7,241,749,32,9,-6,32,772,5.1,10,0.2
2001,9,7,8,445,811,66,11,-6,28,774,4.6,350,0.2
2001,9,7,9,646,907,76,13,-6,25,775,1.5,360,0.2
2001,9,7,10,778,913,94,15.6,-6.1,21,776,3.9,340,0.2
2001,9,7,11,906,968,107,18,-6,18,777,6.2,310,0.2
2001,9,7,12,929,1028,56,19,-6,17,778,8.2,310,0.2
2001,9,7,13,891,1023,53,20,-7,14,777,5.7,320,0.2
2001,9,7,14,797,1003,58,20.5,-6.7,14,776,5.8,320,0.2
2001,9,7,15,651,928,85,20.5,-8.8,12,775,5.9,310,0.2
2001,9,7,16,462,901,62,20.4,-8.5,12,775,6,310,0.2
2001,9,7,17,287,826,77,19,-7.7,14,774,6.1,300,0.2
2001,9,7,18,22,312,6,16,-7,19,773,6.2,300,0.2
2001,9,7,19,0,0,0,13,-8,21,771,2.6,310,0.2
2001,9,7,20,0,0,0,7,-8,31,768,2.6,250,0.2
2001,9,7,21,0,0,0,7,-7,34,767,4.6,280,0.2
2001,9,7,22,0,0,0,6,-7,36,767,4.6,280,0.2
2001,9,7,23,0,0,0,10,-8,25,769,2.1,310,0.2
2001,9,8,0,0,0,0,9,-8,27,769,3.6,340,0.2
2001,9,8,1,0,0,0,5,-8,36,767,3.6,300,0.2
2001,9,8,2,0,0,0,7,-9,28,768,4.6,320,0.2
2001,9,8,3,0,0,0,4,-6,45,767,4.6,310,0.2
2001,9,8,4,0,0,0,1,-7,51,765,1.5,40,0.2
2001,9,8,5,0,0,0,-1,-7,60,765,3.6,360,0.2
2001,9,8,6,39,401,9,4,-6,45,769,5.1,350,0.2
2001,9,8,7,232,689,41,8,-6,34,771,4.6,20,0.2
2001,9,8,8,459,879,51,9,-5,35,773,7.2,50,0.2
2001,9,8,9,640,931,59,11,-11,18,775,7.2,30,0.2
2001,9,8,10,795,984,60,13,-12,15,776,4.1,360,0.2
2001,9,8,11,888,992,73,15,-11,14,776,4.6,330,0.2
2001,9,8,12,923,986,89,16,-9,16,777,4.6,320,0.2
2001,9,8,13,860,890,135,17,-10,13,777,3.6,310,0.2
2001,9,8,14,791,966,83,18,-8,15,777,6.2,310,0.2
2001,9,8,15,645,954,68,17,-7,17,777,6.7,290,0.2
2001,9,8,16,464,915,62,17,-7,17,778,5.1,300,0.2
2001,9,8,17,267,867,52,16,-9,16,778,5.7,310,0.2
2001,9,8,18,18,311,4,13,-11,16,776,5.1,310,0.2
2001,9,8,19,0,0,0,8,-11,22,773,2.6,320,0.2
2001,9,8,20,0,0,0,6,-12,23,773,2.6,290,0.2
2001,9,8,21,0,0,0,4,-11,29,771,2.1,290,0.2
2001,9,8,22,0,0,0,2,-11,34,770,3.1,280,0.2
2001,9,8,23,0,0,0,1,-11,36,770,3.6,290,0.2
2001,9,9,0,0,0,0,-1,-10,46,768,3.6,270,0.2
2001,9,9,1,0,0,0,-1.5,-10.4,46,768,3.8,270,0.2
2001,9,9,2,0,0,0,-1.9,-10.9,46,768,3.9,280,0.2
2001,9,9,3,0,0,0,-2,-11,46,767,4.1,280,0.2
2001,9,9,4,0,0,0,-2,-11,46,768,3.6,280,0.2
2001,9,9,5,0,0,0,-2,-11,46,768,4.1,280,0.2
2001,9,9,6,36,408,6,-1,-10,46,770,2.1,300,0.2
2001,9,9,7,239,762,30,6,-9,30,775,1.5,220,0.2
2001,9,9,8,453,873,50,12,-8,22,778,5.1,130,0.2
2001,9,9,9,645,948,55,14,-7,21,780,5.1,140,0.2
2001,9,9,10,778,954,68,15,-8,18,781,4.6,150,0.2
2001,9,9,11,888,998,71,16,-8,17,781,4.1,170,0.2
2001,9,9,12,917,1028,52,18,-7,16,782,6.2,130,0.2
2001,9,9,13,899,1023,68,19,-8,14,783,5.7,140,0.2
2001,9,9,14,792,1010,56,19,-8,14,782,6.2,130,0.2
2001,9,9,15,639,948,69,20,-9,12,783,5.1,140,0.2
2001,9,9,16,459,917,60,20,-9,12,782,6.2,140,0.2
2001,9,9,17,274,829,72,19,-9,13,782,5.1,140,0.2
2001,9,9,18,16,280,4,14.7,-9.3,17,780,3.9,150,0.2
2001,9,9,19,0,0,0,11,-10,20,777,2.6,160,0.2
2001,9,9,20,0,0,0,7,-8,31,774,4.1,280,0.2
2001,9,9,21,0,0,0,4,-8,38,772,3.1,260,0.2
2001,9,9,22,0,0,0,3,-8,41,772,2.3,270,0.2
2001,9,9,23,0,0,0,2,-8,44,771,1.5,280,0.2
2001,9,10,0,0,0,0,2,-8,44,771,1.5,280,0.2
2001,9,10,1,0,0,0,1,-9,43,770,1.5,280,0.2
2001,9,10,2,0,0,0,0,-9,46,770,2.1,270,0.2
2001,9,10,3,0,0,0,-2,-9,55,768,2.1,260,0.2
2001,9,10,4,0,0,0,-2,-9,55,769,2.1,260,0.2
2001,9,10,5,0,0,0,-2,-9,55,769,2.1,280,0.2
2001,9,10,6,34,401,6,2,-8,44,773,2.1,290,0.2
2001,9,10,7,234,750,30,9,-7,29,777,2.1,280,0.2
2001,9,10,8,448,861,53,16,-6,20,782,4.4,210,0.2
2001,9,10,9,634,930,58,19,-8,14,784,6.7,130,0.2
2001,9,10,10,767,936,73,20,-8,13,785,6.2,160,0.2
2001,9,10,11,847,914,102,22,-6,14,785,6.7,140,0.2
2001,9,10,12,839,824,148,23,-4,16,785,7.7,130,0.2
2001,9,10,13,785,733,194,22,-4,17,785,5.7,200,0.2
2001,9,10,14,726,832,123,23,-6,13,785,7.2,200,0.2
2001,9,10,15,619,787,150,23,-4,16,785,6.7,150,0.2
2001,9,10,16,285,197,200,21,-5,16,784,4.6,130,0.2
2001,9,10,17,254,456,145,22,-4,17,784,4.6,150,0.2
2001,9,10,18,13,144,7,18,-6,18,782,3.1,160,0.2
2001,9,10,19,0,0,0,13,-6,25,779,2.1,170,0.2
2001,9,10,20,0,0,0,10,-6,30,776,1.5,270,0.2
2001,9,10,21,0,0,0,7,-6,37,774,2.6,260,0.2
2001,9,10,22,0,0,0,7,-5,40,774,2.1,270,0.2
2001,9,10,23,0,0,0,7,-5,40,774,2.1,270,0.2
2001,9,11,0,0,0,0,6,-5,43,773,2.1,270,0.2
2001,9,11,1,0,0,0,5,-5,46,772,2.6,290,0.2
2001,9,11,2,0,0,0,3,-7,45,771,2.6,340,0.2
2001,9,11,3,0,0,0,5,-4,50,773,2.6,280,0.2
2001,9,11,4,0,0,0,4,-4,54,772,3.6,280,0.2
2001,9,11,5,0,0,0,4.3,-4.5,50,775,3.2,310,0.2
2001,9,11,6,32,358,8,6.6,-2.7,50,777,2.9,350,0.2
2001,9,11,7,221,702,33,12.2,-1.9,37,780,2.5,20,0.2
2001,9,11,8,438,838,56,17,-2,27,782,2.1,50,0.2
2001,9,11,9,623,749,162,20.3,-1.4,23,783,4,80,0.2
2001,9,11,10,291,30,269,22.3,-0.8,21,785,5.8,110,0.2
2001,9,11,11,444,60,396,24,0,20,786,7.7,140,0.2
2001,9,11,12,310,18,295,23.8,-0.1,21,785,7.5,150,0.2
2001,9,11,13,139,0,139,23.5,-0.1,21,785,7.4,160,0.2
2001,9,11,14,414,110,334,23,0,22,784,7.2,170,0.2
2001,9,11,15,548,618,182,23,1,23,784,5.7,190,0.2
2001,9,11,16,405,730,94,23,0,22,784,4.6,170,0.2
2001,9,11,17,261,627,115,21,1,26,783,3.1,170,0.2
2001,9,11,18,11,185,5,18,0,30,781,3.1,180,0.2
2001,9,11,19,0,0,0,15,0,36,779,1.5,270,0.2
2001,9,11,20,0,0,0,14,-1,35,777,2.1,270,0.2
2001,9,11,21,0,0,0,12.1,-1.1,40,776,2.2,260,0.2
2001,9,11,22,0,0,0,10.4,-1,45,774,2.4,260,0.2
2001,9,11,23,0,0,0,9,-1,49,773,2.5,250,0.2
2001,9,12,0,0,0,0,7,-1,56,771,2.6,250,0.2
2001,9,12,1,0,0,0,7,-1,56,771,3.1,270,0.2
2001,9,12,2,0,0,0,6,-2,55,771,3.6,260,0.2
2001,9,12,3,0,0,0,6,-2,55,771,3.1,270,0.2
2001,9,12,4,0,0,0,6,-2,55,771,2.1,260,0.2
2001,9,12,5,0,0,0,6,-2,55,771,3.1,270,0.2
2001,9,12,6,19,62,15,6,-1,60,772,2.6,260,0.2
2001,9,12,7,166,311,84,9,-1,49,774,4.4,200,0.2
2001,9,12,8,322,199,231,21,-2,21,781,6.2,140,0.2
2001,9,12,9,417,216,284,22,-1,21,782,7.7,140,0.2
2001,9,12,10,386,95,316,22,-1,21,782,5.1,150,0.2
2001,9,12,11,772,645,250,22,-1,21,782,5.7,150,0.2
2001,9,12,12,815,770,175,24,1,22,783,6.7,150,0.2
2001,9,12,13,837,788,207,23,2,25,781,7.7,160,0.2
2001,9,12,14,214,18,201,23,3,27,781,7.7,160,0.2
2001,9,12,15,441,294,268,23,2,25,780,8.2,180,0.2
2001,9,12,16,339,356,190,21,5,35,780,6.2,230,0.2
2001,9,12,17,60,0,60,16,8,59,778,10.3,240,0.2
2001,9,12,18,2,0,2,15,9,67,778,4.1,210,0.2
2001,9,12,19,0,0,0,13,7,67,776,3.6,240,0.2
2001,9,12,20,0,0,0,11,8,82,773,3.1,260,0.2
2001,9,12,21,0,0,0,9,8,93,772,2.1,250,0.2
2001,9,12,22,0,0,0,9,8,93,772,3.1,290,0.2
2001,9,12,23,0,0,0,9,7,87,772,2.6,270,0.2
2001,9,13,0,0,0,0,8,6,87,771,2.1,270,0.2
2001,9,13,1,0,0,0,8,6,87,771,2.1,280,0.2
2001,9,13,2,0,0,0,7,6,93,771,2.1,240,0.2
2001,9,13,3,0,0,0,7,6,93,771,2.1,230,0.2
2001,9,13,4,0,0,0,6,5,93,771,2.1,220,0.2
2001,9,13,5,0,0,0,5,4,93,771,2.6,240,0.2
2001,9,13,6,27,204,14,9,7,87,774,3.6,120,0.2
2001,9,13,7,73,0,73,12,10,88,777,3.4,130,0.2
2001,9,13,8,422,552,173,14,10,77,778,3.1,140,0.2
2001,9,13,9,354,123,279,16,10,68,780,5.1,140,0.2
2001,9,13,10,761,782,189,17,10,63,780,3.1,130,0.2
2001,9,13,11,702,514,288,19,10,56,781,5.1,170,0.2
2001,9,13,12,876,866,159,19,11,60,781,6.7,140,0.2
2001,9,13,13,774,557,331,20,10,53,781,7.2,130,0.2
2001,9,13,14,167,0,167,18,11,64,780,6.7,170,0.2
2001,9,13,15,616,738,186,19,11,60,780,3.6,190,0.2
2001,9,13,16,435,859,78,20,9,49,780,6.7,140,0.2
2001,9,13,17,217,560,92,19,9,52,780,4.1,130,0.2
2001,9,13,18,6,141,2,16,9,63,778,3.6,150,0.2
2001,9,13,19,0,0,0,17,9,59,779,3.1,160,0.2
2001,9,13,20,0,0,0,12,9,82,776,2.1,270,0.2
2001,9,13,21,0,0,0,10,8,87,775,2.6,240,0.2
2001,9,13,22,0,0,0,9,8,93,775,2.1,280,0.2
2001,9,13,23,0,0,0,8,7,93,774,3.6,290,0.2
2001,9,14,0,0,0,0,7,6,93,773,5.1,270,0.2
2001,9,14,1,0,0,0,6,4,87,773,4.1,270,0.2
2001,9,14,2,0,0,0,4,3,93,772,4.6,260,0.2
2001,9,14,3,0,0,0,4,3,93,772,4.1,260,0.2
2001,9,14,4,0,0,0,4,2,87,772,3.1,300,0.2
2001,9,14,5,0,0,0,2,1,93,771,3.1,270,0.2
2001,9,14,6,24,328,5,4,2,87,773,3.1,260,0.2
2001,9,14,7,218,724,30,10,4,66,776,2.6,280,0.2
2001,9,14,8,431,842,54,16,4,45,780,2.6,280,0.2
2001,9,14,9,628,912,74,19,1,30,782,2.6,280,0.2
2001,9,14,10,777,948,87,21,-1,23,783,6.7,280,0.2
2001,9,14,11,830,759,222,21,3,30,783,3.6,160,0.2
2001,9,14,12,469,114,374,21,3,30,783,3.6,180,0.2
2001,9,14,13,749,612,265,22,4,31,783,3.1,270,0.2
2001,9,14,14,301,37,275,23,4,29,783,4.1,240,0.2
2001,9,14,15,116,0,116,22.2,2.9,28,782,4.4,240,0.2
2001,9,14,16,326,278,212,21.2,4.2,33,782,4.8,230,0.2
2001,9,14,17,241,423,149,19,6,43,781,5.1,230,0.2
2001,9,14,18,5,97,3,16,7,55,779,3.6,290,0.2
2001,9,14,19,0,0,0,13,7,67,777,2.6,250,0.2
2001,9,14,20,0,0,0,11,7,76,775,3.1,270,0.2
2001,9,14,21,0,0,0,9,7,87,774,3.1,270,0.2
2001,9,14,22,0,0,0,8,6,87,773,3.6,250,0.2
2001,9,14,23,0,0,0,7,4,81,772,3.1,280,0.2
2001,9,15,0,0,0,0,7,4,81,772,3.6,270,0.2
2001,9,15,1,0,0,0,6,3,81,771,4.1,280,0.2
2001,9,15,2,0,0,0,6,3,81,771,4.1,280,0.2
2001,9,15,3,0,0,0,4,2,87,770,4.6,270,0.2
2001,9,15,4,0,0,0,4,2,87,770,4.1,270,0.2
2001,9,15,5,0,0,0,3,2,93,770,2.1,280,0.2
2001,9,15,6,24,269,9,5,2,81,772,3.6,270,0.2
2001,9,15,7,205,623,45,12,3,54,777,2.6,270,0.2
2001,9,15,8,430,836,59,18,7,49,780,2.1,270,0.2
2001,9,15,9,622,935,57,19,6,43,781,5.1,270,0.2
2001,9,15,10,766,972,62,20,6,40,781,2.1,260,0.2
2001,9,15,11,871,824,213,22,5,33,782,4.1,240,0.2
2001,9,15,12,463,108,374,23,3,27,782,3.1,280,0.2
2001,9,15,13,578,255,378,23,2.9,27,782,6.4,80,0.2
2001,9,15,14,663,662,198,23,3.8,29,782,5.8,150,0.2
2001,9,15,15,509,495,226,23.2,3.6,28,782,6.6,140,0.2
2001,9,15,16,78,0,78,23,3.2,27,782,6.4,150,0.2
2001,9,15,17,200,228,152,21.6,3.2,30,781,5.5,170,0.2
2001,9,15,18,3,47,2,18.8,3,35,781,4.6,200,0.2
2001,9,15,19,0,0,0,12.9,2.8,50,781,3.8,210,0.2
2001,9,15,20,0,0,0,12.1,2.6,52,781,3.3,300,0.2
2001,9,15,21,0,0,0,11.3,2.3,54,781,3.2,290,0.2
2001,9,15,22,0,0,0,10.5,2.1,56,781,3.2,300,0.2
2001,9,15,23,0,0,0,9.7,2.9,63,781,3.1,320,0.2
2001,9,16,0,0,0,0,9.9,2.8,61,781,3.1,270,0.2
2001,9,16,1,0,0,0,9.1,2.5,63,781,3.1,40,0.2
2001,9,16,2,0,0,0,7.3,2.3,71,781,3.1,300,0.2
2001,9,16,3,0,0,0,7.4,3.1,74,781,3,280,0.2
2001,9,16,4,0,0,0,7.6,2.9,72,781,3,340,0.2
2001,9,16,5,0,0,0,6.8,2.6,75,781,3.1,290,0.2
2001,9,16,6,22,329,4,8,2.4,68,781,3,50,0.2
2001,9,16,7,216,736,29,12,3.3,55,781,3,80,0.2
2001,9,16,8,425,784,79,17,4.3,43,781,4.2,270,0.2
2001,9,16,9,553,672,149,20,3.2,33,781,5.2,260,0.2
2001,9,16,10,721,829,123,20,2.1,30,781,6,270,0.2
2001,9,16,11,825,908,103,22,3,29,780,7.2,250,0.2
2001,9,16,12,828,866,121,22.2,3.9,30,780,7.2,240,0.2
2001,9,16,13,763,746,179,22.3,5,32,779,7.2,240,0.2
2001,9,16,14,671,742,153,22.3,6.1,35,779,7.2,230,0.2
2001,9,16,15,540,740,120,21.7,4.9,33,778,7.2,230,0.2
2001,9,16,16,426,865,80,21,6,38,778,7.2,220,0.2
2001,9,16,17,243,706,97,19,6,43,777,5.7,210,0.2
2001,9,16,18,2,131,1,17,7,52,776,5.1,210,0.2
2001,9,16,19,0,0,0,14,7,63,773,4.1,210,0.2
2001,9,16,20,0,0,0,12,6,67,773,2.6,270,0.2
2001,9,16,21,0,0,0,9,6,81,771,2.1,260,0.2
2001,9,16,22,0,0,0,9.4,6,79,771,2.6,260,0.2
2001,9,16,23,0,0,0,6.9,3.1,77,771,0.5,360,0.2
2001,9,17,0,0,0,0,6.4,2.2,74,771,2.5,320,0.2
2001,9,17,1,0,0,0,7.9,3.3,73,772,3,260,0.2
2001,9,17,2,0,0,0,5.4,0.4,70,772,0.3,350,0.2
2001,9,17,3,0,0,0,3.9,-1.5,67,772,3.8,240,0.2
2001,9,17,4,0,0,0,5.3,-0.5,66,772,2.3,250,0.2
2001,9,17,5,0,0,0,6.9,0.7,65,772,3.2,240,0.2
2001,9,17,6,20,304,4,9.3,1.6,59,773,2.7,220,0.2
2001,9,17,7,207,704,30,14.5,4.2,50,773,0,0,0.2
2001,9,17,8,415,812,58,21.8,4.4,32,773,1.4,30,0.2
2001,9,17,9,606,906,64,22.6,4.2,30,773,3,80,0.2
2001,9,17,10,738,894,95,24.9,4.5,27,774,5.5,130,0.2
2001,9,17,11,790,723,218,25.1,1.5,21,774,6,100,0.2
2001,9,17,12,530,199,369,25.8,0.7,19,774,1.2,150,0.2
2001,9,17,13,750,679,222,25.9,-0.7,17,774,7.3,190,0.2
2001,9,17,14,739,908,109,26.1,-1.5,16,775,6.8,190,0.2
2001,9,17,15,600,922,81,26.8,-2.8,14,775,6.7,200,0.2
2001,9,17,16,394,761,93,26.6,-5.1,11,775,4.1,200,0.2
2001,9,17,17,236,538,127,25.3,-5.4,12,775,6.1,220,0.2
2001,9,17,18,1,89,0,21.1,-5.8,15,776,2.9,170,0.2
2001,9,17,19,0,0,0,14.7,-5,24,776,2.9,190,0.2
2001,9,17,20,0,0,0,14.6,-4.4,25,776,2.8,230,0.2
2001,9,17,21,0,0,0,14.2,-3.6,28,776,1.7,200,0.2
2001,9,17,22,0,0,0,14,-5,25,777,0,0,0.2
2001,9,17,23,0,0,0,15.7,-5.2,22,777,1.1,280,0.2
2001,9,18,0,0,0,0,15.5,-4.5,24,777,2.1,240,0.2
2001,9,18,1,0,0,0,11.2,-4.8,31,777,1,160,0.2
2001,9,18,2,0,0,0,11.8,-6.2,26,778,0,0,0.2
2001,9,18,3,0,0,0,12.6,-5.4,27,778,1.4,140,0.2
2001,9,18,4,0,0,0,13.4,-6.8,22,778,1.8,220,0.2
2001,9,18,5,0,0,0,15.1,-6,21,778,1.3,200,0.2
2001,9,18,6,18,306,4,17.8,-4.4,21,778,0.7,190,0.2
2001,9,18,7,206,712,29,18,-1.3,27,779,0,0,0.2
2001,9,18,8,419,840,53,19.2,-0.5,26,779,3.1,180,0.2
2001,9,18,9,595,882,70,20.5,-0.7,24,779,0,0,0.2
2001,9,18,10,749,924,88,22.3,-1,21,779,0,0,0.2
2001,9,18,11,848,986,72,21.4,-1.2,22,780,0,0,0.2
2001,9,18,12,865,1005,54,20.9,0.2,25,780,0,0,0.2
2001,9,18,13,814,946,82,21.1,0,24,780,4.4,170,0.2
2001,9,18,14,740,963,76,21.4,-1.2,22,780,2.2,140,0.2
2001,9,18,15,579,892,82,20.3,0.6,27,781,2.2,130,0.2
2001,9,18,16,415,917,57,22,-1,21,781,3.1,170,0.2
2001,9,18,17,229,707,89,21,-1,23,781,4.1,150,0.2
2001,9,18,18,0,103,0,16,-2,28,778,2.6,340,0.2
2001,9,18,19,0,0,0,14,-4,27,776,4.6,300,0.2
2001,9,18,20,0,0,0,11,-4,33,774,3.6,340,0.2
2001,9,18,21,0,0,0,9,-3,41,773,4.1,310,0.2
2001,9,18,22,0,0,0,7,-4,44,771,4.6,270,0.2
2001,9,18,23,0,0,0,6,-4,47,771,4.1,270,0.2
2001,9,19,0,0,0,0,6,-3,51,771,3.6,270,0.2
2001,9,19,1,0,0,0,4,-4,54,769,2.6,260,0.2
2001,9,19,2,0,0,0,4,-3,59,769,2.6,300,0.2
2001,9,19,3,0,0,0,4,-3,59,769,3.6,270,0.2
2001,9,19,4,0,0,0,3,-3,63,768,4.1,280,0.2
2001,9,19,5,0,0,0,3,-3,63,769,3.6,280,0.2
2001,9,19,6,16,242,5,4,-3,59,771,4.1,270,0.2
2001,9,19,7,201,706,28,10,-2,42,775,2.6,270,0.2
2001,9,19,8,423,868,47,16,-1,31,779,2.6,220,0.2
2001,9,19,9,610,941,54,20,-2,22,781,2.6,160,0.2
2001,9,19,10,760,989,56,21,-3,19,781,5.1,110,0.2
2001,9,19,11,848,992,71,22,-4,17,782,5.7,100,0.2
2001,9,19,12,853,957,84,23,-3,17,782,5.7,160,0.2
2001,9,19,13,777,807,156,24,-3,16,782,7.2,150,0.2
2001,9,19,14,720,939,78,23,-5,14,781,5.1,240,0.2
2001,9,19,15,588,943,67,23,-5,14,781,4.1,260,0.2
2001,9,19,16,418,927,61,23,-6,13,781,5.7,270,0.2
2001,9,19,17,241,724,102,21,-6,15,781,4.1,270,0.2
2001,9,19,18,0,0,0,17,-8,16,779,4.6,250,0.2
2001,9,19,19,0,0,0,14,-8,19,776,4.6,260,0.2
2001,9,19,20,0,0,0,10,-7,28,774,2.6,250,0.2
2001,9,19,21,0,0,0,11,-7,26,774,3.1,260,0.2
2001,9,19,22,0,0,0,7,-8,31,772,3.6,270,0.2
2001,9,19,23,0,0,0,5,-7,39,771,4.1,280,0.2
2001,9,20,0,0,0,0,6,-7,36,771,2.1,300,0.2
2001,9,20,1,0,0,0,4,-6,45,770,2.6,260,0.2
2001,9,20,2,0,0,0,4,-5,49,770,4.6,280,0.2
2001,9,20,3,0,0,0,3,-5,53,770,3.1,260,0.2
2001,9,20,4,0,0,0,3,-5,53,770,3.1,270,0.2
2001,9,20,5,0,0,0,3,-4,58,771,5.1,280,0.2
2001,9,20,6,15,279,3,4,-4,54,772,4.1,290,0.2
2001,9,20,7,200,714,27,11,-2,39,777,3.1,290,0.2
2001,9,20,8,403,822,50,17,-2,27,781,2.3,250,0.2
2001,9,20,9,594,905,61,20,-4,19,782,1.5,210,0.2
2001,9,20,10,743,959,64,21,-4,18,784,1.5,170,0.2
2001,9,20,11,831,962,80,23,-3,17,785,3.6,130,0.2
2001,9,20,12,841,945,86,23,-3,17,784,4.6,180,0.2
2001,9,20,13,777,819,151,23,-4,16,784,3.1,180,0.2
2001,9,20,14,721,946,79,23,-4,16,784,4.1,180,0.2
2001,9,20,15,582,937,69,24,-4,15,784,6.2,140,0.2
2001,9,20,16,385,869,55,23,-4,16,784,3.1,150,0.2
2001,9,20,17,233,566,128,19,-4,20,781,3.6,170,0.2
2001,9,20,18,0,0,0,13,-4,29,779,2.1,260,0.2
2001,9,20,19,0,0,0,11,-2,39,777,1.5,260,0.2
2001,9,20,20,0,0,0,9,-3,41,775,2.6,330,0.2
2001,9,20,21,0,0,0,9,-3,41,775,4.1,290,0.2
2001,9,20,22,0,0,0,8,-2,48,774,3.6,280,0.2
2001,9,20,23,0,0,0,7,-3,48,773,3.1,270,0.2
2001,9,21,0,0,0,0,6,-3,51,773,4.1,280,0.2
2001,9,21,1,0,0,0,6,-3,51,772,4.6,280,0.2
2001,9,21,2,0,0,0,3,-4,58,771,2.6,250,0.2
2001,9,21,3,0,0,0,4,-3,59,771,3.1,270,0.2
2001,9,21,4,0,0,0,4,-3,59,771,4.6,270,0.2
2001,9,21,5,0,0,0,3,-4,58,771,1.5,270,0.2
2001,9,21,6,14,258,4,4,-3,59,774,1.5,280,0.2
2001,9,21,7,199,723,26,11,-2,39,778,2.1,280,0.2
2001,9,21,8,417,867,47,17,-1,29,782,1.5,280,0.2
2001,9,21,9,588,893,66,21,-3,19,784,3.6,280,0.2
2001,9,21,10,721,912,78,22,-3,18,784,3.6,310,0.2
2001,9,21,11,831,723,270,23,-4,16,784,3.6,190,0.2
2001,9,21,12,201,6,196,22,-3,18,784,2.6,190,0.2
2001,9,21,13,185,6,180,24,-3,16,784,5.1,130,0.2
2001,9,21,14,594,516,246,23,-3,17,784,2.6,150,0.2
2001,9,21,15,554,699,175,23,-3,17,783,4.1,170,0.2
2001,9,21,16,280,304,166,22,-3,18,782,3.1,140,0.2
2001,9,21,17,158,371,90,21,-2,21,782,3.6,260,0.2
2001,9,21,18,0,0,0,19,-3,22,781,2.6,270,0.2
2001,9,21,19,0,0,0,17,-5,21,779,3.1,280,0.2
2001,9,21,20,0,0,0,14,-6,23,777,4.6,270,0.2
2001,9,21,21,0,0,0,12,-6,26,775,4.6,270,0.2
2001,9,21,22,0,0,0,9,-5,35,774,2.1,300,0.2
2001,9,21,23,0,0,0,7,-6,37,773,3.1,260,0.2
2001,9,22,0,0,0,0,7,-6,37,773,2.1,260,0.2
2001,9,22,1,0,0,0,7,-5,40,773,2.9,260,0.2
2001,9,22,2,0,0,0,6,-6,39,772,3.6,260,0.2
2001,9,22,3,0,0,0,4,-5,49,771,3.1,260,0.2
2001,9,22,4,0,0,0,5,-6,42,772,3.1,290,0.2
2001,9,22,5,0,0,0,3,-6,49,771,3.1,260,0.2
2001,9,22,6,12,146,7,4,-5,49,772,4.1,260,0.2
2001,9,22,7,157,386,66,10,-3,39,776,1.5,290,0.2
2001,9,22,8,402,725,95,18,-4,21,781,2.1,320,0.2
2001,9,22,9,557,724,135,19,-4,20,782,3.1,60,0.2
2001,9,22,10,592,491,248,22,-4,17,784,1.5,100,0.2
2001,9,22,11,655,472,291,23,-3,17,784,1.5,140,0.2
2001,9,22,12,830,716,263,23,-4,16,784,3.1,180,0.2
2001,9,22,13,128,0,128,23,-3,17,784,3.6,50,0.2
2001,9,22,14,689,621,274,24,-3,16,784,2.6,80,0.2
2001,9,22,15,534,718,147,23,-4,16,784,2.1,100,0.2
2001,9,22,16,255,258,160,24,-4,15,784,2.6,130,0.2
2001,9,22,17,168,361,105,21,-4,18,783,3.1,150,0.2
2001,9,22,18,0,0,0,13,-4,29,779,3.1,140,0.2
2001,9,22,19,0,0,0,11,-3,36,777,3.1,260,0.2
2001,9,22,20,0,0,0,10,-3,39,775,3.6,280,0.2
2001,9,22,21,0,0,0,10,-4,36,775,4.6,270,0.2
2001,9,22,22,0,0,0,9,-5,35,775,4.1,290,0.2
2001,9,22,23,0,0,0,6,-6,39,773,3.1,250,0.2
2001,9,23,0,0,0,0,6,-6,39,773,2.6,300,0.2
2001,9,23,1,0,0,0,6,-6,39,773,4.1,270,0.2
2001,9,23,2,0,0,0,4,-6,45,771,4.6,280,0.2
2001,9,23,3,0,0,0,4,-6,45,772,4.1,280,0.2
2001,9,23,4,0,0,0,3,-6,49,771,5.1,270,0.2
2001,9,23,5,0,0,0,2,-6,52,772,4.6,280,0.2
2001,9,23,6,10,203,3,4,-6,45,775,4.1,270,0.2
2001,9,23,7,189,699,26,10,-4,36,779,3.1,270,0.2
2001,9,23,8,401,849,45,16,-4,24,782,3.6,220,0.2
2001,9,23,9,593,928,56,21,-4,18,785,4.1,180,0.2
2001,9,23,10,743,983,57,23,-5,14,786,4.6,130,0.2
2001,9,23,11,831,986,73,24,-5,13,787,4.6,190,0.2
2001,9,23,12,830,945,86,24,-5,13,786,7.7,140,0.2
2001,9,23,13,785,922,92,24,-6,12,786,4.6,190,0.2
2001,9,23,14,717,965,75,24,-5,13,786,5.7,130,0.2
2001,9,23,15,565,953,57,24,-6,12,785,5.1,170,0.2
2001,9,23,16,376,891,52,24,-6,12,785,4.6,170,0.2
2001,9,23,17,207,733,81,21,-7,14,784,3.1,170,0.2
2001,9,23,18,0,0,0,18,-7,16,783,3.6,140,0.2
2001,9,23,19,0,0,0,11,-7,26,778,1.5,260,0.2
2001,9,23,20,0,0,0,7,-7,34,775,3.1,250,0.2
2001,9,23,21,0,0,0,9,-7,29,776,2.6,280,0.2
2001,9,23,22,0,0,0,5,-7,39,773,3.1,270,0.2
2001,9,23,23,0,0,0,5,-7,39,773,3.1,270,0.2
2001,9,24,0,0,0,0,4.1,-6.9,42,773,2.9,270,0.2
2001,9,24,1,0,0,0,3,-7,45,773,2.6,260,0.2
2001,9,24,2,0,0,0,3,-7,45,772,1.5,270,0.2
2001,9,24,3,0,0,0,4,-7,42,773,3.6,280,0.2
2001,9,24,4,0,0,0,4,-6,45,773,3.6,280,0.2
2001,9,24,5,0,0,0,4,-6,45,774,3.6,270,0.2
2001,9,24,6,10,227,3,3,-6,49,775,2.6,270,0.2
2001,9,24,7,188,707,25,11,-4,33,781,2.1,270,0.2
2001,9,24,8,377,747,66,17,-4,23,785,2.4,200,0.2
2001,9,24,9,572,770,129,22,-3,18,787,2.6,130,0.2
2001,9,24,10,508,284,311,23,-2,18,788,6.7,140,0.2
2001,9,24,11,217,12,207,24,-2,17,788,6.2,130,0.2
2001,9,24,12,385,72,328,25,-3,15,788,3.1,180,0.2
2001,9,24,13,652,455,312,26,-3,14,788,6.7,140,0.2
2001,9,24,14,684,818,144,24,-3,16,787,3.1,150,0.2
2001,9,24,15,522,834,82,24,-3,16,786,5.7,150,0.2
2001,9,24,16,371,887,52,24,-3,16,786,5.1,140,0.2
2001,9,24,17,195,692,81,21,-3,19,784,4.1,180,0.2
2001,9,24,18,0,0,0,14,-4,27,781,3.6,160,0.2
2001,9,24,19,0,0,0,12,-4,31,779,1.5,270,0.2
2001,9,24,20,0,0,0,10,-4,36,777,2.1,270,0.2
2001,9,24,21,0,0,0,7,-4,44,775,1.5,250,0.2
2001,9,24,22,0,0,0,5,-5,46,773,2.1,270,0.2
2001,9,24,23,0,0,0,5,-4,50,773,2.1,260,0.2
2001,9,25,0,0,0,0,6,-4,47,773,2.6,280,0.2
2001,9,25,1,0,0,0,5,-4,50,772,2.1,290,0.2
2001,9,25,2,0,0,0,4,-4,54,771,3.1,290,0.2
2001,9,25,3,0,0,0,4,-4,54,771,2.6,280,0.2
2001,9,25,4,0,0,0,4,-5,49,771,3.1,280,0.2
2001,9,25,5,0,0,0,3,-5,53,771,3.1,290,0.2
2001,9,25,6,8,176,3,4,-4,54,774,1.5,280,0.2
2001,9,25,7,180,664,29,11,-3,36,778,2.6,270,0.2
2001,9,25,8,386,803,54,17,-2,27,781,2.4,280,0.2
2001,9,25,9,587,904,70,21,-2,21,784,2.1,280,0.2
2001,9,25,10,737,858,145,22,-1,21,784,3.6,140,0.2
2001,9,25,11,533,257,337,23,-1,20,784,4.1,140,0.2
2001,9,25,12,812,849,151,24,-2,17,784,4.1,230,0.2
2001,9,25,13,754,820,146,24,-3,16,784,5.7,180,0.2
2001,9,25,14,706,910,109,24,-3,16,783,6.2,160,0.2
2001,9,25,15,538,910,62,24,-3,16,783,6.7,190,0.2
2001,9,25,16,365,863,59,23,-3,17,782,5.1,170,0.2
2001,9,25,17,183,684,73,21,-2,21,781,4.6,180,0.2
2001,9,25,18,0,0,0,15,-2,30,779,3.6,210,0.2
2001,9,25,19,0,0,0,11,-3,36,776,2.1,260,0.2
2001,9,25,20,0,0,0,9,-2,45,773,3.6,260,0.2
2001,9,25,21,0,0,0,8,-2,48,772,3.1,270,0.2
2001,9,25,22,0,0,0,7,-2,52,771,4.1,260,0.2
2001,9,25,23,0,0,0,7,-3,48,771,4.1,270,0.2
2001,9,26,0,0,0,0,6,-3,51,771,4.1,270,0.2
2001,9,26,1,0,0,0,6,-3,51,771,3.1,270,0.2
2001,9,26,2,0,0,0,6,-3,51,771,4.1,270,0.2
2001,9,26,3,0,0,0,3,-3,63,769,3.6,250,0.2
2001,9,26,4,0,0,0,3,-3,63,769,4.1,260,0.2
2001,9,26,5,0,0,0,3,-3,63,770,5.1,280,0.2
2001,9,26,6,8,160,4,4,-3,59,772,3.3,360,0.2
2001,9,26,7,171,612,34,12,-1,40,778,1.5,70,0.2
2001,9,26,8,381,791,56,19,-3,22,781,5.7,210,0.2
2001,9,26,9,571,892,64,20,-2,22,782,3.1,110,0.2
2001,9,26,10,715,947,64,21,-3,19,783,5.1,150,0.2
2001,9,26,11,802,956,79,23,-4,16,783,6.7,150,0.2
2001,9,26,12,813,969,62,24,-6,12,784,6.7,250,0.2
2001,9,26,13,781,978,59,24,-6,12,783,5.7,250,0.2
2001,9,26,14,686,966,58,24,-5,13,783,5.7,220,0.2
2001,9,26,15,547,949,56,24,-6,12,783,5.7,210,0.2
2001,9,26,16,368,894,57,23,-7,12,783,4.6,250,0.2
2001,9,26,17,167,521,86,21,-7,14,782,4.1,240,0.2
2001,9,26,18,0,0,0,13,-8,21,778,2.6,270,0.2
2001,9,26,19,0,0,0,10,-8,25,775,3.6,270,0.2
2001,9,26,20,0,0,0,9,-7,29,774,4.1,280,0.2
2001,9,26,21,0,0,0,7,-7,34,772,4.6,290,0.2
2001,9,26,22,0,0,0,6,-8,33,772,5.1,280,0.2
2001,9,26,23,0,0,0,5,-8,36,771,5.1,280,0.2
2001,9,27,0,0,0,0,6,-8,33,772,4.6,270,0.2
2001,9,27,1,0,0,0,5,-8,36,771,4.1,270,0.2
2001,9,27,2,0,0,0,4,-8,38,770,2.6,300,0.2
2001,9,27,3,0,0,0,3,-8,41,770,4.1,280,0.2
2001,9,27,4,0,0,0,3,-8,41,770,4.6,280,0.2
2001,9,27,5,0,0,0,3,-7,45,771,4.1,280,0.2
2001,9,27,6,7,182,2,3,-7,45,773,4.1,270,0.2
2001,9,27,7,170,661,24,10,-5,33,777,2.6,290,0.2
2001,9,27,8,380,813,49,17,-5,21,781,2.1,240,0.2
2001,9,27,9,565,886,65,21,-4,18,784,1.5,180,0.2
2001,9,27,10,698,906,79,22,-4,17,784,5.1,130,0.2
2001,9,27,11,808,944,97,23,-3,17,784,4.6,140,0.2
2001,9,27,12,795,903,99,24,-4,15,784,7.2,160,0.2
2001,9,27,13,794,1020,46,24,-4,15,783,7.2,160,0.2
2001,9,27,14,694,991,54,24,-5,13,783,6.7,180,0.2
2001,9,27,15,526,906,62,24,-5,13,783,5.7,160,0.2
2001,9,27,16,353,856,59,23,-6,13,783,4.6,190,0.2
2001,9,27,17,0,0,0,20,-6,16,781,3.1,200,0.2
2001,9,27,18,0,0,0,13,-7,23,778,3.1,170,0.2
2001,9,27,19,0,0,0,10,-7,28,775,2.1,260,0.2
2001,9,27,20,0,0,0,7.5,-7.4,32,773,2.1,260,0.2
2001,9,27,21,0,0,0,6,-8,33,771,2.1,260,0.2
2001,9,27,22,0,0,0,6,-8,33,771,2.1,280,0.2
2001,9,27,23,0,0,0,6,-8,33,771,3.6,280,0.2
2001,9,28,0,0,0,0,5,-8,36,770,4.1,280,0.2
2001,9,28,1,0,0,0,5,-8,36,770,4.6,260,0.2
2001,9,28,2,0,0,0,4,-7,42,769,3.1,270,0.2
2001,9,28,3,0,0,0,4,-6,45,769,4.6,280,0.2
2001,9,28,4,0,0,0,3,-6,49,769,4.6,280,0.2
2001,9,28,5,0,0,0,4,-4,54,770,2.1,270,0.2
2001,9,28,6,2,23,2,5,-3,55,772,3.6,280,0.2
2001,9,28,7,144,395,58,9,-1,49,775,1.5,300,0.2
2001,9,28,8,318,423,147,16,0,34,779,1.5,280,0.2
2001,9,28,9,570,799,122,20,-1,24,781,2.1,210,0.2
2001,9,28,10,703,935,68,22,-1,21,782,6.7,140,0.2
2001,9,28,11,779,908,99,22,-2,20,781,6.7,140,0.2
2001,9,28,12,740,746,168,22,-4,17,781,2.6,170,0.2
2001,9,28,13,711,784,140,23,-4,16,781,6.2,190,0.2
2001,9,28,14,620,801,107,23,-4,16,780,9.3,190,0.2
2001,9,28,15,490,793,88,22,-5,15,780,6.7,210,0.2
2001,9,28,16,337,818,61,22,-7,13,780,8.7,200,0.2
2001,9,28,17,0,0,0,19,-7,15,778,4.1,200,0.2
2001,9,28,18,0,0,0,12,-5,29,775,2.6,200,0.2
2001,9,28,19,0,0,0,9,-6,32,773,2.1,250,0.2
2001,9,28,20,0,0,0,7,-6,37,771,2.6,250,0.2
2001,9,28,21,0,0,0,6,-5,43,770,2.6,270,0.2
2001,9,28,22,0,0,0,7,-4,44,770,3.6,270,0.2
2001,9,28,23,0,0,0,6,-4,47,769,3.6,270,0.2
2001,9,29,0,0,0,0,6,-4,47,770,4.1,290,0.2
2001,9,29,1,0,0,0,5,-3,55,769,3.6,270,0.2
2001,9,29,2,0,0,0,4,-3,59,768,2.1,310,0.2
2001,9,29,3,0,0,0,4,-3,59,769,3.1,290,0.2
2001,9,29,4,0,0,0,3,-3,63,768,4.6,280,0.2
2001,9,29,5,0,0,0,5,-1,64,770,4.1,280,0.2
2001,9,29,6,2,14,2,7,-1,56,773,2.6,300,0.2
2001,9,29,7,87,66,73,12,0,44,777,2.1,280,0.2
2001,9,29,8,360,586,125,16,0,34,780,1.8,350,0.2
2001,9,29,9,392,268,242,20,1,28,782,1.5,50,0.2
2001,9,29,10,134,0,134,18,2,34,781,6.7,270,0.2
2001,9,29,11,217,6,212,21,0,25,783,2.6,220,0.2
2001,9,29,12,416,66,365,20,-1,24,782,6.7,200,0.2
2001,9,29,13,410,97,340,22,-1,21,783,3.1,220,0.2
2001,9,29,14,676,776,182,21,0,25,782,5.7,280,0.2
2001,9,29,15,530,800,128,19,2,32,782,4.6,320,0.2
2001,9,29,16,292,515,121,18,2,34,781,5.1,10,0.2
2001,9,29,17,0,0,0,17,2,36,781,4.6,10,0.2
2001,9,29,18,0,0,0,13,1,44,778,2.6,340,0.2
2001,9,29,19,0,0,0,12,1,47,777,3.1,10,0.2
2001,9,29,20,0,0,0,7,0,61,774,1.5,300,0.2
2001,9,29,21,0,0,0,4,-1,69,772,2.1,270,0.2
2001,9,29,22,0,0,0,4,0,75,772,4.1,280,0.2
2001,9,29,23,0,0,0,5,0,70,773,3.6,280,0.2
2001,9,30,0,0,0,0,4,-1,69,772,4.6,280,0.2
2001,9,30,1,0,0,0,3,-1,74,771,4.6,280,0.2
2001,9,30,2,0,0,0,3,-1,74,772,3.1,280,0.2
2001,9,30,3,0,0,0,3,-1,74,772,4.6,280,0.2
2001,9,30,4,0,0,0,3,-1,74,773,5.1,280,0.2
2001,9,30,5,0,0,0,2,-2,73,773,4.1,270,0.2
2001,9,30,6,2,43,2,3,-2,68,774,5.7,280,0.2
2001,9,30,7,160,513,51,8,0,57,778,3.1,280,0.2
2001,9,30,8,359,749,61,14,0,38,782,3.1,230,0.2
2001,9,30,9,554,868,72,18,0,30,785,3.1,180,0.2
2001,9,30,10,692,923,72,21,-2,21,786,3.1,130,0.2
2001,9,30,11,773,914,96,22,-2,20,786,2.6,150,0.2
2001,9,30,12,740,578,303,23,-3,17,786,5.1,170,0.2
2001,9,30,13,122,0,122,22,-4,17,785,4.6,160,0.2
2001,9,30,14,369,117,295,22,-4,17,785,4.6,130,0.2
2001,9,30,15,539,737,173,23,-5,14,785,3.4,150,0.2
2001,9,30,16,354,931,50,22,-6,14,784,2.1,160,0.2
2001,9,30,17,0,0,0,19,-5,18,783,3.6,170,0.2
2001,9,30,18,0,0,0,11,-6,28,780,1.5,170,0.2
2001,9,30,19,0,0,0,8,-7,32,777,2.6,250,0.2
2001,9,30,20,0,0,0,6,-7,36,775,2.6,260,0.2
2001,9,30,21,0,0,0,5.3,-5.9,36,775,2.7,270,0.2
2001,9,30,22,0,0,0,4.6,-4.9,39,775,2.7,280,0.2
2001,9,30,23,0,0,0,3.9,-3.9,39,774,2.8,280,0.2
2004,10,1,0,0,0,0,3.1,-2.9,93,768,2.9,260,0.18
2004,10,1,1,0,0,0,2.4,-1.9,87,768,3,280,0.18
2004,10,1,2,0,0,0,1.7,-0.9,93,767,3,270,0.18
2004,10,1,3,0,0,0,1,0,93,767,3.1,270,0.18
2004,10,1,4,0,0,0,1,-1,86,768,3.6,270,0.18
2004,10,1,5,0,0,0,1,-1,86,768,3.1,280,0.18
2004,10,1,6,3,183,1,1,-1,86,769,3.1,310,0.18
2004,10,1,7,168,667,30,4,2,87,771,2.6,260,0.18
2004,10,1,8,386,867,45,9,2,61,775,0,0,0.18
2004,10,1,9,569,926,60,11,1,50,776,1.5,270,0.18
2004,10,1,10,703,852,135,13,1,44,777,2.1,250,0.18
2004,10,1,11,527,251,343,12,1,47,777,3.1,190,0.18
2004,10,1,12,624,367,349,12,2,50,777,4.6,240,0.18
2004,10,1,13,122,0,122,14,-1,35,778,3.6,190,0.18
2004,10,1,14,110,0,110,12,2,50,778,6.2,350,0.18
2004,10,1,15,442,395,249,10,3,62,777,3.1,310,0.18
2004,10,1,16,360,676,143,12,2,50,778,3.1,360,0.18
2004,10,1,17,0,0,0,10,3,62,777,2.6,340,0.18
2004,10,1,18,0,0,0,6,4,87,775,2.1,190,0.18
2004,10,1,19,0,0,0,6,3,81,776,2.6,260,0.18
2004,10,1,20,0,0,0,6,4,87,775,2.6,270,0.18
2004,10,1,21,0,0,0,5,3,87,774,3.6,270,0.18
2004,10,1,22,0,0,0,4,2,87,774,3.6,270,0.18
2004,10,1,23,0,0,0,3,1,87,773,2.1,270,0.18
2004,10,2,0,0,0,0,2,1,93,773,2.1,260,0.18
2004,10,2,1,0,0,0,1,0,93,772,2.1,300,0.18
2004,10,2,2,0,0,0,1,0,93,772,2.1,290,0.18
2004,10,2,3,0,0,0,1,-1,86,773,3.1,260,0.18
2004,10,2,4,0,0,0,1,-1,86,773,4.6,270,0.18
2004,10,2,5,0,0,0,1,-1,86,773,3.6,270,0.18
2004,10,2,6,2,168,0,1,-1,86,775,4.1,270,0.18
2004,10,2,7,167,704,23,4,2,87,777,3.1,280,0.18
2004,10,2,8,376,877,34,9,2,61,780,0,0,0.18
2004,10,2,9,574,943,58,13,2,47,782,2.6,90,0.18
2004,10,2,10,708,663,269,13,2,47,782,3.6,180,0.18
2004,10,2,11,129,0,129,13,1,44,782,4.6,150,0.18
2004,10,2,12,214,24,196,10,3,62,780,6.2,260,0.18
2004,10,2,13,771,650,311,14,0,38,782,1.5,210,0.18
2004,10,2,14,110,0,110,16,0,34,783,4.6,150,0.18
2004,10,2,15,115,0,115,15,-1,33,782,5.1,150,0.18
2004,10,2,16,354,594,166,14,0,38,781,4.6,180,0.18
2004,10,2,17,0,0,0,11,0,47,780,2.6,180,0.18
2004,10,2,18,0,0,0,8,2,66,779,1.5,320,0.18
2004,10,2,19,0,0,0,7,3,76,778,2.1,30,0.18
2004,10,2,20,0,0,0,6,3,81,777,1.5,350,0.18
2004,10,2,21,0,0,0,3,2,93,775,1.5,330,0.18
2004,10,2,22,0,0,0,2,1,93,774,3.1,280,0.18
2004,10,2,23,0,0,0,1,0,93,773,3.6,270,0.18
2004,10,3,0,0,0,0,1,-1,86,774,4.1,270,0.18
2004,10,3,1,0,0,0,1,-1,86,773,4.1,270,0.18
2004,10,3,2,0,0,0,1,-1,86,772,4.1,270,0.18
2004,10,3,3,0,0,0,0,-1,92,772,3.6,270,0.18
2004,10,3,4,0,0,0,0,-1,92,772,4.1,270,0.18
2004,10,3,5,0,0,0,-1,-2,92,772,3.1,270,0.18
2004,10,3,6,1,159,0,-1,-2,92,773,3.6,270,0.18
2004,10,3,7,169,712,26,3,1,87,776,2.6,280,0.18
2004,10,3,8,366,843,40,8,1,61,779,0,0,0.18
2004,10,3,9,568,943,56,12,1,47,782,0,0,0.18
2004,10,3,10,708,1000,50,15,-1,33,783,4.6,150,0.18
2004,10,3,11,785,908,125,16,-3,26,783,4.1,130,0.18
2004,10,3,12,735,729,194,16,-2,28,783,4.1,150,0.18
2004,10,3,13,682,724,173,16,-1,31,783,5.7,220,0.18
2004,10,3,14,646,636,255,16,-2,28,782,3.6,180,0.18
2004,10,3,15,92,0,92,16,1,36,783,8.2,30,0.18
2004,10,3,16,348,590,165,14,1,41,782,3.6,60,0.18
2004,10,3,17,0,0,0,12,1,47,781,1.5,100,0.18
2004,10,3,18,0,0,0,6,1,70,778,2.1,260,0.18
2004,10,3,19,0,0,0,6,2,75,777,3.1,270,0.18
2004,10,3,20,0,0,0,4,1,81,776,2.6,280,0.18
2004,10,3,21,0,0,0,4,1,81,775,3.6,270,0.18
2004,10,3,22,0,0,0,3,0,81,774,4.1,270,0.18
2004,10,3,23,0,0,0,2,-1,80,773,4.6,270,0.18
2004,10,4,0,0,0,0,1,-1,86,772,4.1,290,0.18
2004,10,4,1,0,0,0,1,-1,86,772,4.1,270,0.18
2004,10,4,2,0,0,0,1,-1,86,772,4.1,270,0.18
2004,10,4,3,0,0,0,1,-2,79,772,4.1,270,0.18
2004,10,4,4,0,0,0,0,-2,85,772,3.1,260,0.18
2004,10,4,5,0,0,0,-1,-2,92,771,3.6,260,0.18
2004,10,4,6,1,151,0,0,-2,85,773,3.6,270,0.18
2004,10,4,7,164,709,24,4,0,75,776,2.6,280,0.18
2004,10,4,8,374,893,32,9,0,53,779,1.5,30,0.18
2004,10,4,9,562,937,58,13,1,44,781,2.1,350,0.18
2004,10,4,10,713,970,78,15,-1,33,782,5.1,140,0.18
2004,10,4,11,762,836,158,16,-2,28,782,4.6,190,0.18
2004,10,4,12,674,542,274,17,-3,25,782,4.6,150,0.18
2004,10,4,13,122,0,122,17,-3,25,781,6.2,140,0.18
2004,10,4,14,186,6,182,17,-3,25,780,2.6,160,0.18
2004,10,4,15,524,658,212,17,-2,27,780,5.7,170,0.18
2004,10,4,16,280,651,81,14,-3,30,778,5.1,180,0.18
2004,10,4,17,0,0,0,14,-1,35,779,2.6,180,0.18
2004,10,4,18,0,0,0,12,0,44,778,6.7,300,0.18
2004,10,4,19,0,0,0,9,4,71,776,2.6,50,0.18
2004,10,4,20,0,0,0,8,4,76,775,3.6,130,0.18
2004,10,4,21,0,0,0,8,3,71,774,2.1,10,0.18
2004,10,4,22,0,0,0,8,4,76,774,1.5,90,0.18
2004,10,4,23,0,0,0,7,6,93,773,1.5,270,0.18
2004,10,5,0,0,0,0,7,5,87,773,2.6,300,0.18
2004,10,5,1,0,0,0,6,4,87,771,1.5,30,0.18
2004,10,5,2,0,0,0,5,4,93,770,2.6,10,0.18
2004,10,5,3,0,0,0,2,1,93,767,0,0,0.18
2004,10,5,4,0,0,0,2,2,100,768,3.6,280,0.18
2004,10,5,5,0,0,0,3,2,93,769,4.1,260,0.18
2004,10,5,6,0,82,0,3,2,93,770,2.1,260,0.18
2004,10,5,7,140,509,40,4,3,93,771,2.6,250,0.18
2004,10,5,8,374,813,65,7,4,81,773,3.1,270,0.18
2004,10,5,9,562,809,129,11,4,62,775,2.1,330,0.18
2004,10,5,10,479,296,287,13,2,47,776,5.7,30,0.18
2004,10,5,11,469,179,340,13,4,54,776,1.5,10,0.18
2004,10,5,12,147,0,147,12,4,58,776,2.6,350,0.18
2004,10,5,13,747,645,300,14,2,44,776,2.6,330,0.18
2004,10,5,14,654,766,191,16,2,39,777,7.2,330,0.18
2004,10,5,15,186,19,177,15,1,39,777,4.1,290,0.18
2004,10,5,16,326,583,151,14,-1,35,777,4.1,330,0.18
2004,10,5,17,0,0,0,13,-2,35,776,5.7,320,0.18
2004,10,5,18,0,0,0,11,-2,39,776,4.1,300,0.18
2004,10,5,19,0,0,0,6,1,70,773,1.5,80,0.18
2004,10,5,20,0,0,0,3,1,87,771,3.1,240,0.18
2004,10,5,21,0,0,0,4,1,81,771,2.6,240,0.18
2004,10,5,22,0,0,0,2,0,87,770,1.5,230,0.18
2004,10,5,23,0,0,0,2,-1,80,770,4.6,270,0.18
2004,10,6,0,0,0,0,1,-2,79,769,2.6,260,0.18
2004,10,6,1,0,0,0,0,-2,85,768,4.1,280,0.18
2004,10,6,2,0,0,0,-1,-2,92,767,3.6,260,0.18
2004,10,6,3,0,0,0,-1,-3,85,767,0,0,0.18
2004,10,6,4,0,0,0,-2,-4,85,767,0,0,0.18
2004,10,6,5,0,0,0,-2,-4,85,767,2.1,230,0.18
2004,10,6,6,0,0,0,-1,-3,85,768,1.5,300,0.18
2004,10,6,7,155,659,28,4,0,75,772,0,0,0.18
2004,10,6,8,350,824,40,9,-1,49,776,4.1,30,0.18
2004,10,6,9,556,907,74,12,-1,40,778,4.6,30,0.18
2004,10,6,10,691,988,52,14,-3,30,779,5.7,20,0.18
2004,10,6,11,762,896,122,16,-4,24,780,3.1,30,0.18
2004,10,6,12,711,675,220,15,-4,26,779,5.1,360,0.18
2004,10,6,13,742,894,125,16,-6,20,779,2.1,340,0.18
2004,10,6,14,649,971,67,17,-6,19,780,4.1,310,0.18
2004,10,6,15,505,942,67,16,-6,20,779,5.1,280,0.18
2004,10,6,16,330,941,53,16,-7,19,779,5.1,280,0.18
2004,10,6,17,0,0,0,13,-7,23,778,5.1,300,0.18
2004,10,6,18,0,0,0,11,-7,26,777,3.6,300,0.18
2004,10,6,19,0,0,0,7,-6,37,775,3.6,50,0.18
2004,10,6,20,0,0,0,4,-5,49,772,0,0,0.18
2004,10,6,21,0,0,0,3,-4,58,771,1.5,210,0.18
2004,10,6,22,0,0,0,-1,-4,78,768,3.1,260,0.18
2004,10,6,23,0,0,0,1,-4,67,770,2.6,260,0.18
2004,10,7,0,0,0,0,0,-4,72,769,3.1,250,0.18
2004,10,7,1,0,0,0,0,-4,72,769,4.6,270,0.18
2004,10,7,2,0,0,0,-1,-5,71,768,3.1,280,0.18
2004,10,7,3,0,0,0,-1,-5,71,768,3.6,270,0.18
2004,10,7,4,0,0,0,-1,-5,71,769,2.6,290,0.18
2004,10,7,5,0,0,0,-2,-5,78,769,4.6,270,0.18
2004,10,7,6,0,0,0,-1,-5,71,771,4.1,280,0.18
2004,10,7,7,153,657,29,4,-3,59,775,3.1,270,0.18
2004,10,7,8,344,812,42,9,-4,38,778,1.5,360,0.18
2004,10,7,9,535,907,57,14,-6,23,781,1.5,330,0.18
2004,10,7,10,668,917,80,16,-6,20,782,3.6,250,0.18
2004,10,7,11,779,962,97,17,-6,19,783,2.1,280,0.18
2004,10,7,12,798,1012,65,18,-6,18,783,4.1,300,0.18
2004,10,7,13,755,1010,64,18,-6,18,782,2.1,300,0.18
2004,10,7,14,657,990,68,19,-6,17,783,6.7,290,0.18
2004,10,7,15,499,956,60,19,-6,17,783,6.7,300,0.18
2004,10,7,16,303,940,31,18,-4,21,782,4.1,150,0.18
2004,10,7,17,0,0,0,14,-4,27,781,5.7,150,0.18
2004,10,7,18,0,0,0,11,-4,33,780,4.6,150,0.18
2004,10,7,19,0,0,0,7,-3,48,777,2.1,240,0.18
2004,10,7,20,0,0,0,5,-3,55,776,1.5,230,0.18
2004,10,7,21,0,0,0,4,-2,64,774,3.1,260,0.18
2004,10,7,22,0,0,0,3,-2,68,774,2.1,300,0.18
2004,10,7,23,0,0,0,2,-3,67,773,3.1,260,0.18
2004,10,8,0,0,0,0,2,-3,67,773,2.1,270,0.18
2004,10,8,1,0,0,0,2,-3,67,773,4.6,270,0.18
2004,10,8,2,0,0,0,1,-3,72,772,4.1,270,0.18
2004,10,8,3,0,0,0,1,-3,72,773,4.6,270,0.18
2004,10,8,4,0,0,0,0,-4,72,772,3.6,270,0.18
2004,10,8,5,0,0,0,-1,-4,78,772,1.5,280,0.18
2004,10,8,6,0,0,0,0,-4,72,774,4.6,270,0.18
2004,10,8,7,149,654,27,5,-2,59,778,3.1,270,0.18
2004,10,8,8,339,806,42,11,-3,36,782,0,0,0.18
2004,10,8,9,535,895,66,15,-3,28,784,0,0,0.18
2004,10,8,10,662,911,81,17,-3,25,785,5.1,130,0.18
2004,10,8,11,768,956,94,18,-5,19,785,5.7,180,0.18
2004,10,8,12,767,934,96,18,-4,21,784,6.2,150,0.18
2004,10,8,13,749,1004,67,18,-4,21,784,4.6,150,0.18
2004,10,8,14,651,990,67,18,-4,21,784,3.6,160,0.18
2004,10,8,15,493,945,64,18,-3,23,783,5.7,150,0.18
2004,10,8,16,307,938,41,17,-3,25,783,5.1,160,0.18
2004,10,8,17,52,490,7,14,-3,30,782,3.1,170,0.18
2004,10,8,18,0,0,0,9,-3,41,779,0,0,0.18
2004,10,8,19,0,0,0,6,-3,51,777,0,0,0.18
2004,10,8,20,0,0,0,1,-4,67,773,1.5,240,0.18
2004,10,8,21,0,0,0,2,-3,67,772,3.1,250,0.18
2004,10,8,22,0,0,0,0,-4,72,770,2.1,260,0.18
2004,10,8,23,0,0,0,-1,-4,78,769,2.1,250,0.18
2004,10,9,0,0,0,0,0,-4,72,769,2.6,260,0.18
2004,10,9,1,0,0,0,-1,-4,78,769,1.5,250,0.18
2004,10,9,2,0,0,0,-3,-5,84,767,2.1,240,0.18
2004,10,9,3,0,0,0,-2,-4,85,767,2.6,240,0.18
2004,10,9,4,0,0,0,0,-4,72,769,3.6,270,0.18
2004,10,9,5,0,0,0,-2,-4,85,768,3.1,260,0.18
2004,10,9,6,0,0,0,-4,-6,84,767,2.6,250,0.18
2004,10,9,7,141,520,46,4,-3,59,773,2.6,260,0.18
2004,10,9,8,270,352,141,13,-3,32,778,4.1,140,0.18
2004,10,9,9,524,785,116,14,-3,30,778,5.7,130,0.18
2004,10,9,10,673,946,74,16,-4,24,779,6.7,130,0.18
2004,10,9,11,768,1004,65,17,-3,25,779,7.7,140,0.18
2004,10,9,12,786,922,127,17,-3,25,778,6.2,130,0.18
2004,10,9,13,666,737,169,19,-7,15,778,7.7,170,0.18
2004,10,9,14,575,762,130,18,-8,15,778,7.7,170,0.18
2004,10,9,15,369,418,181,17,-7,17,777,6.2,200,0.18
2004,10,9,16,279,642,99,17,-6,19,776,4.1,170,0.18
2004,10,9,17,44,325,16,13,-3,32,774,3.1,150,0.18
2004,10,9,18,0,0,0,13,-3,32,775,3.1,140,0.18
2004,10,9,19,0,0,0,12,-3,34,772,4.1,140,0.18
2004,10,9,20,0,0,0,9,-2,45,769,1.5,160,0.18
2004,10,9,21,0,0,0,7,-3,48,768,2.1,260,0.18
2004,10,9,22,0,0,0,4,-3,59,766,2.1,240,0.18
2004,10,9,23,0,0,0,4,-3,59,765,2.1,260,0.18
2004,10,10,0,0,0,0,2,-4,62,764,0,0,0.18
2004,10,10,1,0,0,0,1,-4,67,763,2.1,220,0.18
2004,10,10,2,0,0,0,0,-3,78,762,2.1,240,0.18
2004,10,10,3,0,0,0,1,-3,72,763,2.1,250,0.18
2004,10,10,4,0,0,0,0,-3,78,762,0,0,0.18
2004,10,10,5,0,0,0,-1,-4,78,762,1.5,240,0.18
2004,10,10,6,0,0,0,0,-3,78,763,2.1,240,0.18
2004,10,10,7,22,0,22,5,-1,64,767,0,0,0.18
2004,10,10,8,55,0,55,10,-2,42,771,4.1,140,0.18
2004,10,10,9,83,0,83,11,-2,39,772,2.6,140,0.18
2004,10,10,10,111,0,111,9,2,61,772,3.1,160,0.18
2004,10,10,11,123,0,123,7,4,81,771,3.1,150,0.18
2004,10,10,12,166,0,166,7,5,87,770,5.7,30,0.18
2004,10,10,13,517,353,281,8,4,76,771,4.6,60,0.18
2004,10,10,14,451,297,279,8,4,76,771,5.1,40,0.18
2004,10,10,15,252,97,210,8,4,76,771,4.6,40,0.18
2004,10,10,16,181,134,145,8,4,76,771,4.1,40,0.18
2004,10,10,17,27,66,21,7,3,76,771,3.1,60,0.18
2004,10,10,18,0,0,0,5,3,87,770,2.1,90,0.18
2004,10,10,19,0,0,0,4,3,93,769,2.6,70,0.18
2004,10,10,20,0,0,0,3,2,93,767,1.5,20,0.18
2004,10,10,21,0,0,0,2,2,100,766,2.1,20,0.18
2004,10,10,22,0,0,0,1,0,93,766,2.1,340,0.18
2004,10,10,23,0,0,0,3,2,93,768,5.1,40,0.18
2004,10,11,0,0,0,0,3,3,100,768,3.1,20,0.18
2004,10,11,1,0,0,0,3,3,100,768,3.1,360,0.18
2004,10,11,2,0,0,0,3,3,100,768,3.1,360,0.18
2004,10,11,3,0,0,0,4,3,93,768,2.6,360,0.18
2004,10,11,4,0,0,0,4,3,93,769,5.1,30,0.18
2004,10,11,5,0,0,0,4,3,93,769,3.6,50,0.18
2004,10,11,6,0,0,0,4,3,93,770,5.7,50,0.18
2004,10,11,7,22,0,22,4,3,93,771,4.6,40,0.18
2004,10,11,8,77,0,77,4,4,100,771,5.7,50,0.18
2004,10,11,9,150,0,150,5,4,93,772,6.7,40,0.18
2004,10,11,10,184,6,180,6,4,87,773,4.6,30,0.18
2004,10,11,11,229,12,220,7,4,81,773,5.1,40,0.18
2004,10,11,12,664,585,252,9,4,71,774,3.6,50,0.18
2004,10,11,13,615,646,186,10,5,71,774,3.6,40,0.18
2004,10,11,14,529,651,155,12,3,54,775,3.1,40,0.18
2004,10,11,15,444,729,123,11,5,66,775,5.1,40,0.18
2004,10,11,16,300,741,100,12,4,58,775,3.1,50,0.18
2004,10,11,17,41,353,14,8,4,76,774,4.6,50,0.18
2004,10,11,18,0,0,0,7,4,81,773,3.1,40,0.18
2004,10,11,19,0,0,0,5,3,87,773,2.6,40,0.18
2004,10,11,20,0,0,0,4,3,93,773,2.1,340,0.18
2004,10,11,21,0,0,0,2,1,93,772,2.1,330,0.18
2004,10,11,22,0,0,0,1,0,93,771,2.6,270,0.18
2004,10,11,23,0,0,0,1,0,93,771,0,0,0.18
2004,10,12,0,0,0,0,0,-1,92,770,2.6,270,0.18
2004,10,12,1,0,0,0,0,-1,92,770,2.1,290,0.18
2004,10,12,2,0,0,0,-1,-2,92,769,2.6,300,0.18
2004,10,12,3,0,0,0,-2,-2,100,769,2.6,280,0.18
2004,10,12,4,0,0,0,-1,-2,92,769,4.1,260,0.18
2004,10,12,5,0,0,0,-1,-2,92,770,3.6,270,0.18
2004,10,12,6,0,0,0,-1,-2,92,771,2.6,270,0.18
2004,10,12,7,127,603,23,3,1,87,774,2.1,270,0.18
2004,10,12,8,340,853,38,7,3,76,776,2.6,30,0.18
2004,10,12,9,527,940,50,10,4,66,778,3.1,50,0.18
2004,10,12,10,667,993,50,13,4,54,780,2.6,30,0.18
2004,10,12,11,762,1015,64,14,0,38,780,2.1,360,0.18
2004,10,12,12,781,970,101,16,-2,28,780,3.6,330,0.18
2004,10,12,13,680,835,129,17,-3,25,780,4.1,360,0.18
2004,10,12,14,592,862,102,16,-1,31,780,1.5,310,0.18
2004,10,12,15,414,666,125,16,-2,28,780,3.1,260,0.18
2004,10,12,16,293,732,100,16,-2,28,780,0,0,0.18
2004,10,12,17,37,336,13,13,1,44,778,1.5,20,0.18
2004,10,12,18,0,0,0,11,-1,43,777,3.1,330,0.18
2004,10,12,19,0,0,0,7,-1,56,775,2.1,240,0.18
2004,10,12,20,0,0,0,4,-1,69,773,2.1,210,0.18
2004,10,12,21,0,0,0,2,-1,80,771,1.5,320,0.18
2004,10,12,22,0,0,0,1,-2,79,770,4.1,260,0.18
2004,10,12,23,0,0,0,3,-2,68,771,4.6,270,0.18
2004,10,13,0,0,0,0,1,-2,79,769,0,0,0.18
2004,10,13,1,0,0,0,2,-2,73,770,4.1,280,0.18
2004,10,13,2,0,0,0,1,-3,72,769,2.1,320,0.18
2004,10,13,3,0,0,0,1,-2,79,769,0,0,0.18
2004,10,13,4,0,0,0,2,-1,80,770,4.6,10,0.18
2004,10,13,5,0,0,0,3,-1,74,771,5.7,340,0.18
2004,10,13,6,0,0,0,3,-1,74,772,2.1,330,0.18
2004,10,13,7,125,629,19,6,-1,60,775,2.6,320,0.18
2004,10,13,8,326,835,33,8,-1,52,777,6.7,360,0.18
2004,10,13,9,511,911,52,9,-1,49,778,8.2,10,0.18
2004,10,13,10,650,969,52,11,-3,36,779,9.3,30,0.18
2004,10,13,11,744,998,63,13,-3,32,780,7.7,10,0.18
2004,10,13,12,762,964,92,13,-4,29,780,7.7,350,0.18
2004,10,13,13,681,853,122,14,-8,19,780,9.8,10,0.18
2004,10,13,14,628,956,89,15,-12,13,780,8.7,20,0.18
2004,10,13,15,463,946,58,15,-15,10,780,7.2,360,0.18
2004,10,13,16,263,791,58,14,-17,9,780,5.7,360,0.18
2004,10,13,17,30,351,7,10,-16,12,778,5.1,10,0.18
2004,10,13,18,0,0,0,7,-8,31,777,1.5,30,0.18
2004,10,13,19,0,0,0,1,-11,36,773,1.5,260,0.18
2004,10,13,20,0,0,0,-1,-9,50,772,2.1,230,0.18
2004,10,13,21,0,0,0,0,-8,51,772,3.1,260,0.18
2004,10,13,22,0,0,0,1,-7,51,773,3.1,260,0.18
2004,10,13,23,0,0,0,-1,-7,60,771,4.1,270,0.18
2004,10,14,0,0,0,0,-2,-6,71,770,2.6,260,0.18
2004,10,14,1,0,0,0,-4,-7,77,768,0,0,0.18
2004,10,14,2,0,0,0,-2,-6,71,769,1.5,360,0.18
2004,10,14,3,0,0,0,-4,-7,77,768,2.1,350,0.18
2004,10,14,4,0,0,0,2,-4,62,772,5.1,310,0.18
2004,10,14,5,0,0,0,2,-4,62,773,4.6,320,0.18
2004,10,14,6,0,0,0,3,-5,53,774,6.2,310,0.18
2004,10,14,7,124,640,18,7,-5,40,777,6.7,340,0.18
2004,10,14,8,329,862,30,11,-7,26,780,4.6,350,0.18
2004,10,14,9,511,847,87,12,-7,24,780,5.1,20,0.18
2004,10,14,10,572,662,167,14.9,-6.5,21,781,5.1,30,0.18
2004,10,14,11,733,902,121,17,-6,19,781,5.1,40,0.18
2004,10,14,12,738,934,93,18,-4,21,781,3.6,330,0.18
2004,10,14,13,655,792,140,18,-4,21,781,5.1,280,0.18
2004,10,14,14,601,944,73,19.4,-3.9,20,781,5.9,290,0.18
2004,10,14,15,457,960,50,19,-4,20,781,6.7,290,0.18
2004,10,14,16,280,928,44,16,-5,22,778,4.6,290,0.18
2004,10,14,17,30,396,5,14,-5,25,777,4.6,300,0.18
2004,10,14,18,0,0,0,11,-5,31,776,0,0,0.18
2004,10,14,19,0,0,0,8,-6,34,774,1.5,230,0.18
2004,10,14,20,0,0,0,5.8,-5.5,42,772,2.3,260,0.18
2004,10,14,21,0,0,0,4,-5,49,771,3.1,280,0.18
2004,10,14,22,0,0,0,2.7,-5.1,54,770,2.6,290,0.18
2004,10,14,23,0,0,0,2,-5,57,768,2.1,300,0.18
2004,10,15,0,0,0,0,1,-5,61,767,2.6,270,0.18
2004,10,15,1,0,0,0,2,-5,57,768,2.1,280,0.18
2004,10,15,2,0,0,0,2,-5,57,767,3.6,260,0.18
2004,10,15,3,0,0,0,0,-6,60,766,0,0,0.18
2004,10,15,4,0,0,0,0,-5,66,766,2.6,280,0.18
2004,10,15,5,0,0,0,2,-5,57,767,4.6,280,0.18
2004,10,15,6,0,0,0,-1,-6,66,766,1.5,260,0.18
2004,10,15,7,125,660,19,6,-4,47,771,1.5,360,0.18
2004,10,15,8,328,850,36,11,-4,33,774,0,0,0.18
2004,10,15,9,490,852,67,16,-7,19,777,4.6,290,0.18
2004,10,15,10,644,945,69,17,-7,17,777,3.6,290,0.18
2004,10,15,11,733,998,61,18,-7,16,778,5.1,300,0.18
2004,10,15,12,751,959,93,19,-8,14,778,7.2,280,0.18
2004,10,15,13,656,811,133,19,-7,15,777,6.7,310,0.18
2004,10,15,14,602,951,75,20,-9,12,777,7.2,310,0.18
2004,10,15,15,451,955,51,19,-9,13,776,7.2,280,0.18
2004,10,15,16,273,929,42,18,-9,14,776,7.2,300,0.18
2004,10,15,17,26,380,4,14,-8,19,774,3.6,320,0.18
2004,10,15,18,0,0,0,7,-8,31,771,3.1,260,0.18
2004,10,15,19,0,0,0,7,-8,31,770,3.6,250,0.18
2004,10,15,20,0,0,0,3,-8,41,767,0,0,0.18
2004,10,15,21,0,0,0,0,-8,51,764,3.6,220,0.18
2004,10,15,22,0,0,0,8,-8,29,768,0,0,0.18
2004,10,15,23,0,0,0,6,-8,33,766,3.1,300,0.18
2004,10,16,0,0,0,0,5,-8,36,766,2.1,290,0.18
2004,10,16,1,0,0,0,1.9,-8,44,764,2.4,280,0.18
2004,10,16,2,0,0,0,-1,-8,55,762,2.6,270,0.18
2004,10,16,3,0,0,0,-3,-9,60,760,2.1,250,0.18
2004,10,16,4,0,0,0,-5,-9,71,760,2.1,250,0.18
2004,10,16,5,0,0,0,-4,-9,65,761,2.6,240,0.18
2004,10,16,6,0,0,0,-5,-9,71,762,1.5,220,0.18
2004,10,16,7,112,590,18,2,-7,48,766,0,0,0.18
2004,10,16,8,314,638,97,13,-8,21,773,2.6,300,0.18
2004,10,16,9,278,104,227,16,-9,16,775,7.7,240,0.18
2004,10,16,10,172,6,169,14,-8,19,772,5.1,150,0.18
2004,10,16,11,240,6,236,15,-9,17,773,7.2,220,0.18
2004,10,16,12,246,12,238,16,-9,16,773,8.2,230,0.18
2004,10,16,13,227,6,224,16,-9,16,773,7.7,230,0.18
2004,10,16,14,196,6,193,16,-9,16,774,6.7,240,0.18
2004,10,16,15,146,0,146,16,-9,16,774,6.2,230,0.18
2004,10,16,16,89,0,89,14.8,-9.4,16,773,5.5,210,0.18
2004,10,16,17,8,0,8,10.9,-9.5,21,772,4.8,200,0.18
2004,10,16,18,0,0,0,7,-10,26,770,4.1,180,0.18
2004,10,16,19,0,0,0,9,-9,25,770,3.1,170,0.18
2004,10,16,20,0,0,0,8,-8,29,767,3.6,140,0.18
2004,10,16,21,0,0,0,3,-8,41,764,0,0,0.18
2004,10,16,22,0,0,0,-1,-8,55,762,2.1,260,0.18
2004,10,16,23,0,0,0,7,-7,34,765,5.7,160,0.18
2004,10,17,0,0,0,0,4,-7,42,763,4.6,150,0.18
2004,10,17,1,0,0,0,5,-6,42,764,4.1,130,0.18
2004,10,17,2,0,0,0,2,-6,52,761,2.1,150,0.18
2004,10,17,3,0,0,0,3,-4,58,762,4.1,150,0.18
2004,10,17,4,0,0,0,4,-2,64,762,4.6,140,0.18
2004,10,17,5,0,0,0,2.5,-2.1,70,763,4.7,140,0.18
2004,10,17,6,0,0,0,1.5,-2.3,74,764,4.8,150,0.18
2004,10,17,7,38,0,38,3.6,-1.1,71,765,4.9,150,0.18
2004,10,17,8,107,0,107,6.6,-0.7,59,766,5,160,0.18
2004,10,17,9,170,6,167,8,-1,52,766,5.1,160,0.18
2004,10,17,10,216,6,213,6,3,81,766,6.2,220,0.18
2004,10,17,11,234,12,227,10,0,50,766,6.7,210,0.18
2004,10,17,12,240,6,236,9,-1,49,765,6.2,250,0.18
2004,10,17,13,228,12,220,10,-2,42,766,8.2,240,0.18
2004,10,17,14,422,342,235,10.4,-1.4,43,766,7.5,240,0.18
2004,10,17,15,73,0,73,9,-1,49,766,6.7,240,0.18
2004,10,17,16,39,0,39,8,-1,52,765,6.2,220,0.18
2004,10,17,17,3,0,3,7,-1,56,765,4.1,200,0.18
2004,10,17,18,0,0,0,6,2,75,764,3.1,210,0.18
2004,10,17,19,0,0,0,6,2,75,763,4.1,180,0.18
2004,10,17,20,0,0,0,5,2,81,762,3.6,150,0.18
2004,10,17,21,0,0,0,4,3,93,761,1.5,220,0.18
2004,10,17,22,0,0,0,4,2,87,762,4.1,180,0.18
2004,10,17,23,0,0,0,4,2,87,761,2.1,180,0.18
2004,10,18,0,0,0,0,4,3,93,761,3.1,150,0.18
2004,10,18,1,0,0,0,5,2,81,761,5.7,230,0.18
2004,10,18,2,0,0,0,4,3,93,761,3.6,140,0.18
2004,10,18,3,0,0,0,4,1,81,761,4.1,240,0.18
2004,10,18,4,0,0,0,4,1,81,761,4.1,230,0.18
2004,10,18,5,0,0,0,3,0,81,761,5.1,200,0.18
2004,10,18,6,0,0,0,3,-1,74,762,3.6,240,0.18
2004,10,18,7,106,587,17,4,0,75,763,6.2,220,0.18
2004,10,18,8,281,664,60,6,0,65,765,6.7,220,0.18
2004,10,18,9,499,793,114,6,0,65,765,5.7,230,0.18
2004,10,18,10,571,531,255,7,2,70,765,4.1,130,0.18
2004,10,18,11,117,0,117,7,1,66,766,4.1,170,0.18
2004,10,18,12,604,543,239,8,-1,52,766,4.1,240,0.18
2004,10,18,13,111,0,111,9,-2,45,765,4.6,200,0.18
2004,10,18,14,514,473,259,10,0,50,766,6.7,210,0.18
2004,10,18,15,409,882,52,8,-1,52,766,6.2,240,0.18
2004,10,18,16,238,748,62,7,1,66,765,5.7,220,0.18
2004,10,18,17,16,267,4,6,1,70,765,5.7,230,0.18
2004,10,18,18,0,0,0,5,1,75,765,3.6,170,0.18
2004,10,18,19,0,0,0,4,3,93,764,3.6,140,0.18
2004,10,18,20,0,0,0,4,2,87,764,3.1,170,0.18
2004,10,18,21,0,0,0,4,2,87,764,4.6,190,0.18
2004,10,18,22,0,0,0,4,1,81,763,5.1,180,0.18
2004,10,18,23,0,0,0,3,3,100,762,4.1,140,0.18
2004,10,19,0,0,0,0,3,3,100,762,4.6,140,0.18
2004,10,19,1,0,0,0,4,2,87,763,2.1,160,0.18
2004,10,19,2,0,0,0,4,3,93,762,2.6,140,0.18
2004,10,19,3,0,0,0,3,2,93,761,3.1,180,0.18
2004,10,19,4,0,0,0,4,2,87,762,2.1,110,0.18
2004,10,19,5,0,0,0,4,3,93,763,4.1,140,0.18
2004,10,19,6,0,0,0,4,3,93,764,4.6,150,0.18
2004,10,19,7,17,0,17,4,3,93,764,3.6,130,0.18
2004,10,19,8,49,0,49,4,3,93,765,3.6,130,0.18
2004,10,19,9,123,0,123,4,3,93,765,3.6,160,0.18
2004,10,19,10,111,0,111,5,4,93,766,5.1,150,0.18
2004,10,19,11,117,0,117,5,3,87,765,4.1,150,0.18
2004,10,19,12,117,0,117,6,3,81,766,6.7,160,0.18
2004,10,19,13,111,0,111,6,2,75,765,5.1,170,0.18
2004,10,19,14,141,0,141,6,1,70,765,5.1,200,0.18
2004,10,19,15,148,0,148,7,2,70,765,4.6,180,0.18
2004,10,19,16,149,185,106,5,2,81,764,6.2,170,0.18
2004,10,19,17,9,63,6,4,3,93,764,5.7,170,0.18
2004,10,19,18,0,0,0,4,4,100,764,5.7,170,0.18
2004,10,19,19,0,0,0,4,4,100,764,4.6,150,0.18
2004,10,19,20,0,0,0,4,4,100,764,5.7,140,0.18
2004,10,19,21,0,0,0,5,4,93,764,7.7,160,0.18
2004,10,19,22,0,0,0,6,4,87,764,11.3,170,0.18
2004,10,19,23,0,0,0,5,4,93,763,8.2,160,0.18
2004,10,20,0,0,0,0,5,4,93,763,7.2,170,0.18
2004,10,20,1,0,0,0,5,4,93,763,8.2,170,0.18
2004,10,20,2,0,0,0,5,4,93,763,5.7,150,0.18
2004,10,20,3,0,0,0,5,4,93,763,5.7,150,0.18
2004,10,20,4,0,0,0,5,4,93,763,8.2,160,0.18
2004,10,20,5,0,0,0,5,4,93,764,9.3,160,0.18
2004,10,20,6,0,0,0,5,4,93,764,7.7,150,0.18
2004,10,20,7,17,0,17,6,4,87,764,12.9,170,0.18
2004,10,20,8,164,99,132,6,4,87,765,8.2,170,0.18
2004,10,20,9,185,12,179,6,4,87,764,11.3,160,0.18
2004,10,20,10,144,0,144,6,4,87,764,9.8,160,0.18
2004,10,20,11,111,0,111,6.1,4.4,89,764,9.3,160,0.18
2004,10,20,12,228,6,224,6,5,93,763,8.7,160,0.18
2004,10,20,13,124,0,124,6,5,93,763,8.2,160,0.18
2004,10,20,14,170,0,170,7,5,87,763,9.3,170,0.18
2004,10,20,15,149,0,149,7,6,93,763,5.1,170,0.18
2004,10,20,16,42,0,42,7,5,87,763,7.2,170,0.18
2004,10,20,17,2,0,2,6,5,93,763,4.6,180,0.18
2004,10,20,18,0,0,0,6,4,87,763,6.7,160,0.18
2004,10,20,19,0,0,0,6,4,87,763,5.7,190,0.18
2004,10,20,20,0,0,0,6,4,87,763,4.1,170,0.18
2004,10,20,21,0,0,0,6,3,81,764,8.2,210,0.18
2004,10,20,22,0,0,0,3,2,93,762,0,0,0.18
2004,10,20,23,0,0,0,3,2,93,762,3.6,190,0.18
2004,10,21,0,0,0,0,3,3,100,762,5.7,140,0.18
2004,10,21,1,0,0,0,3,3,100,762,2.1,150,0.18
2004,10,21,2,0,0,0,4,3,93,762,0,0,0.18
2004,10,21,3,0,0,0,3,2,93,761,3.1,260,0.18
2004,10,21,4,0,0,0,3,2,93,762,2.6,220,0.18
2004,10,21,5,0,0,0,3,2,93,761,1.5,280,0.18
2004,10,21,6,0,0,0,2,2,100,761,1.5,340,0.18
2004,10,21,7,16,0,16,2,1,93,761,0,0,0.18
2004,10,21,8,49,0,49,2,1,93,761,5.7,140,0.18
2004,10,21,9,77,0,77,1,1,100,761,3.6,170,0.18
2004,10,21,10,100,0,100,1,1,100,761,2.1,170,0.18
2004,10,21,11,129,0,129,1,0,93,761,0,0,0.18
2004,10,21,12,117,0,117,2,1,93,761,0,0,0.18
2004,10,21,13,104,0,104,2,1,93,760,2.1,270,0.18
2004,10,21,14,92,0,92,1,0,93,759,0,0,0.18
2004,10,21,15,66,0,66,0,-1,92,758,2.1,10,0.18
2004,10,21,16,57,0,57,0,-1,92,757,2.6,340,0.18
2004,10,21,17,3,0,3,0,0,100,757,0,0,0.18
2004,10,21,18,0,0,0,0,0,100,758,1.5,230,0.18
2004,10,21,19,0,0,0,0,-1,92,757,2.6,290,0.18
2004,10,21,20,0,0,0,0,-1,92,756,0,0,0.18
2004,10,21,21,0,0,0,0,0,100,758,5.1,230,0.18
2004,10,21,22,0,0,0,0,-1,92,758,2.6,210,0.18
2004,10,21,23,0,0,0,-1,-1,100,758,2.6,150,0.18
2004,10,22,0,0,0,0,-1,-2,92,758,2.1,200,0.18
2004,10,22,1,0,0,0,-1,-2,92,758,2.6,220,0.18
2004,10,22,2,0,0,0,-1,-2,92,759,2.1,160,0.18
2004,10,22,3,0,0,0,-1,-2,92,759,1.5,190,0.18
2004,10,22,4,0,0,0,-1,-2,92,760,0,0,0.18
2004,10,22,5,0,0,0,-1,-2,92,760,3.6,260,0.18
2004,10,22,6,0,0,0,-1,-2,92,761,2.6,260,0.18
2004,10,22,7,30,0,30,0,-2,85,762,3.6,250,0.18
2004,10,22,8,207,281,118,0,-2,85,764,2.1,280,0.18
2004,10,22,9,77,0,77,1,-1,86,765,2.1,270,0.18
2004,10,22,10,626,661,243,1,-1,86,765,4.1,300,0.18
2004,10,22,11,152,0,152,1,-2,79,765,3.6,310,0.18
2004,10,22,12,728,664,294,2,-1,80,766,3.6,310,0.18
2004,10,22,13,673,1002,60,2,-1,80,766,6.2,310,0.18
2004,10,22,14,567,749,178,3,-1,74,767,4.1,310,0.18
2004,10,22,15,208,198,132,2,-2,73,766,5.7,320,0.18
2004,10,22,16,263,532,147,2,-2,73,767,4.1,290,0.18
2004,10,22,17,10,151,6,1,-2,79,766,2.6,300,0.18
2004,10,22,18,0,0,0,1,-2,79,767,1.5,250,0.18
2004,10,22,19,0,0,0,-1,-2,92,766,2.1,280,0.18
2004,10,22,20,0,0,0,-2,-2.4,97,766,2.2,280,0.18
2004,10,22,21,0,0,0,-2.6,-2.9,98,766,2.4,280,0.18
2004,10,22,22,0,0,0,-3.1,-3.5,97,765,2.5,280,0.18
2004,10,22,23,0,0,0,-3,-4,92,765,2.6,280,0.18
2004,10,23,0,0,0,0,-2.8,-3.9,91,765,2.4,280,0.18
2004,10,23,1,0,0,0,-3,-4,92,765,2.1,290,0.18
2004,10,23,2,0,0,0,-3,-5,84,765,3.1,290,0.18
2004,10,23,3,0,0,0,-4,-5,92,764,3.6,240,0.18
2004,10,23,4,0,0,0,-4,-6,84,764,3.1,260,0.18
2004,10,23,5,0,0,0,-5,-6,92,764,0,0,0.18
2004,10,23,6,0,0,0,-5,-7,84,764,0,0,0.18
2004,10,23,7,61,134,43,-3,-5,84,766,0,0,0.18
2004,10,23,8,224,363,110,-1,-2,92,767,5.1,130,0.18
2004,10,23,9,291,156,219,0,-1,92,768,4.1,150,0.18
2004,10,23,10,432,336,239,0,-1,92,768,5.1,140,0.18
2004,10,23,11,697,854,153,2,0,87,769,5.7,140,0.18
2004,10,23,12,722,1014,64,3,1,87,768,4.1,150,0.18
2004,10,23,13,673,1008,61,4,1,81,768,4.1,150,0.18
2004,10,23,14,561,980,56,5,2,81,768,5.1,170,0.18
2004,10,23,15,419,963,52,6,0,65,769,5.1,150,0.18
2004,10,23,16,255,917,60,5,-1,64,768,3.1,170,0.18
2004,10,23,17,8,245,2,3,-1,74,767,3.6,190,0.18
2004,10,23,18,0,0,0,3,-1,74,767,2.6,200,0.18
2004,10,23,19,0,0,0,2,-1,80,767,2.1,220,0.18
2004,10,23,20,0,0,0,2,-1,80,766,1.5,210,0.18
2004,10,23,21,0,0,0,3,0,81,766,3.1,190,0.18
2004,10,23,22,0,0,0,3,0,81,766,2.6,220,0.18
2004,10,23,23,0,0,0,2,-1,80,765,1.5,280,0.18
2004,10,24,0,0,0,0,2,-1,80,765,3.6,250,0.18
2004,10,24,1,0,0,0,3,-2,68,765,4.6,250,0.18
2004,10,24,2,0,0,0,2,-2,73,764,2.6,240,0.18
2004,10,24,3,0,0,0,2,-2,73,764,3.1,260,0.18
2004,10,24,4,0,0,0,1,-1,86,763,1.5,320,0.18
2004,10,24,5,0,0,0,1,0,93,764,1.5,60,0.18
2004,10,24,6,0,0,0,1,0,93,764,0,0,0.18
2004,10,24,7,39,31,35,1,1,100,764,0,0,0.18
2004,10,24,8,297,587,115,2,1,93,765,0,0,0.18
2004,10,24,9,214,127,156,3,1,87,766,1.5,360,0.18
2004,10,24,10,404,283,242,4,1,81,766,1.5,360,0.18
2004,10,24,11,246,24,231,5,1,75,767,0,0,0.18
2004,10,24,12,111,0,111,5,2,81,766,3.6,130,0.18
2004,10,24,13,569,452,297,5,2,81,766,4.1,170,0.18
2004,10,24,14,555,675,210,5,2,81,766,3.6,160,0.18
2004,10,24,15,109,0,109,6,2,75,767,3.6,190,0.18
2004,10,24,16,247,477,148,6,1,70,767,3.1,120,0.18
2004,10,24,17,6,119,4,3,1,87,765,2.1,140,0.18
2004,10,24,18,0,0,0,1,-1,86,765,1.5,220,0.18
2004,10,24,19,0,0,0,1,-1,86,765,0,0,0.18
2004,10,24,20,0,0,0,1,-1,86,764,2.1,250,0.18
2004,10,24,21,0,0,0,0,-1,92,764,3.1,250,0.18
2004,10,24,22,0,0,0,-1,-2,92,762,2.1,250,0.18
2004,10,24,23,0,0,0,-1,-2,92,762,2.1,240,0.18
2004,10,25,0,0,0,0,-1,-2,92,762,0,0,0.18
2004,10,25,1,0,0,0,1,-2,79,763,2.1,290,0.18
2004,10,25,2,0,0,0,0,-2,85,762,0,0,0.18
2004,10,25,3,0,0,0,0,-1,92,761,0,0,0.18
2004,10,25,4,0,0,0,0,-1,92,762,0,0,0.18
2004,10,25,5,0,0,0,2,-1,80,763,2.6,130,0.18
2004,10,25,6,0,0,0,0,-1,92,762,2.6,150,0.18
2004,10,25,7,92,592,16,2,0,87,764,1.5,230,0.18
2004,10,25,8,287,855,26,4,-1,69,765,3.1,160,0.18
2004,10,25,9,474,935,48,6,0,65,766,3.6,140,0.18
2004,10,25,10,608,1003,41,6,0,65,766,4.6,180,0.18
2004,10,25,11,686,1003,55,6,-2,55,766,4.6,170,0.18
2004,10,25,12,710,1014,62,7,-1,56,766,6.2,160,0.18
2004,10,25,13,661,1002,62,8,-1,52,766,5.7,220,0.18
2004,10,25,14,549,975,55,7,-3,48,766,5.7,210,0.18
2004,10,25,15,406,954,51,7,-2,52,765,5.7,200,0.18
2004,10,25,16,222,812,57,6,-2,55,765,4.1,200,0.18
2004,10,25,17,4,188,1,4,-1,69,764,3.6,180,0.18
2004,10,25,18,0,0,0,0,-2,85,762,2.6,170,0.18
2004,10,25,19,0,0,0,0,-2,85,762,2.6,250,0.18
2004,10,25,20,0,0,0,-1,-2,92,761,2.1,250,0.18
2004,10,25,21,0,0,0,-1,-2,92,760,2.1,240,0.18
2004,10,25,22,0,0,0,-1,-2,92,760,0,0,0.18
2004,10,25,23,0,0,0,1,-1,86,762,0,0,0.18
2004,10,26,0,0,0,0,1,-1,86,761,2.6,190,0.18
2004,10,26,1,0,0,0,1,-1,86,761,3.1,150,0.18
2004,10,26,2,0,0,0,1,-1,86,762,2.1,140,0.18
2004,10,26,3,0,0,0,1,-1,86,761,4.1,130,0.18
2004,10,26,4,0,0,0,1,0,93,761,2.6,140,0.18
2004,10,26,5,0,0,0,1,0,93,762,3.6,130,0.18
2004,10,26,6,0,0,0,1,1,100,763,3.1,140,0.18
2004,10,26,7,57,178,35,2,1,93,764,3.1,140,0.18
2004,10,26,8,282,717,65,3,1,87,765,3.6,140,0.18
2004,10,26,9,468,935,46,4,1,81,765,6.7,160,0.18
2004,10,26,10,602,1002,40,6,0,65,767,7.2,160,0.18
2004,10,26,11,680,1003,54,7,-2,52,766,7.2,160,0.18
2004,10,26,12,704,1014,60,7,0,61,766,7.2,150,0.18
2004,10,26,13,655,1003,61,7,-1,56,765,8.7,160,0.18
2004,10,26,14,550,982,57,7,-1,56,765,7.7,130,0.18
2004,10,26,15,400,956,48,7,0,61,765,6.2,130,0.18
2004,10,26,16,229,875,55,7,0,61,765,4.6,150,0.18
2004,10,26,17,3,188,1,6,1,70,765,2.6,170,0.18
2004,10,26,18,0,0,0,4,1,81,763,2.6,150,0.18
2004,10,26,19,0,0,0,4,1,81,763,3.1,140,0.18
2004,10,26,20,0,0,0,4,0,75,763,3.6,170,0.18
2004,10,26,21,0,0,0,4,0,75,763,5.1,160,0.18
2004,10,26,22,0,0,0,4,0,75,763,4.6,160,0.18
2004,10,26,23,0,0,0,3,-1,74,762,3.6,130,0.18
2004,10,27,0,0,0,0,3,-1,74,762,4.6,130,0.18
2004,10,27,1,0,0,0,3,-1,74,762,4.6,150,0.18
2004,10,27,2,0,0,0,3,-1,74,762,5.1,160,0.18
2004,10,27,3,0,0,0,3,-1,74,762,3.6,150,0.18
2004,10,27,4,0,0,0,3,-1,74,762,4.1,150,0.18
2004,10,27,5,0,0,0,4,-1,69,763,3.6,150,0.18
2004,10,27,6,0,0,0,4,1,81,763,3.6,150,0.18
2004,10,27,7,42,43,36,4,1,81,763,4.6,140,0.18
2004,10,27,8,121,27,113,4,3,93,763,5.7,130,0.18
2004,10,27,9,137,0,137,5,3,87,764,5.7,150,0.18
2004,10,27,10,94,0,94,6,3,81,765,6.7,140,0.18
2004,10,27,11,674,657,267,6,2,75,764,10.3,130,0.18
2004,10,27,12,698,1008,63,6,2,75,763,7.2,140,0.18
2004,10,27,13,649,1003,59,6.2,1.7,73,763,6.6,140,0.18
2004,10,27,14,544,983,55,6,1.6,73,762,6,140,0.18
2004,10,27,15,393,698,140,4,1.3,83,761,5.3,140,0.18
2004,10,27,16,84,0,84,3.8,1,82,761,4.7,140,0.18
2004,10,27,17,1,0,1,1,1,100,760,4.1,140,0.18
2004,10,27,18,0,0,0,1,0,93,761,4.6,150,0.18
2004,10,27,19,0,0,0,0,0,100,760,2.1,220,0.18
2004,10,27,20,0,0,0,0,-1,92,760,0,0,0.18
2004,10,27,21,0,0,0,-1,-1,100,760,2.1,150,0.18
2004,10,27,22,0,0,0,-1.3,-1.6,98,759,2.1,150,0.18
2004,10,27,23,0,0,0,-1,-2,92,759,2.1,150,0.18
2004,10,28,0,0,0,0,-1,-2,92,760,1.8,350,0.18
2004,10,28,1,0,0,0,-1,-2,92,760,1.7,360,0.18
2004,10,28,2,0,0,0,-1,-2,92,760,1.8,10,0.18
2004,10,28,3,0,0,0,-2,-2,100,759,1,360,0.18
2004,10,28,4,0,0,0,-2,-2,100,760,1.2,360,0.18
2004,10,28,5,0,0,0,-2,-2,100,760,0.8,360,0.18
2004,10,28,6,0,0,0,-2,-2,100,760,0.8,360,0.18
2004,10,28,7,14,0,14,-2,-3,92,761,1.2,350,0.18
2004,10,28,8,275,578,105,-2,-2,100,762,1.6,350,0.18
2004,10,28,9,462,934,48,-2,-2,100,761,2.6,150,0.18
2004,10,28,10,596,1002,42,-2,-2,100,761,2.6,140,0.18
2004,10,28,11,668,657,264,-1,-2,92,763,3.1,130,0.18
2004,10,28,12,111,0,111,-1,-2,92,762,5.1,140,0.18
2004,10,28,13,643,679,247,-1,-2,92,762,4.1,130,0.18
2004,10,28,14,538,977,56,-1,-2,92,762,3.6,140,0.18
2004,10,28,15,395,800,108,-1,-1,100,762,2.1,150,0.18
2004,10,28,16,157,270,105,-2,-4,85,762,2.6,260,0.18
2004,10,28,17,1,50,1,-2,-3,92,763,0,0,0.18
2004,10,28,18,0,0,0,-3,-4,92,763,1.5,330,0.18
2004,10,28,19,0,0,0,-6,-7,92,762,0,0,0.18
2004,10,28,20,0,0,0,-7,-8,92,761,0,0,0.18
2004,10,28,21,0,0,0,-5,-6,92,763,1.5,320,0.18
2004,10,28,22,0,0,0,-4,-6,84,764,1.5,320,0.18
2004,10,28,23,0,0,0,-6,-7,92,762,1.5,320,0.18
2004,10,29,0,0,0,0,-7,-8,92,762,0,0,0.18
2004,10,29,1,0,0,0,-9,-11,84,761,0,0,0.18
2004,10,29,2,0,0,0,-9,-11,84,761,0,0,0.18
2004,10,29,3,0,0,0,-8,-10,84,762,0,0,0.18
2004,10,29,4,0,0,0,-11,-12,91,761,0,0,0.18
2004,10,29,5,0,0,0,-7,-10,77,764,0,0,0.18
2004,10,29,6,0,0,0,-6,-8,84,764,0,0,0.18
2004,10,29,7,54,211,30,-6,-8,84,766,0,0,0.18
2004,10,29,8,240,517,90,-3,-6,77,769,0,0,0.18
2004,10,29,9,294,225,195,-1,-4,78,770,2.1,300,0.18
2004,10,29,10,590,849,125,-1,-6,66,770,2.6,300,0.18
2004,10,29,11,668,1003,55,1,-6,56,772,2.6,300,0.18
2004,10,29,12,686,1008,60,1,-4,67,772,0,0,0.18
2004,10,29,13,637,997,59,2,-4,62,772,1.5,350,0.18
2004,10,29,14,532,978,54,2,-5,57,772,3.6,340,0.18
2004,10,29,15,389,955,50,3,-5,53,773,2.6,10,0.18
2004,10,29,16,216,795,68,1,-3,72,772,3.6,340,0.18
2004,10,29,17,1,134,0,1,-3,72,772,3.6,300,0.18
2004,10,29,18,0,0,0,-1,-3,85,770,4.1,290,0.18
2004,10,29,19,0,0,0,-2,-4,85,770,2.6,80,0.18
2004,10,29,20,0,0,0,-5,-7,84,768,0,0,0.18
2004,10,29,21,0,0,0,-7,-8,92,767,0,0,0.18
2004,10,29,22,0,0,0,-6,-7,92,767,2.1,270,0.18
2004,10,29,23,0,0,0,-6,-7,92,767,0,0,0.18
2004,10,30,0,0,0,0,-6,-7,92,767,2.6,280,0.18
2004,10,30,1,0,0,0,-7,-8,92,766,2.1,290,0.18
2004,10,30,2,0,0,0,-7,-8,92,765,0,0,0.18
2004,10,30,3,0,0,0,-7,-9,84,765,0,0,0.18
2004,10,30,4,0,0,0,-8,-9,92,765,0,0,0.18
2004,10,30,5,0,0,0,-8,-10,84,765,0,0,0.18
2004,10,30,6,0,0,0,-8,-10,84,765,0,0,0.18
2004,10,30,7,68,538,9,-6,-8,84,767,0,0,0.18
2004,10,30,8,264,706,62,-3,-6,77,769,0,0,0.18
2004,10,30,9,339,363,181,-1,-5,71,770,0,0,0.18
2004,10,30,10,585,848,123,2,-4,62,772,1.5,30,0.18
2004,10,30,11,662,1003,54,3,-3,63,771,0,0,0.18
2004,10,30,12,680,1002,62,3,-2,68,770,3.1,130,0.18
2004,10,30,13,631,998,57,4,-2,64,771,2.6,160,0.18
2004,10,30,14,525,972,54,4,-2,64,770,3.1,110,0.18
2004,10,30,15,382,944,51,4,-2,64,770,2.6,150,0.18
2004,10,30,16,205,705,76,4,-1,69,770,2.6,150,0.18
2004,10,30,17,0,109,0,1,-2,79,768,2.6,170,0.18
2004,10,30,18,0,0,0,0.7,-2,81,768,2.9,160,0.18
2004,10,30,19,0,0,0,1,-2,79,768,3.1,150,0.18
2004,10,30,20,0,0,0,0,-2,85,767,2.6,180,0.18
2004,10,30,21,0,0,0,-2,-3,92,765,2.6,280,0.18
2004,10,30,22,0,0,0,-2,-3,92,765,1.5,200,0.18
2004,10,30,23,0,0,0,-3,-4,92,763,0,0,0.18
2004,10,31,0,0,0,0,-3,-4,92,762,1.5,320,0.18
2004,10,31,1,0,0,0,-3,-4,92,762,3.1,270,0.18
2004,10,31,2,0,0,0,-1,-4,78,763,3.6,300,0.18
2004,10,31,3,0,0,0,-3,-4,92,761,3.1,290,0.18
2004,10,31,4,0,0,0,-2,-4,85,762,4.1,280,0.18
2004,10,31,5,0,0,0,-2,-4,85,762,4.6,260,0.18
2004,10,31,6,0,0,0,-2,-4,85,763,7.2,300,0.18
2004,10,31,7,24,0,24,-1,-4,78,764,8.2,300,0.18
2004,10,31,8,259,570,98,-1,-4,78,764,8.2,300,0.18
2004,10,31,9,344,391,175,0,-6,60,766,7.2,320,0.18
2004,10,31,10,573,842,118,1,-9,43,766,7.2,320,0.18
2004,10,31,11,656,1003,52,1,-9,43,766,8.2,310,0.18
2004,10,31,12,674,1002,60,1,-8,47,766,7.7,310,0.18
2004,10,31,13,625,992,59,1,-10,40,765,7.7,330,0.18
2004,10,31,14,519,973,52,1.6,-10.2,37,765,7.7,330,0.18
2004,10,31,15,375,946,48,0.5,-10.5,39,765,7.7,330,0.18
2004,10,31,16,213,999,34,1.3,-10.9,36,764,7.7,340,0.18
2004,10,31,17,0,0,0,-0.7,-11,41,764,7.7,340,0.18
2004,10,31,18,0,0,0,-2.6,-11.5,46,764,7.7,340,0.18
2004,10,31,19,0,0,0,-4,-12,50,764,7.7,340,0.18
2004,10,31,20,0,0,0,-4,-12,50,764,7.7,350,0.18
2004,10,31,21,0,0,0,-4.2,-11.2,59,763,6.9,10,0.18
2004,10,31,22,0,0,0,-4.5,-10.5,54,763,6.1,350,0.18
2004,10,31,23,0,0,0,-4.8,-9.8,54,763,5.3,350,0.18
2002,11,1,0,0,0,0,-5,-9,84,761,4.5,20,0.18
2002,11,1,1,0,0,0,-5.3,-8.3,84,762,3.7,40,0.18
2002,11,1,2,0,0,0,-5.6,-7.6,92,760,2.9,10,0.18
2002,11,1,3,0,0,0,-6,-7,92,760,2.1,360,0.18
2002,11,1,4,0,0,0,-6,-7,92,761,3.1,20,0.18
2002,11,1,5,0,0,0,-7,-8,92,761,1.5,360,0.18
2002,11,1,6,0,0,0,-7,-8,92,761,2.1,330,0.18
2002,11,1,7,44,164,27,-6,-7,92,762,1.5,350,0.18
2002,11,1,8,220,499,80,-4,-6,84,764,2.6,40,0.18
2002,11,1,9,429,696,130,-3,-5,84,765,2.6,20,0.18
2002,11,1,10,253,112,193,-1,-4,78,767,0,0,0.18
2002,11,1,11,492,376,266,4,-2,64,769,2.1,160,0.18
2002,11,1,12,155,0,155,5,-1,64,769,5.7,140,0.18
2002,11,1,13,342,129,269,7,-2,52,770,3.6,200,0.18
2002,11,1,14,224,25,212,8,-2,48,771,5.1,220,0.18
2002,11,1,15,184,40,170,7,-3,48,771,7.2,200,0.18
2002,11,1,16,216,522,124,6,-3,51,770,4.1,260,0.18
2002,11,1,17,0,0,0,1,-4,67,768,2.1,310,0.18
2002,11,1,18,0,0,0,-1,-4,78,767,0,0,0.18
2002,11,1,19,0,0,0,-1,-4,78,767,3.1,270,0.18
2002,11,1,20,0,0,0,-3,-6,77,766,3.6,60,0.18
2002,11,1,21,0,0,0,-4,-7,77,765,2.6,10,0.18
2002,11,1,22,0,0,0,-4,-7,77,765,4.1,30,0.18
2002,11,1,23,0,0,0,-5,-7,84,763,3.1,30,0.18
2002,11,2,0,0,0,0,-6,-8,84,762,2.6,20,0.18
2002,11,2,1,0,0,0,-7,-8,92,761,3.1,20,0.18
2002,11,2,2,0,0,0,-7,-8,92,760,2.1,320,0.18
2002,11,2,3,0,0,0,-7,-9,84,761,1.5,10,0.18
2002,11,2,4,0,0,0,-8,-9,92,760,0,0,0.18
2002,11,2,5,0,0,0,-9,-10,92,761,0,0,0.18
2002,11,2,6,0,0,0,-10,-11,91,761,1.5,350,0.18
2002,11,2,7,64,551,8,-7,-9,84,763,3.1,20,0.18
2002,11,2,8,257,822,29,-3,-7,71,766,3.1,360,0.18
2002,11,2,9,439,931,43,3,-13,26,769,6.2,310,0.18
2002,11,2,10,562,936,62,4,-16,19,770,6.2,270,0.18
2002,11,2,11,621,925,70,4,-16,19,770,6.7,280,0.18
2002,11,2,12,656,972,67,5,-18,14,770,7.2,280,0.18
2002,11,2,13,593,986,36,6,-21,10,771,7.2,290,0.18
2002,11,2,14,520,955,68,6,-21,10,771,6.7,290,0.18
2002,11,2,15,370,976,37,5,-18,14,771,6.2,290,0.18
2002,11,2,16,225,1014,49,3,-14,24,771,5.1,280,0.18
2002,11,2,17,0,0,0,0,-13,32,769,4.1,320,0.18
2002,11,2,18,0,0,0,-1,-14,32,770,6.7,320,0.18
2002,11,2,19,0,0,0,-2,-14,35,769,4.1,340,0.18
2002,11,2,20,0,0,0,-2.9,-14.8,35,768,4.4,320,0.18
2002,11,2,21,0,0,0,-3,-15,35,766,4.6,290,0.18
2002,11,2,22,0,0,0,-4,-16,34,766,4.1,280,0.18
2002,11,2,23,0,0,0,-7,-16,45,764,3.6,340,0.18
2002,11,3,0,0,0,0,-7,-16,45,765,3.6,40,0.18
2002,11,3,1,0,0,0,-9,-16,53,764,2.6,350,0.18
2002,11,3,2,0,0,0,-12,-16,69,762,0,0,0.18
2002,11,3,3,0,0,0,-12,-14,83,762,0,0,0.18
2002,11,3,4,0,0,0,-11,-16,63,763,3.1,270,0.18
2002,11,3,5,0,0,0,-11,-16,63,764,0,0,0.18
2002,11,3,6,0,0,0,-13,-16,76,764,2.6,270,0.18
2002,11,3,7,60,544,7,-8,-15,53,767,5.1,20,0.18
2002,11,3,8,252,820,28,-4,-15,38,769,6.2,50,0.18
2002,11,3,9,428,914,43,-1,-17,24,771,6.7,60,0.18
2002,11,3,10,556,960,48,1,-21,14,772,4.6,40,0.18
2002,11,3,11,656,985,74,2.3,-19.9,14,771,3.1,70,0.18
2002,11,3,12,656,960,78,3,-19,15,771,1.5,110,0.18
2002,11,3,13,593,925,75,3,-16,20,771,7.2,140,0.18
2002,11,3,14,471,818,87,2,-16,21,771,4.6,160,0.18
2002,11,3,15,327,810,55,2,-16,21,771,4.6,150,0.18
2002,11,3,16,64,0,64,1,-16,23,771,5.7,160,0.18
2002,11,3,17,0,0,0,-2,-17,27,769,4.1,160,0.18
2002,11,3,18,0,0,0,-3,-17,29,769,0,0,0.18
2002,11,3,19,0,0,0,-3,-16,32,768,2.6,150,0.18
2002,11,3,20,0,0,0,-6,-16,41,765,3.1,150,0.18
2002,11,3,21,0,0,0,-8,-13,64,763,0,0,0.18
2002,11,3,22,0,0,0,-8,-13,64,762,2.1,60,0.18
2002,11,3,23,0,0,0,-7,-11,70,762,1.5,290,0.18
2002,11,4,0,0,0,0,-7,-12,64,761,2.6,270,0.18
2002,11,4,1,0,0,0,-8,-12,70,760,2.1,270,0.18
2002,11,4,2,0,0,0,-9,-12,77,760,1.5,230,0.18
2002,11,4,3,0,0,0,-11,-13,84,758,0.8,300,0.18
2002,11,4,4,0,0,0,-11,-14,76,758,0,0,0.18
2002,11,4,5,0,0,0,-11,-14,76,759,1.5,280,0.18
2002,11,4,6,0,0,0,-12,-14,83,759,0,0,0.18
2002,11,4,7,56,489,10,-8,-13,64,761,2.1,250,0.18
2002,11,4,8,238,754,35,-2,-14,35,765,0,0,0.18
2002,11,4,9,427,896,54,1,-16,23,767,0,0,0.18
2002,11,4,10,550,953,49,5,-16,17,769,5.1,290,0.18
2002,11,4,11,620,949,64,6,-19,12,769,5.1,270,0.18
2002,11,4,12,631,918,83,6,-20,11,769,4.6,270,0.18
2002,11,4,13,593,980,49,7,-18,12,769,4.1,320,0.18
2002,11,4,14,508,950,66,7,-21,9,770,7.7,320,0.18
2002,11,4,15,356,974,32,6,-19,12,770,8.2,310,0.18
2002,11,4,16,221,979,58,3,-20,14,769,10.3,320,0.18
2002,11,4,17,0,0,0,1,-18,19,768,8.7,300,0.18
2002,11,4,18,0,0,0,-1,-17,24,768,8.2,290,0.18
2002,11,4,19,0,0,0,-1,-17,24,768,7.7,290,0.18
2002,11,4,20,0,0,0,-2,-17,27,766,5.7,300,0.18
2002,11,4,21,0,0,0,-3,-17,29,766,5.1,320,0.18
2002,11,4,22,0,0,0,-1,-16,27,766,7.2,350,0.18
2002,11,4,23,0,0,0,-3,-14,38,765,6.2,290,0.18
2002,11,5,0,0,0,0,-3,-16,32,766,5.1,280,0.18
2002,11,5,1,0,0,0,-6,-15,45,764,1.5,280,0.18
2002,11,5,2,0,0,0,-5,-15,41,765,4.6,270,0.18
2002,11,5,3,0,0,0,-6,-14,49,765,3.1,280,0.18
2002,11,5,4,0,0,0,-7,-14,54,765,3.6,270,0.18
2002,11,5,5,0,0,0,-8,-14,58,766,3.1,270,0.18
2002,11,5,6,0,0,0,-6,-13,54,768,4.6,270,0.18
2002,11,5,7,55,521,7,-2,-13,38,771,1.5,300,0.18
2002,11,5,8,245,817,28,2,-12,31,774,3.1,320,0.18
2002,11,5,9,421,895,52,4,-13,24,775,4.6,320,0.18
2002,11,5,10,561,947,67,6,-13,21,775,4.6,310,0.18
2002,11,5,11,614,943,65,8,-14,17,777,4.6,20,0.18
2002,11,5,12,644,954,78,9,-13,17,778,5.7,270,0.18
2002,11,5,13,607,938,90,9,-14,16,778,4.1,240,0.18
2002,11,5,14,472,730,135,10,-16,12,778,3.1,260,0.18
2002,11,5,15,367,827,95,10,-15,13,778,0,0,0.18
2002,11,5,16,230,1037,61,8,-13,19,778,3.6,160,0.18
2002,11,5,17,0,0,0,1,-13,30,775,3.1,190,0.18
2002,11,5,18,0,0,0,-3,-11,50,773,0,0,0.18
2002,11,5,19,0,0,0,-5,-11,59,772,0,0,0.18
2002,11,5,20,0,0,0,-6,-11,64,771,4.1,270,0.18
2002,11,5,21,0,0,0,-4,-11,54,772,3.1,260,0.18
2002,11,5,22,0,0,0,-5,-11,59,771,4.1,270,0.18
2002,11,5,23,0,0,0,-6,-11,64,769,3.1,280,0.18
2002,11,6,0,0,0,0,-7,-11,70,769,3.6,270,0.18
2002,11,6,1,0,0,0,-7,-11,70,769,4.1,270,0.18
2002,11,6,2,0,0,0,-7,-12,64,769,4.1,270,0.18
2002,11,6,3,0,0,0,-7,-12,64,769,3.1,280,0.18
2002,11,6,4,0,0,0,-8,-13,64,769,4.1,270,0.18
2002,11,6,5,0,0,0,-8,-13,64,770,4.1,270,0.18
2002,11,6,6,0,0,0,-8,-13,64,772,3.6,270,0.18
2002,11,6,7,51,510,7,-6,-13,54,774,2.1,280,0.18
2002,11,6,8,240,815,26,-1,-12,39,777,2.1,230,0.18
2002,11,6,9,416,912,43,6,-13,21,780,4.1,150,0.18
2002,11,6,10,538,947,49,7,-16,15,781,4.1,140,0.18
2002,11,6,11,620,997,44,8,-15,15,781,5.7,160,0.18
2002,11,6,12,644,972,71,9,-16,13,782,5.7,160,0.18
2002,11,6,13,588,987,47,10,-16,12,782,7.2,140,0.18
2002,11,6,14,502,958,64,10,-14,15,781,6.2,140,0.18
2002,11,6,15,351,972,35,9,-15,14,780,6.2,170,0.18
2002,11,6,16,216,880,76,7,-14,18,779,4.1,160,0.18
2002,11,6,17,0,0,0,2,-15,23,777,1.5,210,0.18
2002,11,6,18,0,0,0,-3,-14,38,775,2.6,250,0.18
2002,11,6,19,0,0,0,-5,-13,49,773,2.6,270,0.18
2002,11,6,20,0,0,0,-8,-13,64,770,1.5,270,0.18
2002,11,6,21,0,0,0,-9,-13,70,767,2.1,250,0.18
2002,11,6,22,0,0,0,-9,-13,70,767,1.5,260,0.18
2002,11,6,23,0,0,0,-9,-13,70,766,2.6,260,0.18
2002,11,7,0,0,0,0,-7,-13,59,767,2.1,260,0.18
2002,11,7,1,0,0,0,-8,-12,70,766,2.1,220,0.18
2002,11,7,2,0,0,0,-5,-11,59,767,2.6,240,0.18
2002,11,7,3,0,0,0,-3,-11,50,768,2.6,220,0.18
2002,11,7,4,0,0,0,1,-13,30,770,2.1,200,0.18
2002,11,7,5,0,0,0,-2,-11,46,769,1.5,190,0.18
2002,11,7,6,0,0,0,-3,-9,60,770,2.1,170,0.18
2002,11,7,7,36,140,25,-3,-10,55,770,0,0,0.18
2002,11,7,8,74,0,74,3,-12,29,774,6.2,140,0.18
2002,11,7,9,345,493,145,4,-13,24,775,4.6,130,0.18
2002,11,7,10,554,835,126,4,-12,27,774,6.7,130,0.18
2002,11,7,11,567,567,242,7,-11,24,775,6.2,130,0.18
2002,11,7,12,111,0,111,8,-11,22,774,7.7,140,0.18
2002,11,7,13,119,0,119,8,-12,20,773,4.1,130,0.18
2002,11,7,14,102,0,102,8,-15,15,773,7.2,230,0.18
2002,11,7,15,54,0,54,7,-13,20,771,7.2,230,0.18
2002,11,7,16,25,0,25,4,-6,45,768,5.7,290,0.18
2002,11,7,17,0,0,0,2,-4,62,768,4.1,300,0.18
2002,11,7,18,0,0,0,2,-4,62,769,2.1,330,0.18
2002,11,7,19,0,0,0,1,-3,72,768,0,0,0.18
2002,11,7,20,0,0,0,3,-6,49,767,4.6,270,0.18
2002,11,7,21,0,0,0,1,-6,56,767,2.6,320,0.18
2002,11,7,22,0,0,0,-2,-8,60,764,1.5,360,0.18
2002,11,7,23,0,0,0,1,-8,47,765,3.1,210,0.18
2002,11,8,0,0,0,0,1,-7,51,764,1.5,210,0.18
2002,11,8,1,0,0,0,3,-7,45,764,6.2,200,0.18
2002,11,8,2,0,0,0,3,-7,45,764,4.6,170,0.18
2002,11,8,3,0,0,0,4,-6,45,764,3.6,160,0.18
2002,11,8,4,0,0,0,2,-7,48,763,3.1,150,0.18
2002,11,8,5,0,0,0,1,-5,61,763,5.1,160,0.18
2002,11,8,6,0,0,0,1,-2,79,763,6.7,150,0.18
2002,11,8,7,14,0,14,1,-2,79,763,6.2,140,0.18
2002,11,8,8,49,0,49,1,-1,86,764,4.1,140,0.18
2002,11,8,9,70,0,70,1,-1,86,764,5.1,140,0.18
2002,11,8,10,88,0,88,4,1,81,766,6.7,200,0.18
2002,11,8,11,111,0,111,4,1,81,765,7.7,210,0.18
2002,11,8,12,105,0,105,3,1,87,764,4.1,160,0.18
2002,11,8,13,99,0,99,4,1,81,763,5.7,180,0.18
2002,11,8,14,117,0,117,4,1,81,762,4.1,160,0.18
2002,11,8,15,64,0,64,4,2,87,761,7.2,150,0.18
2002,11,8,16,52,0,52,3,3,100,761,5.1,160,0.18
2002,11,8,17,0,0,0,3,3,100,761,6.2,160,0.18
2002,11,8,18,0,0,0,3,3,100,761,5.7,130,0.18
2002,11,8,19,0,0,0,3,3,100,760,4.1,160,0.18
2002,11,8,20,0,0,0,5,2,81,762,8.2,220,0.18
2002,11,8,21,0,0,0,4,2,87,761,9.8,230,0.18
2002,11,8,22,0,0,0,3,3,100,760,3.1,170,0.18
2002,11,8,23,0,0,0,5,4,93,760,9.8,240,0.18
2002,11,9,0,0,0,0,6,3,81,761,10.3,230,0.18
2002,11,9,1,0,0,0,6,3,81,761,9.3,250,0.18
2002,11,9,2,0,0,0,6,2,75,761,8.7,250,0.18
2002,11,9,3,0,0,0,6,2,75,761,5.7,260,0.18
2002,11,9,4,0,0,0,5,2,81,761,7.2,240,0.18
2002,11,9,5,0,0,0,5,2,81,761,7.2,240,0.18
2002,11,9,6,0,0,0,5,2,81,761,6.2,240,0.18
2002,11,9,7,34,299,11,6,2,75,762,6.2,240,0.18
2002,11,9,8,179,490,56,7,2,70,762,7.7,240,0.18
2002,11,9,9,324,492,128,9,2,61,764,8.7,240,0.18
2002,11,9,10,427,511,169,9,-1,49,764,9.8,270,0.18
2002,11,9,11,497,549,186,9,0,53,763,9.8,230,0.18
2002,11,9,12,520,538,210,7,2,70,762,8.7,230,0.18
2002,11,9,13,470,552,174,7.6,1.6,66,762,8.2,240,0.18
2002,11,9,14,402,549,157,7.9,1.1,62,762,7.7,260,0.18
2002,11,9,15,274,527,108,7.6,0.8,62,761,7.2,270,0.18
2002,11,9,16,164,460,95,5.7,-0.4,65,761,6.7,290,0.18
2002,11,9,17,0,0,0,3,-1,74,761,6.2,300,0.18
2002,11,9,18,0,0,0,2,-3,67,760,3.6,300,0.18
2002,11,9,19,0,0,0,1,-3,72,761,4.6,280,0.18
2002,11,9,20,0,0,0,-1,-3,85,759,2.1,340,0.18
2002,11,9,21,0,0,0,-2,-4,85,759,2.6,10,0.18
2002,11,9,22,0,0,0,-3,-5,84,759,2.6,340,0.18
2002,11,9,23,0,0,0,-3,-4,92,758,3.6,340,0.18
2002,11,10,0,0,0,0,-3,-6,77,759,3.6,280,0.18
2002,11,10,1,0,0,0,-6,-8,84,757,0,0,0.18
2002,11,10,2,0,0,0,-6,-8,84,759,2.1,260,0.18
2002,11,10,3,0,0,0,-6,-8,84,759,2.1,40,0.18
2002,11,10,4,0,0,0,-5,-8,77,759,0,0,0.18
2002,11,10,5,0,0,0,-7,-8,92,759,2.6,280,0.18
2002,11,10,6,0,0,0,-2,-7,65,762,5.1,300,0.18
2002,11,10,7,27,226,11,-1,-6,66,763,5.1,310,0.18
2002,11,10,8,178,510,52,0,-5,66,765,5.1,290,0.18
2002,11,10,9,323,509,123,1,-6,56,766,7.7,310,0.18
2002,11,10,10,422,500,172,2,-6,52,768,8.7,300,0.18
2002,11,10,11,491,519,199,3,-6,49,768,8.2,310,0.18
2002,11,10,12,520,556,202,3,-6,49,768,6.7,330,0.18
2002,11,10,13,463,540,176,3,-6,49,768,7.2,290,0.18
2002,11,10,14,388,531,154,3,-7,45,768,9.3,280,0.18
2002,11,10,15,276,549,105,3,-7,45,768,6.2,280,0.18
2002,11,10,16,172,625,80,2,-7,48,768,4.6,270,0.18
2002,11,10,17,0,0,0,2,-7,48,768,3.1,260,0.18
2002,11,10,18,0,0,0,1,-4,67,767,3.6,280,0.18
2002,11,10,19,0,0,0,-1,-2,92,765,3.6,290,0.18
2002,11,10,20,0,0,0,-1,-2,92,765,3.6,310,0.18
2002,11,10,21,0,0,0,-1,-2,92,764,3.1,310,0.18
2002,11,10,22,0,0,0,-1,-2,92,764,2.1,10,0.18
2002,11,10,23,0,0,0,-1,-3,85,764,4.6,310,0.18
2002,11,11,0,0,0,0,-1,-3,85,764,6.7,280,0.18
2002,11,11,1,0,0,0,-1,-3,85,764,6.2,290,0.18
2002,11,11,2,0,0,0,-1,-3,85,765,8.2,310,0.18
2002,11,11,3,0,0,0,-2,-5,78,764,8.7,310,0.18
2002,11,11,4,0,0,0,-3,-8,65,765,7.7,320,0.18
2002,11,11,5,0,0,0,-4,-7,77,765,5.1,320,0.18
2002,11,11,6,0,0,0,-4,-7,77,766,4.1,310,0.18
2002,11,11,7,26,183,13,-3,-7,71,768,3.6,290,0.18
2002,11,11,8,93,32,85,-1,-6,66,770,3.6,350,0.18
2002,11,11,9,293,349,157,-1,-5,71,771,7.2,20,0.18
2002,11,11,10,213,29,199,0,-5,66,772,5.7,20,0.18
2002,11,11,11,456,400,233,1,-5,61,772,6.7,30,0.18
2002,11,11,12,471,369,261,2,-7,48,773,4.1,30,0.18
2002,11,11,13,517,663,167,1,-6,56,773,2.6,40,0.18
2002,11,11,14,316,247,207,2,-5,57,774,5.1,50,0.18
2002,11,11,15,277,584,97,2,-7,48,774,5.1,360,0.18
2002,11,11,16,150,285,109,1,-6,56,775,5.1,30,0.18
2002,11,11,17,0,0,0,-2,-6,71,774,2.6,330,0.18
2002,11,11,18,0,0,0,-2,-7,65,774,3.6,330,0.18
2002,11,11,19,0,0,0,-2,-8,60,775,5.1,360,0.18
2002,11,11,20,0,0,0,-4,-7,77,773,3.6,10,0.18
2002,11,11,21,0,0,0,-4,-8,71,774,3.6,20,0.18
2002,11,11,22,0,0,0,-6,-7,92,773,4.6,40,0.18
2002,11,11,23,0,0,0,-6,-8,84,772,2.6,290,0.18
2002,11,12,0,0,0,0,-7,-8,92,772,2.6,270,0.18
2002,11,12,1,0,0,0,-8,-9,92,772,1.5,310,0.18
2002,11,12,2,0,0,0,-9,-10,92,771,2.6,280,0.18
2002,11,12,3,0,0,0,-9,-10,92,771,3.6,270,0.18
2002,11,12,4,0,0,0,-8,-10,84,772,3.6,280,0.18
2002,11,12,5,0,0,0,-8,-10,84,773,3.1,270,0.18
2002,11,12,6,0,0,0,-9,-11,84,773,2.6,290,0.18
2002,11,12,7,25,255,8,-7,-9,84,774,2.1,280,0.18
2002,11,12,8,204,730,29,-4,-7,77,777,2.1,280,0.18
2002,11,12,9,366,834,45,0,-6,60,779,1.5,220,0.18
2002,11,12,10,508,916,57,2,-7,48,780,3.6,160,0.18
2002,11,12,11,561,781,128,3,-6,49,780,5.1,170,0.18
2002,11,12,12,465,332,277,3,-7,45,780,5.1,150,0.18
2002,11,12,13,311,117,250,4,-6,45,781,4.6,140,0.18
2002,11,12,14,272,139,211,3,-6,49,780,5.7,150,0.18
2002,11,12,15,241,434,109,3,-6,49,780,4.1,150,0.18
2002,11,12,16,0,0,0,2,-6,52,779,3.1,160,0.18
2002,11,12,17,0,0,0,-1,-6,66,777,0,0,0.18
2002,11,12,18,0,0,0,-3,-6,77,777,0,0,0.18
2002,11,12,19,0,0,0,-4,-6,84,776,0,0,0.18
2002,11,12,20,0,0,0,-4,-6,84,775,1.5,240,0.18
2002,11,12,21,0,0,0,-3,-5,84,774,2.1,240,0.18
2002,11,12,22,0,0,0,-3,-4,92,773,0,0,0.18
2002,11,12,23,0,0,0,-5,-6,92,771,2.1,260,0.18
2002,11,13,0,0,0,0,-6,-8,84,770,2.1,240,0.18
2002,11,13,1,0,0,0,-6,-7,92,769,2.1,250,0.18
2002,11,13,2,0,0,0,-4,-7,77,770,0,0,0.18
2002,11,13,3,0,0,0,-6,-8,84,768,3.1,260,0.18
2002,11,13,4,0,0,0,-6,-8,84,768,2.1,230,0.18
2002,11,13,5,0,0,0,-4,-7,77,769,2.1,160,0.18
2002,11,13,6,0,0,0,-3,-6,77,771,3.1,170,0.18
2002,11,13,7,11,0,11,-2,-6,71,771,2.1,220,0.18
2002,11,13,8,127,169,87,-1,-4,78,772,0,0,0.18
2002,11,13,9,366,725,89,1,-4,67,772,1.5,280,0.18
2002,11,13,10,502,934,46,5,-7,39,774,3.1,130,0.18
2002,11,13,11,584,901,89,6,-7,36,774,3.1,140,0.18
2002,11,13,12,570,731,160,7,-7,34,774,4.1,150,0.18
2002,11,13,13,577,940,88,9,-8,27,775,6.7,320,0.18
2002,11,13,14,478,975,57,8,-7,32,774,6.2,320,0.18
2002,11,13,15,317,946,32,8,-7,32,774,7.2,320,0.18
2002,11,13,16,0,0,0,6,-7,36,774,7.7,310,0.18
2002,11,13,17,0,0,0,4,-6,45,772,5.7,290,0.18
2002,11,13,18,0,0,0,2,-5,57,771,5.1,290,0.18
2002,11,13,19,0,0,0,0,-5,66,770,2.6,340,0.18
2002,11,13,20,0,0,0,-2,-5,78,769,0,0,0.18
2002,11,13,21,0,0,0,-4,-6,84,768,2.1,250,0.18
2002,11,13,22,0,0,0,-4,-6,84,767,3.1,270,0.18
2002,11,13,23,0,0,0,-4,-6,84,767,2.6,260,0.18
2002,11,14,0,0,0,0,-4,-6,84,767,3.1,270,0.18
2002,11,14,1,0,0,0,-3,-4,92,767,2.1,240,0.18
2002,11,14,2,0,0,0,-4,-6,84,766,0,0,0.18
2002,11,14,3,0,0,0,-6,-6,100,765,3.1,260,0.18
2002,11,14,4,0,0,0,-6,-7,92,765,2.6,250,0.18
2002,11,14,5,0,0,0,-6,-7,92,766,2.6,250,0.18
2002,11,14,6,0,0,0,-7,-8,92,766,2.6,260,0.18
2002,11,14,7,27,373,4,-6,-7,92,767,1.5,260,0.18
2002,11,14,8,197,763,21,-1,-3,85,771,2.1,30,0.18
2002,11,14,9,375,884,41,3,-3,63,774,2.6,20,0.18
2002,11,14,10,497,927,47,3,-3,63,774,5.7,340,0.18
2002,11,14,11,572,936,61,4,-3,59,774,5.7,290,0.18
2002,11,14,12,582,731,175,6,-4,47,775,6.2,310,0.18
2002,11,14,13,186,18,176,6,-4,47,774,8.7,310,0.18
2002,11,14,14,376,462,178,5,-4,50,774,8.2,330,0.18
2002,11,14,15,300,671,100,4,-4,54,774,6.7,300,0.18
2002,11,14,16,0,0,0,2,-6,52,773,8.2,300,0.18
2002,11,14,17,0,0,0,1,-5,61,773,6.7,300,0.18
2002,11,14,18,0,0,0,-1,-6,66,773,4.1,350,0.18
2002,11,14,19,0,0,0,-2,-6,71,772,1.5,340,0.18
2002,11,14,20,0,0,0,-3,-7,71,770,3.1,320,0.18
2002,11,14,21,0,0,0,-2,-6,71,770,4.6,300,0.18
2002,11,14,22,0,0,0,-2,-6,71,770,5.7,300,0.18
2002,11,14,23,0,0,0,-3,-6,77,770,4.6,300,0.18
2002,11,15,0,0,0,0,-3,-6,77,770,4.1,300,0.18
2002,11,15,1,0,0,0,-3,-6,77,770,4.6,300,0.18
2002,11,15,2,0,0,0,-3,-6,77,771,5.1,290,0.18
2002,11,15,3,0,0,0,-5,-7,84,770,3.6,300,0.18
2002,11,15,4,0,0,0,-6.8,-8.3,88,769,3.4,270,0.18
2002,11,15,5,0,0,0,-8,-9,92,769,3.1,240,0.18
2002,11,15,6,0,0,0,-8,-9,92,770,3.6,280,0.18
2002,11,15,7,26,374,5,-4,-8,71,773,5.1,300,0.18
2002,11,15,8,196,734,29,-2,-8,60,774,6.2,350,0.18
2002,11,15,9,379,894,45,0.9,-8.4,46,775,6.2,360,0.18
2002,11,15,10,518,986,44,2.8,-8.8,39,776,6.2,10,0.18
2002,11,15,11,601,984,67,4,-9.5,33,777,5.7,350,0.18
2002,11,15,12,607,937,89,4.8,-10.4,29,777,5.1,320,0.18
2002,11,15,13,564,995,53,5,-11,27,778,4.6,300,0.18
2002,11,15,14,465,963,55,6,-11,25,779,5.1,330,0.18
2002,11,15,15,330,909,61,4,-11,29,779,6.7,40,0.18
2002,11,15,16,0,0,0,3,-9,37,778,2.1,10,0.18
2002,11,15,17,0,0,0,-1,-9,50,777,2.1,30,0.18
2002,11,15,18,0,0,0,-6,-9,77,775,2.1,230,0.18
2002,11,15,19,0,0,0,-6,-9,77,774,2.1,200,0.18
2002,11,15,20,0,0,0,-6,-9,77,774,0,0,0.18
2002,11,15,21,0,0,0,-6.5,-9.3,78,773,1.4,330,0.18
2002,11,15,22,0,0,0,-6.6,-9.6,77,773,2.7,310,0.18
2002,11,15,23,0,0,0,-7,-10,77,772,4.1,280,0.18
2002,11,16,0,0,0,0,-8,-11,77,771,2.6,280,0.18
2002,11,16,1,0,0,0,-7,-11,70,772,4.1,270,0.18
2002,11,16,2,0,0,0,-8,-11,77,771,3.1,280,0.18
2002,11,16,3,0,0,0,-9,-12,77,770,1.5,320,0.18
2002,11,16,4,0,0,0,-8,-12,70,771,2.1,250,0.18
2002,11,16,5,0,0,0,-9,-12,77,771,2.6,250,0.18
2002,11,16,6,0,0,0,-9,-12,77,773,0,0,0.18
2002,11,16,7,18,214,6,-8,-11,77,774,1.5,270,0.18
2002,11,16,8,140,303,72,-3,-11,50,777,2.6,270,0.18
2002,11,16,9,334,632,100,1,-9,43,779,0,0,0.18
2002,11,16,10,409,557,143,3,-12,29,780,3.6,140,0.18
2002,11,16,11,490,632,150,4,-12,27,780,4.6,150,0.18
2002,11,16,12,601,870,123,6,-12,23,781,4.6,140,0.18
2002,11,16,13,505,750,122,7,-12,22,780,5.1,150,0.18
2002,11,16,14,370,457,177,7,-13,20,780,5.1,150,0.18
2002,11,16,15,161,97,132,6,-11,25,780,4.6,150,0.18
2002,11,16,16,0,0,0,3,-11,31,778,2.6,160,0.18
2002,11,16,17,0,0,0,-1,-11,42,776,0,0,0.18
2002,11,16,18,0,0,0,-4,-8,71,774,2.1,250,0.18
2002,11,16,19,0,0,0,-5,-8,77,773,2.1,250,0.18
2002,11,16,20,0,0,0,-6,-8,84,771,2.6,220,0.18
2002,11,16,21,0,0,0,-7,-8,92,769,2.1,220,0.18
2002,11,16,22,0,0,0,-7,-11,70,769,3.1,240,0.18
2002,11,16,23,0,0,0,-7,-9,84,768,2.1,210,0.18
2002,11,17,0,0,0,0,-7,-9,84,767,2.1,230,0.18
2002,11,17,1,0,0,0,-7,-9,84,766,1.5,260,0.18
2002,11,17,2,0,0,0,-7,-9,84,765,2.1,230,0.18
2002,11,17,3,0,0,0,-7,-9,84,765,2.1,240,0.18
2002,11,17,4,0,0,0,-7,-9,84,765,2.6,250,0.18
2002,11,17,5,0,0,0,-7,-9,84,766,1.5,200,0.18
2002,11,17,6,0,0,0,-6,-9,77,767,2.1,180,0.18
2002,11,17,7,13,67,10,-5,-9,71,768,2.1,160,0.18
2002,11,17,8,139,318,69,0,-9,46,770,5.1,140,0.18
2002,11,17,9,172,46,155,2,-11,34,771,3.6,110,0.18
2002,11,17,10,267,88,225,3,-11,31,771,4.6,130,0.18
2002,11,17,11,373,209,262,4,-12,27,771,3.1,120,0.18
2002,11,17,12,539,665,176,6,-11,25,771,4.6,150,0.18
2002,11,17,13,365,283,222,8,-12,20,771,4.6,150,0.18
2002,11,17,14,466,825,120,9,-14,16,772,6.2,290,0.18
2002,11,17,15,333,975,50,8,-15,15,772,10.3,320,0.18
2002,11,17,16,0,0,0,6,-14,19,772,7.2,300,0.18
2002,11,17,17,0,0,0,3,-13,26,771,6.7,310,0.18
2002,11,17,18,0,0,0,-1,-12,39,770,4.6,340,0.18
2002,11,17,19,0,0,0,-1.8,-11.1,45,769,3.9,320,0.18
2002,11,17,20,0,0,0,-2.8,-10.8,50,769,3.3,310,0.18
2002,11,17,21,0,0,0,-3,-10,55,768,2.6,290,0.18
2002,11,17,22,0,0,0,-4,-10,59,768,4.6,320,0.18
2002,11,17,23,0,0,0,-6,-9,77,767,2.1,70,0.18
2002,11,18,0,0,0,0,-5,-9,71,768,2.1,280,0.18
2002,11,18,1,0,0,0,-8,-11,77,766,3.1,260,0.18
2002,11,18,2,0,0,0,-8,-10,84,766,5.1,260,0.18
2002,11,18,3,0,0,0,-10,-11,91,766,1.5,220,0.18
2002,11,18,4,0,0,0,-8,-10,84,768,4.6,270,0.18
2002,11,18,5,0,0,0,-6,-9,77,770,1.5,280,0.18
2002,11,18,6,0,0,0,-8,-10,84,770,4.1,280,0.18
2002,11,18,7,21,343,5,-6,-9,77,772,3.6,340,0.18
2002,11,18,8,184,764,18,-2,-8,60,775,3.1,340,0.18
2002,11,18,9,352,870,37,1,-8,47,777,4.1,40,0.18
2002,11,18,10,500,938,60,2,-9,40,778,0,0,0.18
2002,11,18,11,559,948,56,5,-13,23,780,1.5,20,0.18
2002,11,18,12,613,1039,49,7,-18,12,780,2.6,30,0.18
2002,11,18,13,545,990,46,8,-17,13,781,0,0,0.18
2002,11,18,14,437,870,75,8,-14,17,781,5.7,140,0.18
2002,11,18,15,315,907,54,7,-13,20,781,5.1,160,0.18
2002,11,18,16,0,0,0,4,-12,27,779,3.6,160,0.18
2002,11,18,17,0,0,0,-4,-12,50,775,2.1,220,0.18
2002,11,18,18,0,0,0,-6,-11,64,775,2.1,230,0.18
2002,11,18,19,0,0,0,-7,-11,70,774,2.6,260,0.18
2002,11,18,20,0,0,0,-7.6,-11.3,72,774,3.1,260,0.18
2002,11,18,21,0,0,0,-7.5,-11.2,72,773,3.6,270,0.18
2002,11,18,22,0,0,0,-7,-11,70,773,4.1,270,0.18
2002,11,18,23,0,0,0,-7,-12,64,772,0,0,0.18
2002,11,19,0,0,0,0,-8,-12,70,771,2.6,360,0.18
2002,11,19,1,0,0,0,-8,-12,70,771,0,0,0.18
2002,11,19,2,0,0,0,-7,-12,64,771,3.1,270,0.18
2002,11,19,3,0,0,0,-9,-13,70,770,1.5,270,0.18
2002,11,19,4,0,0,0,-7,-13,59,772,3.6,260,0.18
2002,11,19,5,0,0,0,-8,-13,64,774,2.1,270,0.18
2002,11,19,6,0,0,0,-7,-13,59,776,4.1,270,0.18
2002,11,19,7,17,353,2,-7,-12,64,776,1.5,280,0.18
2002,11,19,8,191,788,22,-6,-11,64,777,2.6,280,0.18
2002,11,19,9,361,914,33,3,-14,24,781,3.1,300,0.18
2002,11,19,10,500,938,63,4,-13,24,782,2.1,20,0.18
2002,11,19,11,559,954,56,6,-13,21,783,4.1,40,0.18
2002,11,19,12,576,943,68,9,-8,27,784,5.1,340,0.18
2002,11,19,13,532,977,43,10,-9,23,784,6.7,40,0.18
2002,11,19,14,445,953,51,9,-8,27,784,6.2,360,0.18
2002,11,19,15,307,958,34,9,-7,29,784,5.7,30,0.18
2002,11,19,16,0,0,0,7,-7,34,783,5.1,360,0.18
2002,11,19,17,0,0,0,4,-7,42,782,7.7,350,0.18
2002,11,19,18,0,0,0,2,-8,44,781,6.7,10,0.18
2002,11,19,19,0,0,0,2,-8,44,781,7.2,20,0.18
2002,11,19,20,0,0,0,2,-8,44,781,8.2,10,0.18
2002,11,19,21,0,0,0,1,-8,47,778,10.8,340,0.18
2002,11,19,22,0,0,0,0,-8,51,778,7.7,350,0.18
2002,11,19,23,0,0,0,1,-7,51,778,6.2,360,0.18
2002,11,20,0,0,0,0,-3,-8,65,775,3.6,270,0.18
2002,11,20,1,0,0,0,-4,-8,71,774,3.6,350,0.18
2002,11,20,2,0,0,0,-3,-7,71,775,4.1,10,0.18
2002,11,20,3,0,0,0,-1,-6,66,775,4.6,280,0.18
2002,11,20,4,0,0,0,-3,-7,71,775,3.1,330,0.18
2002,11,20,5,0,0,0,-2,-7,65,776,4.6,350,0.18
2002,11,20,6,0,0,0,-3,-7,71,776,4.1,320,0.18
2002,11,20,7,16,320,3,-2,-7,65,777,4.1,300,0.18
2002,11,20,8,174,759,14,1,-6,56,780,3.1,330,0.18
2002,11,20,9,350,896,32,4,-5,49,781,6.2,20,0.18
2002,11,20,10,483,955,41,7,-4,44,783,4.6,40,0.18
2002,11,20,11,565,966,59,9,-4,38,784,4.1,360,0.18
2002,11,20,12,570,888,94,11,-3,36,785,5.1,40,0.18
2002,11,20,13,539,935,74,12,-3,34,786,4.6,50,0.18
2002,11,20,14,431,871,73,12,-3,34,785,4.6,40,0.18
2002,11,20,15,318,785,96,11,-3,36,784,5.1,60,0.18
2002,11,20,16,0,0,0,8,-3,44,783,4.1,60,0.18
2002,11,20,17,0,0,0,3,-4,58,781,1.5,50,0.18
2002,11,20,18,0,0,0,-3,-7,71,778,3.1,260,0.18
2002,11,20,19,0,0,0,-2,-6,71,778,3.6,270,0.18
2002,11,20,20,0,0,0,-2,-5,78,778,4.1,270,0.18
2002,11,20,21,0,0,0,-3,-6,77,776,4.1,280,0.18
2002,11,20,22,0,0,0,-3,-6,77,776,4.6,270,0.18
2002,11,20,23,0,0,0,-3,-6,77,775,4.6,270,0.18
2002,11,21,0,0,0,0,-4,-6,84,774,4.6,270,0.18
2002,11,21,1,0,0,0,-4,-7,77,774,4.6,270,0.18
2002,11,21,2,0,0,0,-4,-6,84,773,4.6,270,0.18
2002,11,21,3,0,0,0,-4,-7,77,774,2.1,270,0.18
2002,11,21,4,0,0,0,-4,-6,84,774,3.1,270,0.18
2002,11,21,5,0,0,0,-6,-7,92,774,2.6,260,0.18
2002,11,21,6,0,0,0,-5,-6,92,776,5.1,270,0.18
2002,11,21,7,15,327,3,-4,-6,84,777,2.1,240,0.18
2002,11,21,8,188,783,26,1,-3,72,779,2.1,260,0.18
2002,11,21,9,364,930,37,7,-2,52,783,0,0,0.18
2002,11,21,10,499,996,42,10,-3,39,784,3.1,130,0.18
2002,11,21,11,582,1025,48,11,-3,36,784,3.6,140,0.18
2002,11,21,12,601,1033,50,12,-3,34,784,4.1,140,0.18
2002,11,21,13,559,1033,48,13,-3,32,784,5.1,150,0.18
2002,11,21,14,469,1011,56,13,-4,29,784,5.1,150,0.18
2002,11,21,15,329,983,53,12,-3,34,783,5.1,150,0.18
2002,11,21,16,0,0,0,9,-4,38,782,2.1,150,0.18
2002,11,21,17,0,0,0,0,-6,60,777,0,0,0.18
2002,11,21,18,0,0,0,-2,-6,71,776,3.1,240,0.18
2002,11,21,19,0,0,0,-3,-6,77,776,2.1,250,0.18
2002,11,21,20,0,0,0,-4,-6,84,774,1.5,220,0.18
2002,11,21,21,0,0,0,-5,-6,92,772,1.5,250,0.18
2002,11,21,22,0,0,0,-6,-8,84,770,2.6,250,0.18
2002,11,21,23,0,0,0,-7,-8,92,769,1.5,250,0.18
2002,11,22,0,0,0,0,-6,-7,92,769,1.5,250,0.18
2002,11,22,1,0,0,0,-7,-8,92,768,2.6,240,0.18
2002,11,22,2,0,0,0,-6,-8,84,769,2.1,280,0.18
2002,11,22,3,0,0,0,-7,-8,92,768,3.1,240,0.18
2002,11,22,4,0,0,0,-4,-7,77,770,5.1,260,0.18
2002,11,22,5,0,0,0,-7,-8,92,771,2.6,250,0.18
2002,11,22,6,0,0,0,-7,-8,92,771,3.1,240,0.18
2002,11,22,7,13,313,2,-5,-7,84,773,3.1,250,0.18
2002,11,22,8,172,760,17,1,-5,61,776,2.6,260,0.18
2002,11,22,9,344,895,32,7,-4,44,779,0,0,0.18
2002,11,22,10,477,954,42,9,-3,41,780,4.6,150,0.18
2002,11,22,11,559,965,59,10,-4,36,781,4.1,130,0.18
2002,11,22,12,557,870,96,11,-4,33,780,5.7,150,0.18
2002,11,22,13,539,867,113,12,-4,31,780,4.1,150,0.18
2002,11,22,14,335,407,170,11,-3,36,779,6.2,150,0.18
2002,11,22,15,243,633,67,9,-3,41,778,5.7,140,0.18
2002,11,22,16,0,0,0,7,-3,48,776,2.6,170,0.18
2002,11,22,17,0,0,0,5,-4,50,776,3.1,170,0.18
2002,11,22,18,0,0,0,-2,-6,71,772,2.1,260,0.18
2002,11,22,19,0,0,0,-4,-7,77,770,2.1,230,0.18
2002,11,22,20,0,0,0,-6,-7,92,768,2.6,240,0.18
2002,11,22,21,0,0,0,-6,-7,92,766,1.5,260,0.18
2002,11,22,22,0,0,0,-5,-8,77,766,2.6,250,0.18
2002,11,22,23,0,0,0,-4,-7,77,766,2.1,230,0.18
2002,11,23,0,0,0,0,-5,-7,84,765,2.1,240,0.18
2002,11,23,1,0,0,0,-6,-7,92,763,2.1,230,0.18
2002,11,23,2,0,0,0,-6,-7,92,763,3.1,220,0.18
2002,11,23,3,0,0,0,-6,-7,92,763,2.1,260,0.18
2002,11,23,4,0,0,0,-6,-7,92,763,3.1,250,0.18
2002,11,23,5,0,0,0,-7,-8,92,763,3.6,250,0.18
2002,11,23,6,0,0,0,-8,-9,92,763,3.6,250,0.18
2002,11,23,7,10,244,3,-7,-8,92,765,3.1,240,0.18
2002,11,23,8,163,747,13,1,-4,67,769,0,0,0.18
2002,11,23,9,343,883,39,6,-3,51,772,0,0,0.18
2002,11,23,10,471,948,42,7,-4,44,772,5.1,130,0.18
2002,11,23,11,541,965,44,8,-5,37,771,6.7,120,0.18
2002,11,23,12,582,937,89,9,-5,35,771,4.1,140,0.18
2002,11,23,13,453,597,161,9,-6,32,771,5.7,220,0.18
2002,11,23,14,149,0,149,11,-9,22,772,6.2,230,0.18
2002,11,23,15,156,85,133,8,-7,32,771,2.6,260,0.18
2002,11,23,16,0,0,0,7,-8,31,770,4.6,290,0.18
2002,11,23,17,0,0,0,4.3,-7,41,770,4.4,290,0.18
2002,11,23,18,0,0,0,2.7,-6.1,49,770,4.3,300,0.18
2002,11,23,19,0,0,0,2,-5,57,769,4.1,300,0.18
2002,11,23,20,0,0,0,-1,-6,66,766,4.6,280,0.18
2002,11,23,21,0,0,0,-4,-7,77,764,1.5,230,0.18
2002,11,23,22,0,0,0,-3,-7,71,765,3.6,270,0.18
2002,11,23,23,0,0,0,-3,-8,65,765,2.1,10,0.18
2002,11,24,0,0,0,0,-6,-8,84,763,3.6,320,0.18
2002,11,24,1,0,0,0,-7,-8,92,763,4.1,270,0.18
2002,11,24,2,0,0,0,-6,-7,92,763,3.1,250,0.18
2002,11,24,3,0,0,0,-6,-8,84,763,0,0,0.18
2002,11,24,4,0,0,0,-7,-9,84,763,0,0,0.18
2002,11,24,5,0,0,0,-8,-10,84,764,0,0,0.18
2002,11,24,6,0,0,0,-9,-10,92,764,0,0,0.18
2002,11,24,7,9,243,2,-6,-8,84,766,0,0,0.18
2002,11,24,8,162,749,14,-2,-5,78,768,1.5,30,0.18
2002,11,24,9,342,904,33,4,-3,59,772,2.6,30,0.18
2002,11,24,10,470,924,55,6,-4,47,773,2.6,320,0.18
2002,11,24,11,529,929,54,8,-8,29,773,5.1,250,0.18
2002,11,24,12,563,840,123,9,-13,17,774,5.7,250,0.18
2002,11,24,13,379,351,209,9,-16,13,773,2.1,310,0.18
2002,11,24,14,157,0,157,9,-15,14,772,0,0,0.18
2002,11,24,15,156,92,131,8,-10,24,772,4.1,310,0.18
2002,11,24,16,0,0,0,7,-11,24,771,2.1,300,0.18
2002,11,24,17,0,0,0,-2,-12,42,767,2.6,250,0.18
2002,11,24,18,0,0,0,-4,-10,59,766,4.6,230,0.18
2002,11,24,19,0,0,0,-2,-9,55,766,4.1,240,0.18
2002,11,24,20,0,0,0,0,-9,46,766,4.6,270,0.18
2002,11,24,21,0,0,0,0,-10,43,765,3.6,300,0.18
2002,11,24,22,0,0,0,2,-9,40,765,6.2,300,0.18
2002,11,24,23,0,0,0,0,-4,72,763,7.7,290,0.18
2002,11,25,0,0,0,0,-2,-4,85,762,5.1,320,0.18
2002,11,25,1,0,0,0,-3,-6,77,762,5.7,300,0.18
2002,11,25,2,0,0,0,-4,-6,84,761,6.7,330,0.18
2002,11,25,3,0,0,0,-5,-6,92,761,4.6,340,0.18
2002,11,25,4,0,0,0,-6,-7,92,760,4.6,320,0.18
2002,11,25,5,0,0,0,-6,-7,92,763,3.6,330,0.18
2002,11,25,6,0,0,0,-5,-8,77,764,6.2,20,0.18
2002,11,25,7,4,14,3,-5,-8,77,764,8.7,10,0.18
2002,11,25,8,135,411,55,-4,-8,71,764,9.3,10,0.18
2002,11,25,9,250,378,122,-3,-9,60,766,8.2,30,0.18
2002,11,25,10,448,784,99,-1,-9,50,766,9.3,30,0.18
2002,11,25,11,529,935,54,-1,-9,50,766,10.8,20,0.18
2002,11,25,12,539,858,91,2,-10,37,768,10.3,20,0.18
2002,11,25,13,513,917,69,2,-11,34,768,9.3,10,0.18
2002,11,25,14,411,834,78,2,-11,34,769,11.8,30,0.18
2002,11,25,15,304,770,94,-1,-9,50,769,8.7,30,0.18
2002,11,25,16,0,0,0,-3,-9,60,769,6.7,40,0.18
2002,11,25,17,0,0,0,-6,-8,84,768,9.8,30,0.18
2002,11,25,18,0,0,0,-7,-9,84,767,6.7,30,0.18
2002,11,25,19,0,0,0,-7,-9,84,768,5.7,20,0.18
2002,11,25,20,0,0,0,-8,-9,92,767,0,0,0.18
2002,11,25,21,0,0,0,-10,-11,91,767,2.1,350,0.18
2002,11,25,22,0,0,0,-9,-12,77,767,2.6,320,0.18
2002,11,25,23,0,0,0,-10,-11,91,767,3.1,360,0.18
2002,11,26,0,0,0,0,-10,-12,84,766,3.6,360,0.18
2002,11,26,1,0,0,0,-12,-13,91,765,3.1,340,0.18
2002,11,26,2,0,0,0,-11,-12,91,765,0,0,0.18
2002,11,26,3,0,0,0,-12,-13,91,766,2.6,350,0.18
2002,11,26,4,0,0,0,-11,-12,91,767,1.5,320,0.18
2002,11,26,5,0,0,0,-13,-15,83,766,2.6,300,0.18
2002,11,26,6,0,0,0,-13,-14,91,766,2.6,310,0.18
2002,11,26,7,7,247,2,-11.8,-12.3,96,768,2.9,310,0.18
2002,11,26,8,152,729,13,-8,-10,84,770,3.1,310,0.18
2002,11,26,9,322,818,47,-5,-9.5,68,772,3.1,340,0.18
2002,11,26,10,383,550,140,-3,-9,60,773,3.1,360,0.18
2002,11,26,11,499,798,96,0.3,-10.9,38,774,4.1,30,0.18
2002,11,26,12,538,870,87,3,-13,26,775,5.1,50,0.18
2002,11,26,13,526,935,76,4,-14,22,776,4.6,50,0.18
2002,11,26,14,441,975,54,4,-14,22,775,5.1,60,0.18
2002,11,26,15,305,969,43,4,-14,22,776,4.1,60,0.18
2002,11,26,16,0,0,0,1,-12,33,773,3.1,50,0.18
2002,11,26,17,0,0,0,-3,-13,42,772,2.1,20,0.18
2002,11,26,18,0,0,0,-7,-14,54,770,0,0,0.18
2002,11,26,19,0,0,0,-4,-13,45,772,1.5,10,0.18
2002,11,26,20,0,0,0,-6,-12,59,770,3.6,20,0.18
2002,11,26,21,0,0,0,-11,-14,76,767,3.6,270,0.18
2002,11,26,22,0,0,0,-11,-14,76,767,4.6,260,0.18
2002,11,26,23,0,0,0,-12,-15,76,766,3.6,250,0.18
2002,11,27,0,0,0,0,-12,-15,76,765,3.1,260,0.18
2002,11,27,1,0,0,0,-11,-15,70,765,4.1,270,0.18
2002,11,27,2,0,0,0,-12,-16,69,765,4.6,270,0.18
2002,11,27,3,0,0,0,-12,-16,69,764,4.6,270,0.18
2002,11,27,4,0,0,0,-12,-16,69,765,5.1,270,0.18
2002,11,27,5,0,0,0,-12,-17,63,766,4.1,260,0.18
2002,11,27,6,0,0,0,-12,-17,63,768,4.6,270,0.18
2002,11,27,7,6,176,2,-12,-17,63,767,3.1,270,0.18
2002,11,27,8,143,656,21,-7,-15,49,771,2.6,270,0.18
2002,11,27,9,321,868,33,-1,-16,27,776,2.1,360,0.18
2002,11,27,10,436,888,46,2,-19,16,778,4.1,20,0.18
2002,11,27,11,528,971,41,4,-20,13,778,3.1,40,0.18
2002,11,27,12,557,973,55,6,-21,10,779,3.6,50,0.18
2002,11,27,13,526,935,78,7,-18,12,779,3.6,40,0.18
2002,11,27,14,411,739,119,7,-17,14,779,3.6,30,0.18
2002,11,27,15,306,772,98,6,-17,15,779,4.1,140,0.18
2002,11,27,16,0,0,0,2,-16,21,777,1.5,110,0.18
2002,11,27,17,0,0,0,-5,-17,34,773,1.5,50,0.18
2002,11,27,18,0,0,0,-3,-15,35,775,4.6,60,0.18
2002,11,27,19,0,0,0,-8,-16,49,773,3.1,250,0.18
2002,11,27,20,0,0,0,-8,-16,49,772,2.6,280,0.18
2002,11,27,21,0,0,0,-8,-14,58,771,4.1,270,0.18
2002,11,27,22,0,0,0,-8,-14,58,771,4.6,270,0.18
2002,11,27,23,0,0,0,-9,-14,64,770,4.1,270,0.18
2002,11,28,0,0,0,0,-9,-14,64,770,0,0,0.18
2002,11,28,1,0,0,0,-9,-14,64,770,3.1,270,0.18
2002,11,28,2,0,0,0,-11,-14,76,768,3.6,270,0.18
2002,11,28,3,0,0,0,-11,-14,76,768,4.1,270,0.18
2002,11,28,4,0,0,0,-11,-14,76,769,4.1,270,0.18
2002,11,28,5,0,0,0,-11,-14,76,771,4.6,270,0.18
2002,11,28,6,0,0,0,-11,-14,76,771,4.6,270,0.18
2002,11,28,7,5,236,1,-11,-14,76,773,4.6,270,0.18
2002,11,28,8,153,739,17,-4,-12,50,777,2.6,270,0.18
2002,11,28,9,315,862,32,1,-11,36,780,2.6,20,0.18
2002,11,28,10,441,929,36,4,-12,27,781,0,0,0.18
2002,11,28,11,534,994,37,7,-11,24,782,4.1,150,0.18
2002,11,28,12,563,991,55,7,-12,22,781,5.7,160,0.18
2002,11,28,13,526,936,80,7,-12,22,781,5.7,150,0.18
2002,11,28,14,396,714,116,7,-12,22,781,4.1,150,0.18
2002,11,28,15,306,773,100,6,-11,25,781,3.1,150,0.18
2002,11,28,16,0,0,0,4,-12,27,779,2.6,160,0.18
2002,11,28,17,0,0,0,-6,-14,49,774,2.6,180,0.18
2002,11,28,18,0,0,0,-8,-14,58,773,3.1,240,0.18
2002,11,28,19,0,0,0,-9,-14,64,772,2.6,220,0.18
2002,11,28,20,0,0,0,-10,-14,70,770,0,0,0.18
2002,11,28,21,0,0,0,-11,-13,84,768,2.1,250,0.18
2002,11,28,22,0,0,0,-9,-13,70,769,2.1,240,0.18
2002,11,28,23,0,0,0,-8,-12,70,768,2.6,260,0.18
2002,11,29,0,0,0,0,-11,-13,84,765,1.5,260,0.18
2002,11,29,1,0,0,0,-9,-12,77,766,2.6,240,0.18
2002,11,29,2,0,0,0,-6,-10,70,768,2.6,250,0.18
2002,11,29,3,0,0,0,-6,-10,70,768,3.6,270,0.18
2002,11,29,4,0,0,0,-8,-11,77,767,2.1,20,0.18
2002,11,29,5,0,0,0,-7,-9,84,770,1.5,240,0.18
2002,11,29,6,0,0,0,-7,-11,70,770,3.6,300,0.18
2002,11,29,7,4,207,1,-8,-12,70,770,2.6,280,0.18
2002,11,29,8,148,736,15,-2,-9,55,774,0,0,0.18
2002,11,29,9,310,855,31,3,-9,37,777,2.6,80,0.18
2002,11,29,10,446,923,46,4,-11,29,777,1.5,160,0.18
2002,11,29,11,516,952,43,7,-11,24,777,1.5,150,0.18
2002,11,29,12,557,985,54,8,-12,20,778,3.1,130,0.18
2002,11,29,13,520,936,75,8,-12,20,777,4.1,140,0.18
2002,11,29,14,397,721,115,9,-10,23,776,3.6,110,0.18
2002,11,29,15,307,774,101,5,-11,27,774,2.1,190,0.18
2002,11,29,16,0,0,0,4,-11,29,775,0,0,0.18
2002,11,29,17,0,0,0,2,-9,40,774,4.1,170,0.18
2002,11,29,18,0,0,0,0,-11,39,773,2.1,30,0.18
2002,11,29,19,0,0,0,-7,-12,64,769,0,0,0.18
2002,11,29,20,0,0,0,-7,-12,64,768,3.6,250,0.18
2002,11,29,21,0,0,0,-7,-11,70,767,2.1,250,0.18
2002,11,29,22,0,0,0,-8,-12,70,766,3.1,240,0.18
2002,11,29,23,0,0,0,-7,-11,70,766,0,0,0.18
2002,11,30,0,0,0,0,-8,-12,70,764,0,0,0.18
2002,11,30,1,0,0,0,-6,-9,77,766,1.5,260,0.18
2002,11,30,2,0,0,0,-4,-9,65,767,0,0,0.18
2002,11,30,3,0,0,0,-3,-8,65,768,0,0,0.18
2002,11,30,4,0,0,0,-2,-8,60,769,0,0,0.18
2002,11,30,5,0,0,0,-1,-8,55,770,0,0,0.18
2002,11,30,6,0,0,0,1,-7,51,772,3.6,120,0.18
2002,11,30,7,0,0,0,1,-4,67,774,5.7,130,0.18
2002,11,30,8,38,0,38,-1,-3,85,773,0,0,0.18
2002,11,30,9,52,0,52,1,-2,79,774,0,0,0.18
2002,11,30,10,209,64,182,2,-2,73,775,4.1,160,0.18
2002,11,30,11,313,155,236,2,-2,73,774,3.6,130,0.18
2002,11,30,12,470,568,181,2,-1,80,773,4.6,140,0.18
2002,11,30,13,426,548,167,3,0,81,773,3.6,140,0.18
2002,11,30,14,187,51,167,4,-1,69,772,4.6,150,0.18
2002,11,30,15,208,355,114,3,-1,74,772,3.1,170,0.18
2002,11,30,16,0,0,0,2,0,87,771,2.1,140,0.18
2002,11,30,17,0,0,0,1,0,93,770,0,0,0.18
2002,11,30,18,0,0,0,0,0,100,770,0,0,0.18
2002,11,30,19,0,0,0,-1,-1,100,770,2.1,130,0.18
2002,11,30,20,0,0,0,-1,-1,100,770,2.1,270,0.18
2002,11,30,21,0,0,0,-3.3,-3.8,100,770,2,0,0.18
2002,11,30,22,0,0,0,-5.8,-6.6,100,769,1.9,140,0.18
2002,11,30,23,0,0,0,-8.2,-9.5,100,769,1.8,0,0.18
2004,12,1,0,0,0,0,-10.6,-12.3,68,760,1.8,250,0.2
2004,12,1,1,0,0,0,-13,-15.2,75,760,1.7,270,0.2
2004,12,1,2,0,0,0,-15.5,-18,75,759,1.6,240,0.2
2004,12,1,3,0,0,0,-18,-21,75,759,1.5,260,0.2
2004,12,1,4,0,0,0,-18,-21,75,759,2.1,270,0.2
2004,12,1,5,0,0,0,-20,-23,75,760,2.6,280,0.2
2004,12,1,6,0,0,0,-19,-23,68,762,3.6,270,0.2
2004,12,1,7,1,85,1,-20,-23,75,762,2.6,270,0.2
2004,12,1,8,110,466,29,-17,-21,68,763,2.6,250,0.2
2004,12,1,9,251,595,61,-12,-18,57,767,0,0,0.2
2004,12,1,10,311,321,174,-7,-16,45,770,2.6,20,0.2
2004,12,1,11,533,851,116,-6,-15,45,769,1.5,330,0.2
2004,12,1,12,556,979,62,-4,-13,45,770,2.6,50,0.2
2004,12,1,13,480,899,57,-4,-15,38,770,2.1,320,0.2
2004,12,1,14,419,976,41,-4,-13,45,770,2.6,290,0.2
2004,12,1,15,279,982,20,-4,-13,45,770,3.1,280,0.2
2004,12,1,16,149,0,149,-6,-13,54,769,0,0,0.2
2004,12,1,17,0,0,0,-13,-17,69,767,3.1,260,0.2
2004,12,1,18,0,0,0,-12,-15,76,767,3.1,30,0.2
2004,12,1,19,0,0,0,-13,-15,83,767,2.6,30,0.2
2004,12,1,20,0,0,0,-17,-19,83,764,3.1,300,0.2
2004,12,1,21,0,0,0,-17,-19,83,763,1.5,290,0.2
2004,12,1,22,0,0,0,-18,-21,75,761,3.6,280,0.2
2004,12,1,23,0,0,0,-19,-21,83,760,4.1,270,0.2
2004,12,2,0,0,0,0,-18,-21,75,760,4.6,270,0.2
2004,12,2,1,0,0,0,-19,-21,83,760,4.6,270,0.2
2004,12,2,2,0,0,0,-19,-21,83,760,3.1,270,0.2
2004,12,2,3,0,0,0,-18,-20,83,760,4.1,270,0.2
2004,12,2,4,0,0,0,-20,-22,82,760,0,0,0.2
2004,12,2,5,0,0,0,-20,-22,82,762,0,0,0.2
2004,12,2,6,0,0,0,-21,-24,75,761,0,0,0.2
2004,12,2,7,1,147,0,-22,-24,82,761,0,0,0.2
2004,12,2,8,140,735,14,-18,-20.4,80,764,0,0,0.2
2004,12,2,9,321,914,33,-13.6,-17.3,71,766,2.6,280,0.2
2004,12,2,10,466,992,46,-9.7,-14.9,63,769,1.5,10,0.2
2004,12,2,11,544,1023,45,-7,-13,59,772,0,0,0.2
2004,12,2,12,575,1039,52,-3,-13,42,773,2.1,360,0.2
2004,12,2,13,539,1034,55,-3,-12,46,773,3.6,170,0.2
2004,12,2,14,434,1015,43,-2,-12,42,774,2.6,160,0.2
2004,12,2,15,289,982,31,-2,-12,42,773,2.1,140,0.2
2004,12,2,16,305,1058,193,-6,-13,54,772,1.5,180,0.2
2004,12,2,17,0,0,0,-11,-16,63,770,2.6,60,0.2
2004,12,2,18,0,0,0,-17,-19,83,767,2.1,250,0.2
2004,12,2,19,0,0,0,-16,-18,83,768,1.5,270,0.2
2004,12,2,20,0,0,0,-16,-18,83,767,3.6,280,0.2
2004,12,2,21,0,0,0,-17,-19,83,765,3.6,270,0.2
2004,12,2,22,0,0,0,-17,-19,83,764,4.1,270,0.2
2004,12,2,23,0,0,0,-17,-19,83,764,5.1,280,0.2
2004,12,3,0,0,0,0,-18,-21,75,762,4.6,280,0.2
2004,12,3,1,0,0,0,-18,-20,83,762,4.1,270,0.2
2004,12,3,2,0,0,0,-19,-22,75,761,3.6,260,0.2
2004,12,3,3,0,0,0,-20,-22,82,761,3.6,270,0.2
2004,12,3,4,0,0,0,-21,-23,82,760,4.6,270,0.2
2004,12,3,5,0,0,0,-22,-24,82,761,2.6,270,0.2
2004,12,3,6,0,0,0,-21,-24,75,763,4.1,270,0.2
2004,12,3,7,1,69,0,-20,-23,75,764,4.6,270,0.2
2004,12,3,8,88,256,45,-17,-21,68,766,3.6,280,0.2
2004,12,3,9,264,583,82,-12,-17,63,769,1.5,290,0.2
2004,12,3,10,166,52,144,-8,-14,58,772,1.5,330,0.2
2004,12,3,11,491,755,125,-4,-17,31,773,0,0,0.2
2004,12,3,12,439,574,151,-2,-17,27,774,0,0,0.2
2004,12,3,13,360,431,159,-2,-13,38,773,1.5,220,0.2
2004,12,3,14,292,434,125,-1,-12,39,774,0,0,0.2
2004,12,3,15,199,399,95,0,-13,32,775,2.1,150,0.2
2004,12,3,16,232,0,232,-4,-14,41,773,2.6,150,0.2
2004,12,3,17,0,0,0,-12,-17,63,768,1.5,250,0.2
2004,12,3,18,0,0,0,-17,-20,75,765,3.1,240,0.2
2004,12,3,19,0,0,0,-18,-21,75,765,3.6,260,0.2
2004,12,3,20,0,0,0,-18,-21,75,764,1.5,270,0.2
2004,12,3,21,0,0,0,-18,-21,75,762,2.1,280,0.2
2004,12,3,22,0,0,0,-17,-20,75,762,1.5,280,0.2
2004,12,3,23,0,0,0,-16,-19,75,761,3.1,270,0.2
2004,12,4,0,0,0,0,-19,-22,75,758,2.6,250,0.2
2004,12,4,1,0,0,0,-19,-22,75,758,1.5,260,0.2
2004,12,4,2,0,0,0,-19,-23,68,757,1.5,260,0.2
2004,12,4,3,0,0,0,-21,-24,75,755,3.1,250,0.2
2004,12,4,4,0,0,0,-19,-23,68,757,2.1,250,0.2
2004,12,4,5,0,0,0,-18,-22,68,759,2.6,260,0.2
2004,12,4,6,0,0,0,-18,-22,68,760,2.6,260,0.2
2004,12,4,7,0,117,0,-19,-23,68,760,3.1,260,0.2
2004,12,4,8,124,714,6,-16,-20,69,761,1.5,240,0.2
2004,12,4,9,291,895,14,-6,-17,37,766,2.1,250,0.2
2004,12,4,10,449,985,36,-2,-14,35,768,5.1,160,0.2
2004,12,4,11,543,1023,49,-2,-13,38,766,4.6,170,0.2
2004,12,4,12,574,1033,59,-2,-12,42,766,4.1,160,0.2
2004,12,4,13,533,776,172,-2,-12,42,765,5.7,160,0.2
2004,12,4,14,247,243,154,-1,-12,39,765,6.2,150,0.2
2004,12,4,15,170,150,131,-2,-11,46,764,3.6,150,0.2
2004,12,4,16,78,0,78,-4,-10,59,762,3.1,170,0.2
2004,12,4,17,0,0,0,-5,-12,54,761,4.1,140,0.2
2004,12,4,18,0,0,0,-8,-13,64,759,0,0,0.2
2004,12,4,19,0,0,0,-6,-11,64,760,2.1,300,0.2
2004,12,4,20,0,0,0,-7,-11,70,759,1.5,270,0.2
2004,12,4,21,0,0,0,-6,-11,64,758,2.1,240,0.2
2004,12,4,22,0,0,0,-6,-9,77,756,0,0,0.2
2004,12,4,23,0,0,0,-6,-9,77,756,1.5,20,0.2
2004,12,5,0,0,0,0,-6,-8,84,755,0,0,0.2
2004,12,5,1,0,0,0,-9,-11,84,754,1.5,200,0.2
2004,12,5,2,0,0,0,-12,-13,91,752,3.1,270,0.2
2004,12,5,3,0,0,0,-11,-12,91,753,3.1,250,0.2
2004,12,5,4,0,0,0,-13,-14,91,752,2.1,260,0.2
2004,12,5,5,0,0,0,-14,-16,83,752,4.1,270,0.2
2004,12,5,6,0,0,0,-16,-17,91,752,2.1,260,0.2
2004,12,5,7,0,0,0,-17,-18,91,751,1.5,250,0.2
2004,12,5,8,129,722,12,-16,-17,91,752,1.5,220,0.2
2004,12,5,9,300,906,21,-9,-12,77,757,1.5,270,0.2
2004,12,5,10,438,985,28,-6,-8,84,758,3.6,130,0.2
2004,12,5,11,531,1023,40,-4,-7,77,759,5.1,130,0.2
2004,12,5,12,568,1033,55,-4,-6,84,759,3.6,150,0.2
2004,12,5,13,532,862,133,-4,-7,77,759,4.1,140,0.2
2004,12,5,14,322,498,132,-3,-8,65,759,4.1,190,0.2
2004,12,5,15,130,86,108,-4,-10,59,759,3.6,220,0.2
2004,12,5,16,79,0,79,-4,-11,54,760,2.6,230,0.2
2004,12,5,17,0,0,0,-10,-12,84,756,0,0,0.2
2004,12,5,18,0,0,0,-11,-13,84,756,2.1,360,0.2
2004,12,5,19,0,0,0,-10,-12,84,757,0,0,0.2
2004,12,5,20,0,0,0,-8,-10,84,758,0,0,0.2
2004,12,5,21,0,0,0,-6,-7,92,757,2.6,140,0.2
2004,12,5,22,0,0,0,-6,-7,92,756,2.1,130,0.2
2004,12,5,23,0,0,0,-6,-6,100,756,0,0,0.2
2004,12,6,0,0,0,0,-6,-6,100,755,3.1,150,0.2
2004,12,6,1,0,0,0,-6,-6,100,755,2.6,150,0.2
2004,12,6,2,0,0,0,-6,-6,100,755,0,0,0.2
2004,12,6,3,0,0,0,-5,-6,92,756,1.5,130,0.2
2004,12,6,4,0,0,0,-6,-6,100,755,1.5,140,0.2
2004,12,6,5,0,0,0,-6,-7,92,756,1.5,330,0.2
2004,12,6,6,0,0,0,-5,-6,92,758,0,0,0.2
2004,12,6,7,0,0,0,-6,-6,100,758,1.5,180,0.2
2004,12,6,8,128,592,33,-5,-6,92,758,2.1,150,0.2
2004,12,6,9,266,681,59,-4,-5,92,759,2.1,120,0.2
2004,12,6,10,330,472,135,-4,-6,84,759,3.6,140,0.2
2004,12,6,11,364,363,190,-4,-6,84,759,3.1,130,0.2
2004,12,6,12,549,858,124,-2,-6,71,760,2.6,170,0.2
2004,12,6,13,526,1034,48,-1,-8,55,761,2.1,300,0.2
2004,12,6,14,427,1015,40,-1,-8,55,762,5.1,300,0.2
2004,12,6,15,289,983,34,-2,-9,55,762,5.1,320,0.2
2004,12,6,16,551,1400,403,-4,-11,54,761,3.1,310,0.2
2004,12,6,17,0,0,0,-10,-14,70,759,2.6,280,0.2
2004,12,6,18,0,0,0,-11,-14,76,759,2.1,240,0.2
2004,12,6,19,0,0,0,-13,-16,76,758,2.6,200,0.2
2004,12,6,20,0,0,0,-14,-16,83,758,2.1,270,0.2
2004,12,6,21,0,0,0,-13,-14,91,758,2.1,210,0.2
2004,12,6,22,0,0,0,-12,-13,91,760,0,0,0.2
2004,12,6,23,0,0,0,-12,-14,83,760,1.5,260,0.2
2004,12,7,0,0,0,0,-11,-13,84,760,0,0,0.2
2004,12,7,1,0,0,0,-11,-12,91,759,0,0,0.2
2004,12,7,2,0,0,0,-10,-12,84,760,1.5,250,0.2
2004,12,7,3,0,0,0,-8,-10,84,761,2.1,150,0.2
2004,12,7,4,0,0,0,-6,-7,92,763,3.6,130,0.2
2004,12,7,5,0,0,0,-6,-7,92,764,4.1,130,0.2
2004,12,7,6,0,0,0,-6,-7,92,764,5.1,150,0.2
2004,12,7,7,0,0,0,-6,-6,100,765,5.1,130,0.2
2004,12,7,8,98,396,35,-5,-6,92,766,5.1,130,0.2
2004,12,7,9,177,201,116,-4,-5,92,767,5.1,130,0.2
2004,12,7,10,272,233,176,-4,-4,100,766,5.7,130,0.2
2004,12,7,11,427,606,138,-4,-4,100,765,5.1,140,0.2
2004,12,7,12,197,18,188,-3,-4,92,765,5.1,140,0.2
2004,12,7,13,279,166,203,-3,-4,92,764,4.6,130,0.2
2004,12,7,14,344,715,72,-3,-4,92,764,5.1,130,0.2
2004,12,7,15,249,841,32,-3,-4,92,763,4.6,130,0.2
2004,12,7,16,235,1304,99,-3,-4,92,763,5.1,130,0.2
2004,12,7,17,0,0,0,-3,-4,92,763,5.1,140,0.2
2004,12,7,18,0,0,0,-3,-4,92,763,4.1,140,0.2
2004,12,7,19,0,0,0,-3,-4,92,763,4.6,140,0.2
2004,12,7,20,0,0,0,-4,-4,100,763,4.1,140,0.2
2004,12,7,21,0,0,0,-4,-4,100,762,4.6,150,0.2
2004,12,7,22,0,0,0,-4,-4,100,763,3.1,150,0.2
2004,12,7,23,0,0,0,-4,-5,92,763,2.6,150,0.2
2004,12,8,0,0,0,0,-7,-7,100,761,0,0,0.2
2004,12,8,1,0,0,0,-4,-6,84,763,0,0,0.2
2004,12,8,2,0,0,0,-5,-6,92,762,2.1,150,0.2
2004,12,8,3,0,0,0,-5,-6,92,762,3.6,140,0.2
2004,12,8,4,0,0,0,-4,-5,92,763,2.1,20,0.2
2004,12,8,5,0,0,0,-8,-8,100,761,1.5,270,0.2
2004,12,8,6,0,0,0,-12,-13,91,759,2.1,260,0.2
2004,12,8,7,0,0,0,-14,-16,83,758,2.6,250,0.2
2004,12,8,8,19,0,19,-13,-14,91,759,0,0,0.2
2004,12,8,9,56,0,56,-8,-8,100,762,0,0,0.2
2004,12,8,10,112,0,112,-4,-4,100,765,0,0,0.2
2004,12,8,11,202,36,185,-3,-3,100,766,0,0,0.2
2004,12,8,12,86,0,86,-3,-3,100,765,0,0,0.2
2004,12,8,13,80,0,80,-2,-3,92,766,0,0,0.2
2004,12,8,14,240,217,157,-2,-3,92,766,1.5,150,0.2
2004,12,8,15,219,492,92,-2,-3,92,766,0,0,0.2
2004,12,8,16,155,0,155,-2,-3,92,766,0,0,0.2
2004,12,8,17,0,0,0,-3,-3,100,767,0,0,0.2
2004,12,8,18,0,0,0,-4,-4,100,768,0,0,0.2
2004,12,8,19,0,0,0,-6,-7,92,767,0,0,0.2
2004,12,8,20,0,0,0,-5,-6,92,768,0,0,0.2
2004,12,8,21,0,0,0,-6,-7,92,767,0,0,0.2
2004,12,8,22,0,0,0,-7,-8,92,765,0,0,0.2
2004,12,8,23,0,0,0,-11,-13,84,763,0,0,0.2
2004,12,9,0,0,0,0,-4,-6,84,767,1.5,320,0.2
2004,12,9,1,0,0,0,-2,-4,85,768,2.1,340,0.2
2004,12,9,2,0,0,0,-2,-4,85,769,3.1,360,0.2
2004,12,9,3,0,0,0,-2,-5,78,769,2.6,310,0.2
2004,12,9,4,0,0,0,-3,-5,84,769,3.1,330,0.2
2004,12,9,5,0,0,0,-2,-5,78,770,3.1,10,0.2
2004,12,9,6,0,0,0,-2,-4,85,771,3.6,330,0.2
2004,12,9,7,0,0,0,-2,-4,85,772,5.7,300,0.2
2004,12,9,8,93,499,17,-1,-3,85,772,8.2,300,0.2
2004,12,9,9,246,596,68,1,-2,79,775,8.7,280,0.2
2004,12,9,10,303,349,161,2,-2,73,776,8.2,280,0.2
2004,12,9,11,513,850,111,3,-2,68,778,6.2,280,0.2
2004,12,9,12,555,1032,48,5,-3,55,777,7.2,300,0.2
2004,12,9,13,492,1008,31,6,-3,51,777,7.2,300,0.2
2004,12,9,14,427,1015,41,6,-3,51,777,8.7,310,0.2
2004,12,9,15,269,983,15,6,-3,51,777,7.7,310,0.2
2004,12,9,16,230,0,230,4,-3,59,777,4.6,310,0.2
2004,12,9,17,0,0,0,3,-3,63,776,5.7,300,0.2
2004,12,9,18,0,0,0,2,-2,73,777,4.1,350,0.2
2004,12,9,19,0,0,0,2,-2,73,777,6.2,290,0.2
2004,12,9,20,0,0,0,-2,-4,85,775,2.6,240,0.2
2004,12,9,21,0,0,0,-2,-4,85,775,4.1,310,0.2
2004,12,9,22,0,0,0,-5,-7,84,774,2.6,270,0.2
2004,12,9,23,0,0,0,-6,-7,92,773,3.1,240,0.2
2004,12,10,0,0,0,0,-5,-7,84,774,3.6,250,0.2
2004,12,10,1,0,0,0,-7,-8,92,772,3.6,250,0.2
2004,12,10,2,0,0,0,-7.5,-8.4,92,773,2.9,250,0.2
2004,12,10,3,0,0,0,-7.7,-8.7,92,772,2.2,250,0.2
2004,12,10,4,0,0,0,-8,-9,92,772,1.5,250,0.2
2004,12,10,5,0,0,0,-8,-9,92,773,4.1,270,0.2
2004,12,10,6,0,0,0,-7,-8,92,773,2.6,270,0.2
2004,12,10,7,0,0,0,-7,-8,92,774,4.6,280,0.2
2004,12,10,8,114,697,9,-6,-8,84,775,3.1,270,0.2
2004,12,10,9,291,901,25,-2,-5,78,778,1.5,260,0.2
2004,12,10,10,440,983,42,2,-3,67,781,0,0,0.2
2004,12,10,11,501,998,31,4,-2,64,781,0,0,0.2
2004,12,10,12,542,1032,37,8,-3,44,783,0,0,0.2
2004,12,10,13,518,1028,48,8,-2,48,783,1.5,60,0.2
2004,12,10,14,426,1015,42,9,-2,45,783,0,0,0.2
2004,12,10,15,279,983,25,8,-1,52,782,3.1,130,0.2
2004,12,10,16,75,0,75,5,-1,64,781,4.1,130,0.2
2004,12,10,17,0,0,0,-1,-2,92,778,2.6,160,0.2
2004,12,10,18,0,0,0,-3,-5,84,777,1.5,260,0.2
2004,12,10,19,0,0,0,-6,-7,92,775,2.6,230,0.2
2004,12,10,20,0,0,0,-7,-8,92,774,2.6,240,0.2
2004,12,10,21,0,0,0,-8,-9,92,772,2.6,260,0.2
2004,12,10,22,0,0,0,-5,-7,84,773,2.1,230,0.2
2004,12,10,23,0,0,0,-4,-7,77,773,3.1,270,0.2
2004,12,11,0,0,0,0,-7,-9,84,770,1.5,270,0.2
2004,12,11,1,0,0,0,-7,-9,84,770,3.6,260,0.2
2004,12,11,2,0,0,0,-6,-8,84,770,4.6,270,0.2
2004,12,11,3,0,0,0,-7,-9,84,769,3.1,260,0.2
2004,12,11,4,0,0,0,-9,-11,84,768,2.6,250,0.2
2004,12,11,5,0,0,0,-11,-12,91,768,2.1,250,0.2
2004,12,11,6,0,0,0,-12,-14,83,769,2.6,240,0.2
2004,12,11,7,0,0,0,-8,-10,84,771,4.6,260,0.2
2004,12,11,8,100,414,39,-5,-9,71,774,3.1,260,0.2
2004,12,11,9,111,28,103,-1,-7,60,776,2.1,260,0.2
2004,12,11,10,207,99,167,2,-4,62,777,1.5,240,0.2
2004,12,11,11,529,778,163,4,-3,59,777,1.5,220,0.2
2004,12,11,12,419,489,180,7,-1,56,778,3.1,150,0.2
2004,12,11,13,472,831,92,8,-1,52,778,1.5,140,0.2
2004,12,11,14,404,983,32,8,-1,52,778,2.1,220,0.2
2004,12,11,15,278,982,25,7,-2,52,777,3.1,170,0.2
2004,12,11,16,294,1045,184,4,-1,69,776,5.1,150,0.2
2004,12,11,17,0,0,0,-1,-3,85,774,2.6,250,0.2
2004,12,11,18,0,0,0,-3,-6,77,774,2.1,230,0.2
2004,12,11,19,0,0,0,-4,-6,84,773,0,0,0.2
2004,12,11,20,0,0,0,-3,-7,71,773,4.1,270,0.2
2004,12,11,21,0,0,0,-3,-7,71,772,5.1,260,0.2
2004,12,11,22,0,0,0,-2,-7,65,772,5.1,270,0.2
2004,12,11,23,0,0,0,-5,-8,77,769,2.6,240,0.2
2004,12,12,0,0,0,0,-4,-8,71,769,4.6,270,0.2
2004,12,12,1,0,0,0,-4,-9,65,768,4.6,270,0.2
2004,12,12,2,0,0,0,-5,-9,71,768,4.6,280,0.2
2004,12,12,3,0,0,0,-5,-9,71,768,5.1,270,0.2
2004,12,12,4,0,0,0,-5,-9,71,768,5.1,270,0.2
2004,12,12,5,0,0,0,-5,-9,71,770,4.6,280,0.2
2004,12,12,6,0,0,0,-6,-10,70,770,4.1,280,0.2
2004,12,12,7,0,0,0,-7,-10,77,770,4.6,270,0.2
2004,12,12,8,102,635,10,-4,-9,65,772,3.1,260,0.2
2004,12,12,9,290,750,71,1,-7,51,775,2.1,260,0.2
2004,12,12,10,302,366,155,5,-4,50,776,1.5,230,0.2
2004,12,12,11,494,766,135,7,-3,48,777,0,0,0.2
2004,12,12,12,455,712,108,8,-3,44,777,0,0,0.2
2004,12,12,13,525,923,103,9,-4,38,778,1.5,140,0.2
2004,12,12,14,426,1014,42,8,-3,44,777,2.6,150,0.2
2004,12,12,15,288,982,34,8,-2,48,777,1.5,150,0.2
2004,12,12,16,72,0,72,4,-2,64,775,3.1,160,0.2
2004,12,12,17,0,0,0,-1,-4,78,773,1.5,210,0.2
2004,12,12,18,0,0,0,-3,-5,84,772,1.5,230,0.2
2004,12,12,19,0,0,0,-5,-7,84,771,2.6,230,0.2
2004,12,12,20,0,0,0,-6,-8,84,770,2.6,240,0.2
2004,12,12,21,0,0,0,-6,-8,84,769,2.6,230,0.2
2004,12,12,22,0,0,0,-7,-10,77,768,2.1,230,0.2
2004,12,12,23,0,0,0,-7,-10,77,767,2.1,250,0.2
2004,12,13,0,0,0,0,-9,-11,84,766,2.6,220,0.2
2004,12,13,1,0,0,0,-8,-11,77,766,1.5,270,0.2
2004,12,13,2,0,0,0,-7,-9,84,767,3.1,250,0.2
2004,12,13,3,0,0,0,-8,-10,84,766,2.1,280,0.2
2004,12,13,4,0,0,0,-10,-12,84,766,0,0,0.2
2004,12,13,5,0,0,0,-9,-11,84,769,2.6,260,0.2
2004,12,13,6,0,0,0,-9,-11,84,770,2.6,270,0.2
2004,12,13,7,0,0,0,-9,-11,84,770,2.1,250,0.2
2004,12,13,8,101,664,6,-6,-8,84,773,2.6,250,0.2
2004,12,13,9,289,866,39,-3,-7,71,775,0,0,0.2
2004,12,13,10,402,924,32,4,-1,69,779,2.6,140,0.2
2004,12,13,11,529,968,76,4,-1,69,779,3.1,140,0.2
2004,12,13,12,517,972,44,5,-1,64,779,4.6,150,0.2
2004,12,13,13,504,1027,36,5,-1,64,779,4.1,160,0.2
2004,12,13,14,411,1008,29,6,0,65,780,3.6,150,0.2
2004,12,13,15,287,981,33,5,1,75,779,3.6,150,0.2
2004,12,13,16,139,0,139,3,0,81,779,3.1,160,0.2
2004,12,13,17,0,0,0,-1,-2,92,777,1.5,210,0.2
2004,12,13,18,0,0,0,-3,-4,92,777,2.1,230,0.2
2004,12,13,19,0,0,0,-4,-6,84,777,2.6,250,0.2
2004,12,13,20,0,0,0,-4,-6,84,776,2.6,270,0.2
2004,12,13,21,0,0,0,-7,-8,92,774,1.5,270,0.2
2004,12,13,22,0,0,0,-7,-8,92,772,2.6,260,0.2
2004,12,13,23,0,0,0,-6,-7,92,773,3.6,270,0.2
2004,12,14,0,0,0,0,-6,-7,92,773,4.1,270,0.2
2004,12,14,1,0,0,0,-8,-9,92,772,0,0,0.2
2004,12,14,2,0,0,0,-8,-10,84,772,2.1,240,0.2
2004,12,14,3,0,0,0,-7,-9,84,772,3.1,260,0.2
2004,12,14,4,0,0,0,-7,-9,84,773,1.5,250,0.2
2004,12,14,5,0,0,0,-10,-12,84,772,1.5,230,0.2
2004,12,14,6,0,0,0,-11,-13,84,772,1.5,230,0.2
2004,12,14,7,0,0,0,-12,-13,91,772,2.1,240,0.2
2004,12,14,8,94,432,33,-7,-9,84,775,1.5,220,0.2
2004,12,14,9,183,310,94,-4,-6,84,778,1.5,290,0.2
2004,12,14,10,333,581,101,0,-4,72,780,0,0,0.2
2004,12,14,11,528,849,132,4,-2,64,781,3.1,150,0.2
2004,12,14,12,498,893,64,4,-2,64,779,4.1,150,0.2
2004,12,14,13,478,972,35,5,-2,59,780,2.6,160,0.2
2004,12,14,14,418,1014,34,6,-2,55,780,3.6,150,0.2
2004,12,14,15,286,980,33,5,-2,59,779,4.1,150,0.2
2004,12,14,16,335,1016,227,1,-3,72,777,3.6,160,0.2
2004,12,14,17,0,0,0,-2,-3,92,776,0,0,0.2
2004,12,14,18,0,0,0,-5,-6,92,774,2.1,230,0.2
2004,12,14,19,0,0,0,-6,-7,92,774,2.6,250,0.2
2004,12,14,20,0,0,0,-4,-6,84,774,1.5,250,0.2
2004,12,14,21,0,0,0,-7,-9,84,771,2.6,250,0.2
2004,12,14,22,0,0,0,-7,-8,92,770,2.6,250,0.2
2004,12,14,23,0,0,0,-7,-9,84,769,5.7,270,0.2
2004,12,15,0,0,0,0,-7,-9,84,768,5.1,270,0.2
2004,12,15,1,0,0,0,-8,-10,84,767,4.6,270,0.2
2004,12,15,2,0,0,0,-8,-10,84,767,5.7,270,0.2
2004,12,15,3,0,0,0,-2,-6,71,770,5.1,330,0.2
2004,12,15,4,0,0,0,-2,-6,71,771,5.7,310,0.2
2004,12,15,5,0,0,0,-3,-6,77,772,5.1,300,0.2
2004,12,15,6,0,0,0,-4,-6,84,772,5.1,310,0.2
2004,12,15,7,0,0,0,-3,-6,77,773,5.1,320,0.2
2004,12,15,8,106,674,12,-1,-5,71,775,5.1,350,0.2
2004,12,15,9,274,803,45,1,-4,67,777,6.7,10,0.2
2004,12,15,10,343,639,89,2,-5,57,777,4.6,340,0.2
2004,12,15,11,482,896,65,2,-4,62,777,7.7,290,0.2
2004,12,15,12,547,977,73,2,-5,57,776,7.2,300,0.2
2004,12,15,13,517,1033,47,2,-4,62,776,9.3,290,0.2
2004,12,15,14,425,1014,41,3,-5,53,777,5.7,300,0.2
2004,12,15,15,286,979,32,2,-5,57,775,7.2,300,0.2
2004,12,15,16,129,0,129,0,-6,60,774,6.2,300,0.2
2004,12,15,17,0,0,0,-2,-6,71,774,6.2,330,0.2
2004,12,15,18,0,0,0,-3,-7,71,774,6.2,320,0.2
2004,12,15,19,0,0,0,-3,-7,71,775,3.6,340,0.2
2004,12,15,20,0,0,0,-5,-7,84,773,4.6,270,0.2
2004,12,15,21,0,0,0,-6,-8,84,773,0,0,0.2
2004,12,15,22,0,0,0,-6,-8,84,773,2.6,320,0.2
2004,12,15,23,0,0,0,-6,-7,92,773,6.2,330,0.2
2004,12,16,0,0,0,0,-7,-8,92,772,0,0,0.2
2004,12,16,1,0,0,0,-4,-8,71,775,5.7,320,0.2
2004,12,16,2,0,0,0,-6,-8,84,774,5.7,340,0.2
2004,12,16,3,0,0,0,-6,-8,84,773,5.7,320,0.2
2004,12,16,4,0,0,0,-7,-8,92,773,4.1,320,0.2
2004,12,16,5,0,0,0,-7,-9,84,774,1.5,320,0.2
2004,12,16,6,0,0,0,-8,-9,92,775,2.1,310,0.2
2004,12,16,7,0,0,0,-11,-13,84,773,2.1,310,0.2
2004,12,16,8,90,620,4,-11,-13,84,774,2.1,210,0.2
2004,12,16,9,260,858,16,-4,-7,77,779,3.6,30,0.2
2004,12,16,10,417,871,72,-1,-7,60,781,5.1,40,0.2
2004,12,16,11,447,754,97,0,-8,51,781,7.7,40,0.2
2004,12,16,12,553,917,109,2,-8,44,782,6.2,40,0.2
2004,12,16,13,510,1027,43,2,-8,44,781,5.7,50,0.2
2004,12,16,14,424,1013,41,3,-9,37,783,4.1,30,0.2
2004,12,16,15,275,985,19,2,-9,40,782,3.1,60,0.2
2004,12,16,16,62,0,62,1,-9,43,782,2.6,60,0.2
2004,12,16,17,0,0,0,-3,-10,55,780,1.5,80,0.2
2004,12,16,18,0,0,0,-8,-12,70,778,4.1,270,0.2
2004,12,16,19,0,0,0,-9,-13,70,778,3.6,270,0.2
2004,12,16,20,0,0,0,-8,-12,70,779,2.1,340,0.2
2004,12,16,21,0,0,0,-11,-13,84,776,2.6,270,0.2
2004,12,16,22,0,0,0,-11,-14,76,775,4.1,290,0.2
2004,12,16,23,0,0,0,-12,-14,83,774,4.1,280,0.2
2004,12,17,0,0,0,0,-12,-14,83,773,3.1,240,0.2
2004,12,17,1,0,0,0,-13,-16,76,772,4.6,280,0.2
2004,12,17,2,0,0,0,-13,-15,83,772,4.6,270,0.2
2004,12,17,3,0,0,0,-13,-15,83,771,4.6,270,0.2
2004,12,17,4,0,0,0,-13,-15,83,772,2.1,270,0.2
2004,12,17,5,0,0,0,-14,-16,83,772,3.6,270,0.2
2004,12,17,6,0,0,0,-14,-16,83,773,4.1,280,0.2
2004,12,17,7,0,0,0,-14,-16,83,774,2.1,270,0.2
2004,12,17,8,95,534,22,-10,-13,76,775,3.1,290,0.2
2004,12,17,9,223,586,57,-6,-11,64,779,2.1,20,0.2
2004,12,17,10,395,865,54,-1,-8,55,782,1.5,360,0.2
2004,12,17,11,521,1015,51,2,-11,34,782,1.5,320,0.2
2004,12,17,12,552,863,135,3,-12,29,782,2.1,280,0.2
2004,12,17,13,397,584,131,4,-12,27,782,3.6,300,0.2
2004,12,17,14,327,688,67,4,-11,29,781,4.1,290,0.2
2004,12,17,15,264,757,67,4,-9,35,782,2.6,50,0.2
2004,12,17,16,60,0,60,1,-8,47,781,2.6,10,0.2
2004,12,17,17,0,0,0,1,-11,36,781,2.6,340,0.2
2004,12,17,18,0,0,0,-2,-12,42,780,2.6,320,0.2
2004,12,17,19,0,0,0,-4,-11,54,779,3.6,280,0.2
2004,12,17,20,0,0,0,-4,-11,54,777,2.6,270,0.2
2004,12,17,21,0,0,0,-4,-12,50,776,3.1,280,0.2
2004,12,17,22,0,0,0,-7,-12,64,773,1.5,290,0.2
2004,12,17,23,0,0,0,-8,-12,70,772,5.1,260,0.2
2004,12,18,0,0,0,0,-6,-12,59,772,4.1,230,0.2
2004,12,18,1,0,0,0,-7,-13,59,772,2.1,270,0.2
2004,12,18,2,0,0,0,-10,-13,76,771,3.6,300,0.2
2004,12,18,3,0,0,0,-6,-13,54,772,5.7,330,0.2
2004,12,18,4,0,0,0,-6,-12,59,773,4.1,300,0.2
2004,12,18,5,0,0,0,-7,-12,64,773,3.6,300,0.2
2004,12,18,6,0,0,0,-4,-12,50,776,4.6,350,0.2
2004,12,18,7,0,0,0,-9,-12,77,774,3.6,340,0.2
2004,12,18,8,71,277,33,-3,-11,50,778,3.6,350,0.2
2004,12,18,9,272,740,64,-1,-9,50,779,2.1,360,0.2
2004,12,18,10,405,969,24,2,-8,44,781,2.1,10,0.2
2004,12,18,11,487,997,26,4,-8,38,782,2.6,20,0.2
2004,12,18,12,527,1025,32,6,-7,36,782,3.6,360,0.2
2004,12,18,13,509,1027,42,7,-7,34,782,2.1,360,0.2
2004,12,18,14,431,1013,47,7,-6,37,783,1.5,30,0.2
2004,12,18,15,283,983,26,7,-7,34,782,1.5,60,0.2
2004,12,18,16,114,0,114,2,-6,52,780,1.5,230,0.2
2004,12,18,17,0,0,0,-2,-7,65,779,2.1,220,0.2
2004,12,18,18,0,0,0,-6,-8,84,776,0,0,0.2
2004,12,18,19,0,0,0,-7,-9,84,777,2.6,260,0.2
2004,12,18,20,0,0,0,-6,-9,77,777,3.6,280,0.2
2004,12,18,21,0,0,0,-7,-10,77,776,4.1,270,0.2
2004,12,18,22,0,0,0,-7,-10,77,775,0,0,0.2
2004,12,18,23,0,0,0,-9,-12,77,773,3.6,270,0.2
2004,12,19,0,0,0,0,-9,-12,77,773,3.6,280,0.2
2004,12,19,1,0,0,0,-10,-12,84,771,4.1,280,0.2
2004,12,19,2,0,0,0,-10,-13,76,771,4.1,280,0.2
2004,12,19,3,0,0,0,-11,-13,84,770,4.1,270,0.2
2004,12,19,4,0,0,0,-11,-13,84,771,2.1,270,0.2
2004,12,19,5,0,0,0,-11,-13,84,772,3.6,270,0.2
2004,12,19,6,0,0,0,-12,-14,83,772,3.6,270,0.2
2004,12,19,7,0,0,0,-11,-14,76,773,4.6,270,0.2
2004,12,19,8,73,313,31,-8,-13,64,774,2.6,260,0.2
2004,12,19,9,267,740,60,-3,-11,50,778,2.1,270,0.2
2004,12,19,10,400,963,22,1,-9,43,780,0,0,0.2
2004,12,19,11,509,1014,41,4,-7,42,781,1.5,170,0.2
2004,12,19,12,533,1031,35,8,-8,29,782,3.6,140,0.2
2004,12,19,13,503,1027,35,7,-8,31,780,3.6,150,0.2
2004,12,19,14,430,1012,46,7,-7,34,780,3.6,150,0.2
2004,12,19,15,292,981,34,6,-6,39,779,4.1,150,0.2
2004,12,19,16,54,0,54,3,-6,49,777,0,0,0.2
2004,12,19,17,0,0,0,-4,-7,77,773,2.1,210,0.2
2004,12,19,18,0,0,0,-6,-8,84,772,2.1,250,0.2
2004,12,19,19,0,0,0,-7,-9,84,771,2.1,240,0.2
2004,12,19,20,0,0,0,-8,-11,77,770,2.1,220,0.2
2004,12,19,21,0,0,0,-9,-12,77,768,2.6,230,0.2
2004,12,19,22,0,0,0,-9,-13,70,766,0,0,0.2
2004,12,19,23,0,0,0,-8,-12,70,766,1.5,310,0.2
2004,12,20,0,0,0,0,-6.9,-12.4,61,765,2.8,290,0.2
2004,12,20,1,0,0,0,-6,-13,54,764,4.1,270,0.2
2004,12,20,2,0,0,0,-7,-13,59,763,5.1,280,0.2
2004,12,20,3,0,0,0,-6,-13,54,764,5.1,280,0.2
2004,12,20,4,0,0,0,-7,-13,59,763,5.1,260,0.2
2004,12,20,5,0,0,0,-8,-13,64,764,4.6,270,0.2
2004,12,20,6,0,0,0,-8,-13,64,765,2.6,270,0.2
2004,12,20,7,0,0,0,-7,-12,64,765,6.7,270,0.2
2004,12,20,8,49,92,37,-3,-11,50,767,5.1,270,0.2
2004,12,20,9,249,634,72,2,-9,40,770,3.6,270,0.2
2004,12,20,10,410,928,47,4,-7,42,771,4.6,270,0.2
2004,12,20,11,515,902,99,7,-7,34,772,2.6,270,0.2
2004,12,20,12,472,760,105,6,-5,43,770,4.1,250,0.2
2004,12,20,13,522,922,102,8,-9,26,770,6.2,310,0.2
2004,12,20,14,430,1012,45,8,-10,24,770,6.2,320,0.2
2004,12,20,15,291,980,33,7,-9,28,769,4.1,320,0.2
2004,12,20,16,156,0,156,4,-8,38,768,3.1,340,0.2
2004,12,20,17,0,0,0,3,-8,41,767,2.6,330,0.2
2004,12,20,18,0,0,0,1,-7,51,766,2.1,320,0.2
2004,12,20,19,0,0,0,-2,-7,65,764,0,0,0.2
2004,12,20,20,0,0,0,-3,-7,71,763,2.1,270,0.2
2004,12,20,21,0,0,0,-3,-7,71,761,3.1,350,0.2
2004,12,20,22,0,0,0,-6,-9,77,759,2.1,240,0.2
2004,12,20,23,0,0,0,-4,-8,71,760,1.5,270,0.2
2004,12,21,0,0,0,0,-3,-8,65,760,3.1,40,0.2
2004,12,21,1,0,0,0,-3,-7,71,760,2.1,340,0.2
2004,12,21,2,0,0,0,-3,-8,65,760,3.6,320,0.2
2004,12,21,3,0,0,0,-5,-8,77,759,2.1,270,0.2
2004,12,21,4,0,0,0,-4,-8,71,760,0,0,0.2
2004,12,21,5,0,0,0,-6,-9,77,759,0,0,0.2
2004,12,21,6,0,0,0,-6,-9,77,761,3.1,280,0.2
2004,12,21,7,0,0,0,-6,-8,84,761,5.1,300,0.2
2004,12,21,8,20,0,20,-6,-8,84,761,6.2,300,0.2
2004,12,21,9,235,584,72,-4.2,-8.6,68,763,6,310,0.2
2004,12,21,10,378,777,74,-3,-10,55,764,5.7,310,0.2
2004,12,21,11,354,356,190,-2,-11,46,763,4.6,290,0.2
2004,12,21,12,551,862,135,-1,-10,46,763,4.6,300,0.2
2004,12,21,13,522,1032,51,0,-12,36,763,5.7,290,0.2
2004,12,21,14,429,1011,44,0,-12,36,763,6.7,290,0.2
2004,12,21,15,280,985,19,-1,-13,35,762,8.2,310,0.2
2004,12,21,16,149,0,149,-2,-13,38,761,6.7,300,0.2
2004,12,21,17,0,0,0,-4,-14,41,761,4.6,300,0.2
2004,12,21,18,0,0,0,-7,-14,54,760,3.6,310,0.2
2004,12,21,19,0,0,0,-6,-17,37,760,4.6,320,0.2
2004,12,21,20,0,0,0,-7,-16,45,761,7.2,310,0.2
2004,12,21,21,0,0,0,-7,-13,59,761,5.7,310,0.2
2004,12,21,22,0,0,0,-8,-12,70,760,7.7,300,0.2
2004,12,21,23,0,0,0,-9,-11,84,759,5.7,330,0.2
2004,12,22,0,0,0,0,-9,-12,77,759,6.7,320,0.2
2004,12,22,1,0,0,0,-9.6,-12.6,76,759,1.5,340,0.2
2004,12,22,2,0,0,0,-10,-13,76,759,4.6,320,0.2
2004,12,22,3,0,0,0,-10,-14,70,759,4.1,350,0.2
2004,12,22,4,0,0,0,-10,-13,76,760,7.7,320,0.2
2004,12,22,5,0,0,0,-11,-13,84,761,2.6,360,0.2
2004,12,22,6,0,0,0,-12,-14,83,761,2.6,10,0.2
2004,12,22,7,0,0,0,-11,-14,76,762,4.1,340,0.2
2004,12,22,8,57,169,35,-10,-13,76,763,5.7,10,0.2
2004,12,22,9,270,656,89,-9,-13,70,764,7.2,40,0.2
2004,12,22,10,414,973,35,-8,-14,58,766,3.1,20,0.2
2004,12,22,11,520,1014,53,-7,-13,59,765,2.6,320,0.2
2004,12,22,12,520,1019,28,-7,-13,59,765,5.7,260,0.2
2004,12,22,13,521,1032,50,-5,-14,45,766,7.2,340,0.2
2004,12,22,14,421,1011,35,-6,-13,54,765,5.7,300,0.2
2004,12,22,15,279,984,18,-6,-13,54,765,7.7,310,0.2
2004,12,22,16,94,0,94,-8,-14,58,764,8.7,300,0.2
2004,12,22,17,0,0,0,-9,-14,64,764,6.7,310,0.2
2004,12,22,18,0,0,0,-11,-15,70,763,2.6,320,0.2
2004,12,22,19,0,0,0,-11,-16,63,763,4.1,330,0.2
2004,12,22,20,0,0,0,-13,-16,76,761,3.1,320,0.2
2004,12,22,21,0,0,0,-12,-17,63,761,4.1,340,0.2
2004,12,22,22,0,0,0,-13,-16,76,761,4.1,310,0.2
2004,12,22,23,0,0,0,-14,-17,76,760,3.6,290,0.2
2004,12,23,0,0,0,0,-15,-17,83,759,3.1,250,0.2
2004,12,23,1,0,0,0,-16,-18,83,757,4.1,240,0.2
2004,12,23,2,0,0,0,-14,-17,76,759,3.6,260,0.2
2004,12,23,3,0,0,0,-11,-15,70,761,5.1,310,0.2
2004,12,23,4,0,0,0,-12,-14,83,760,3.1,330,0.2
2004,12,23,5,0,0,0,-11,-14,76,761,4.6,310,0.2
2004,12,23,6,0,0,0,-11,-14,76,762,5.7,300,0.2
2004,12,23,7,0,0,0,-11,-13,84,763,3.1,360,0.2
2004,12,23,8,17,0,17,-10,-14,70,764,7.7,30,0.2
2004,12,23,9,162,220,101,-9,-13,70,765,6.2,50,0.2
2004,12,23,10,377,701,104,-9,-14,64,766,7.7,50,0.2
2004,12,23,11,497,960,55,-8,-17,44,767,8.2,30,0.2
2004,12,23,12,538,1031,40,-7,-18,37,767,7.2,10,0.2
2004,12,23,13,521,1032,49,-8,-18,40,767,7.2,20,0.2
2004,12,23,14,406,1004,21,-8,-18,40,766,10.3,30,0.2
2004,12,23,15,278,982,16,-9,-18,44,765,6.7,30,0.2
2004,12,23,16,180,743,93,-10,-18,48,765,6.2,20,0.2
2004,12,23,17,0,0,0,-12,-19,52,764,3.6,340,0.2
2004,12,23,18,0,0,0,-12,-20,48,765,4.6,10,0.2
2004,12,23,19,0,0,0,-13,-19,57,765,5.1,330,0.2
2004,12,23,20,0,0,0,-13,-19,57,765,3.6,340,0.2
2004,12,23,21,0,0,0,-15,-20,62,764,3.1,330,0.2
2004,12,23,22,0,0,0,-15,-20,62,764,3.6,340,0.2
2004,12,23,23,0,0,0,-15,-19,69,764,6.2,300,0.2
2004,12,24,0,0,0,0,-15,-20,62,763,5.7,310,0.2
2004,12,24,1,0,0,0,-14,-22,47,764,5.1,330,0.2
2004,12,24,2,0,0,0,-14,-23,43,765,6.2,320,0.2
2004,12,24,3,0,0,0,-13,-24,35,765,7.2,310,0.2
2004,12,24,4,0,0,0,-13,-23,39,766,6.2,320,0.2
2004,12,24,5,0,0,0,-13,-23,39,766,6.7,320,0.2
2004,12,24,6,0,0,0,-13,-22,43,767,6.2,330,0.2
2004,12,24,7,0,0,0,-12,-20,48,768,6.7,330,0.2
2004,12,24,8,90,644,8,-10,-19,44,770,5.7,320,0.2
2004,12,24,9,270,881,27,-7,-16,45,772,7.2,360,0.2
2004,12,24,10,419,973,40,-5,-16,38,773,4.6,290,0.2
2004,12,24,11,519,1014,53,-3,-13,42,774,5.1,270,0.2
2004,12,24,12,556,862,139,-2,-11,46,774,5.7,10,0.2
2004,12,24,13,402,590,132,-1,-12,39,774,6.7,320,0.2
2004,12,24,14,391,800,83,-1,-11,42,774,8.7,300,0.2
2004,12,24,15,296,910,51,-1,-11,42,773,6.7,320,0.2
2004,12,24,16,43,0,43,-2,-11,46,774,6.2,320,0.2
2004,12,24,17,0,0,0,-4,-12,50,773,6.2,310,0.2
2004,12,24,18,0,0,0,-6,-12,59,772,6.2,290,0.2
2004,12,24,19,0,0,0,-7,-12,64,771,3.6,290,0.2
2004,12,24,20,0,0,0,-8,-12,70,770,3.6,360,0.2
2004,12,24,21,0,0,0,-9,-12,77,769,3.1,310,0.2
2004,12,24,22,0,0,0,-9,-13,70,768,3.6,340,0.2
2004,12,24,23,0,0,0,-10,-13,76,767,3.6,350,0.2
2004,12,25,0,0,0,0,-11,-14,76,766,3.1,330,0.2
2004,12,25,1,0,0,0,-12,-14,83,765,2.6,360,0.2
2004,12,25,2,0,0,0,-12,-14,83,765,1.5,330,0.2
2004,12,25,3,0,0,0,-12,-15,76,764,0,0,0.2
2004,12,25,4,0,0,0,-10,-14,70,766,4.6,280,0.2
2004,12,25,5,0,0,0,-11,-14,76,765,2.6,310,0.2
2004,12,25,6,0,0,0,-11,-14,76,766,3.6,270,0.2
2004,12,25,7,0,0,0,-11,-14,76,766,3.1,270,0.2
2004,12,25,8,84,634,4,-8,-13,64,768,2.6,260,0.2
2004,12,25,9,269,798,50,-3,-11,50,771,2.1,290,0.2
2004,12,25,10,356,788,50,1,-9,43,773,0,0,0.2
2004,12,25,11,445,895,33,2,-11,34,773,4.1,150,0.2
2004,12,25,12,489,880,63,2,-11,34,773,3.6,170,0.2
2004,12,25,13,507,982,56,3,-11,31,773,4.1,150,0.2
2004,12,25,14,434,1016,42,3,-11,31,773,4.1,150,0.2
2004,12,25,15,294,985,28,3,-11,31,772,5.7,150,0.2
2004,12,25,16,81,0,81,1,-12,33,771,4.1,140,0.2
2004,12,25,17,0,0,0,-3,-12,46,769,1.5,190,0.2
2004,12,25,18,0,0,0,-7,-12,64,767,1.5,210,0.2
2004,12,25,19,0,0,0,-11,-13,84,765,1.5,230,0.2
2004,12,25,20,0,0,0,-12,-14,83,763,2.1,240,0.2
2004,12,25,21,0,0,0,-11,-13,84,763,2.6,270,0.2
2004,12,25,22,0,0,0,-12,-14,83,761,2.6,230,0.2
2004,12,25,23,0,0,0,-12,-14,83,761,2.6,260,0.2
2004,12,26,0,0,0,0,-12,-14,83,760,3.1,250,0.2
2004,12,26,1,0,0,0,-11,-14,76,761,1.5,200,0.2
2004,12,26,2,0,0,0,-11,-13,84,760,2.1,250,0.2
2004,12,26,3,0,0,0,-7,-13,59,763,0,0,0.2
2004,12,26,4,0,0,0,-7,-13,59,763,1.5,290,0.2
2004,12,26,5,0,0,0,-10,-13,76,762,1.5,240,0.2
2004,12,26,6,0,0,0,-11,-13,84,762,2.1,220,0.2
2004,12,26,7,0,0,0,-9,-13,70,765,2.1,270,0.2
2004,12,26,8,61,289,25,-6.3,-12.3,59,767,2.6,220,0.2
2004,12,26,9,224,605,58,-3,-12,46,769,3.1,170,0.2
2004,12,26,10,298,423,134,-1,-12,39,771,3.6,150,0.2
2004,12,26,11,279,154,208,0,-11,39,770,7.2,140,0.2
2004,12,26,12,366,343,200,1,-11,36,770,6.7,150,0.2
2004,12,26,13,467,669,159,2,-11,34,770,6.2,130,0.2
2004,12,26,14,125,0,125,2,-11,34,769,8.7,140,0.2
2004,12,26,15,189,314,104,2,-11,34,769,6.7,140,0.2
2004,12,26,16,155,855,50,0,-9,46,768,5.1,160,0.2
2004,12,26,17,0,0,0,-2,-9,55,768,3.6,160,0.2
2004,12,26,18,0,0,0,-3,-9,60,768,3.6,170,0.2
2004,12,26,19,0,0,0,-2,-9,55,768,4.1,190,0.2
2004,12,26,20,0,0,0,-4,-9,65,767,2.6,190,0.2
2004,12,26,21,0,0,0,-2,-9,55,766,1.5,160,0.2
2004,12,26,22,0,0,0,-1,-11,42,767,3.6,140,0.2
2004,12,26,23,0,0,0,-2,-9,55,765,3.6,260,0.2
2004,12,27,0,0,0,0,-3,-8,65,765,1.5,250,0.2
2004,12,27,1,0,0,0,-4,-9,65,764,2.1,280,0.2
2004,12,27,2,0,0,0,-6,-9,77,762,2.6,270,0.2
2004,12,27,3,0,0,0,-6,-9,77,762,2.6,270,0.2
2004,12,27,4,0,0,0,-6,-9,77,763,2.1,320,0.2
2004,12,27,5,0,0,0,-6,-9,77,764,0,0,0.2
2004,12,27,6,0,0,0,-3,-9,60,766,2.6,170,0.2
2004,12,27,7,0,0,0,-2,-9,55,767,5.1,150,0.2
2004,12,27,8,50,126,34,-2,-9,55,767,3.1,140,0.2
2004,12,27,9,183,440,63,-3,-6,77,766,3.1,140,0.2
2004,12,27,10,293,452,117,-3,-5,84,767,0,0,0.2
2004,12,27,11,370,409,182,-1,-3,85,768,2.6,150,0.2
2004,12,27,12,177,18,168,-2,-3,92,767,3.1,150,0.2
2004,12,27,13,447,687,130,-1,-4,78,768,3.6,150,0.2
2004,12,27,14,440,850,110,-2,-3,92,767,4.1,150,0.2
2004,12,27,15,235,515,94,-2,-3,92,768,2.6,130,0.2
2004,12,27,16,148,210,122,-2,-4,85,768,2.1,160,0.2
2004,12,27,17,0,0,0,-3,-4,92,768,1.5,140,0.2
2004,12,27,18,0,0,0,-3,-4,92,768,1.5,120,0.2
2004,12,27,19,0,0,0,-3,-4,92,767,0,0,0.2
2004,12,27,20,0,0,0,-3,-4,92,768,0,0,0.2
2004,12,27,21,0,0,0,-4,-4,100,767,0,0,0.2
2004,12,27,22,0,0,0,-6,-7,92,767,2.1,250,0.2
2004,12,27,23,0,0,0,-4,-5,92,767,2.1,180,0.2
2004,12,28,0,0,0,0,-3,-6,77,768,3.1,160,0.2
2004,12,28,1,0,0,0,-2,-5,78,768,3.6,150,0.2
2004,12,28,2,0,0,0,-2,-5,78,768,0,0,0.2
2004,12,28,3,0,0,0,-2,-5,78,768,0,0,0.2
2004,12,28,4,0,0,0,-1,-6,66,769,0,0,0.2
2004,12,28,5,0,0,0,-2,-5,78,768,1.5,80,0.2
2004,12,28,6,0,0,0,-3,-5,84,768,0,0,0.2
2004,12,28,7,0,0,0,-3,-5,84,768,0,0,0.2
2004,12,28,8,58,224,30,-2,-4,85,768,0,0,0.2
2004,12,28,9,121,77,100,-1,-4,78,769,2.6,140,0.2
2004,12,28,10,84,0,84,1,-4,67,771,5.7,140,0.2
2004,12,28,11,399,551,144,2,-4,62,770,7.2,150,0.2
2004,12,28,12,470,753,103,2,-4,62,769,8.7,150,0.2
2004,12,28,13,309,221,207,2,-4,62,768,7.7,150,0.2
2004,12,28,14,278,349,142,2,-4,62,768,7.2,140,0.2
2004,12,28,15,290,667,107,1,-4,67,767,7.2,150,0.2
2004,12,28,16,176,715,86,1,-4,67,767,7.7,140,0.2
2004,12,28,17,0,0,0,0,-3,78,766,5.7,160,0.2
2004,12,28,18,0,0,0,-1,-2,92,765,6.2,130,0.2
2004,12,28,19,0,0,0,-1,-2,92,765,5.7,150,0.2
2004,12,28,20,0,0,0,-1,-1,100,764,6.7,150,0.2
2004,12,28,21,0,0,0,-1,-1,100,764,6.7,160,0.2
2004,12,28,22,0,0,0,-1,-1,100,764,5.7,160,0.2
2004,12,28,23,0,0,0,-1,-1,100,763,5.1,150,0.2
2004,12,29,0,0,0,0,0,-1,92,763,5.7,150,0.2
2004,12,29,1,0,0,0,0,-1,92,763,8.2,160,0.2
2004,12,29,2,0,0,0,-0.1,-1.1,92,762,6.8,160,0.2
2004,12,29,3,0,0,0,0,-1,92,761,5.5,150,0.2
2004,12,29,4,0,0,0,0,-1,92,760,4.1,150,0.2
2004,12,29,5,0,0,0,-1,-1,100,759,2.1,140,0.2
2004,12,29,6,0,0,0,-1,-1,100,758,3.1,140,0.2
2004,12,29,7,0,0,0,0,-1,92,758,8.7,150,0.2
2004,12,29,8,14,0,14,-1,-1,100,757,7.2,140,0.2
2004,12,29,9,45,0,45,-1,-2,92,758,9.3,130,0.2
2004,12,29,10,110,0,110,-1,-2,92,757,6.7,160,0.2
2004,12,29,11,250,89,209,0,0,100,757,4.1,170,0.2
2004,12,29,12,213,36,196,1,-1,86,758,6.2,200,0.2
2004,12,29,13,420,460,207,0,-1,92,757,5.1,200,0.2
2004,12,29,14,146,6,144,-1,-3,85,757,7.7,210,0.2
2004,12,29,15,102,0,102,-1,-4,78,757,7.2,210,0.2
2004,12,29,16,34,0,34,-1,-5,71,758,8.2,230,0.2
2004,12,29,17,0,0,0,-2,-4,85,758,8.2,240,0.2
2004,12,29,18,0,0,0,-3,-6,77,757,6.2,200,0.2
2004,12,29,19,0,0,0,-3,-4,92,758,3.6,140,0.2
2004,12,29,20,0,0,0,-4,-5,92,758,3.1,140,0.2
2004,12,29,21,0,0,0,-3,-4,92,759,2.1,120,0.2
2004,12,29,22,0,0,0,-3,-3,100,760,4.1,130,0.2
2004,12,29,23,0,0,0,-3,-4,92,760,0,0,0.2
2004,12,30,0,0,0,0,-3,-6,77,760,4.1,240,0.2
2004,12,30,1,0,0,0,-3,-7,71,760,4.1,240,0.2
2004,12,30,2,0,0,0,-3,-6,77,761,3.6,180,0.2
2004,12,30,3,0,0,0,-4,-6,84,761,2.1,150,0.2
2004,12,30,4,0,0,0,-4,-6,84,761,3.1,150,0.2
2004,12,30,5,0,0,0,-4,-6,84,762,3.1,130,0.2
2004,12,30,6,0,0,0,-3,-7,71,763,1.5,150,0.2
2004,12,30,7,0,0,0,-4,-8,71,763,3.1,190,0.2
2004,12,30,8,22,0,22,-6,-9,77,763,3.6,200,0.2
2004,12,30,9,85,0,85,-5,-9,71,764,4.6,200,0.2
2004,12,30,10,104,0,104,-4,-6,84,764,4.6,140,0.2
2004,12,30,11,80,0,80,-2,-5,78,766,5.7,150,0.2
2004,12,30,12,171,12,165,-2,-6,71,764,3.1,180,0.2
2004,12,30,13,531,705,203,-2,-5,78,764,4.1,160,0.2
2004,12,30,14,95,0,95,-1,-7,60,765,7.7,210,0.2
2004,12,30,15,46,0,46,-2,-6,71,764,6.7,210,0.2
2004,12,30,16,32,0,32,-3,-7,71,764,5.1,200,0.2
2004,12,30,17,0,0,0,-7,-10,77,762,3.6,180,0.2
2004,12,30,18,0,0,0,-7,-9,84,762,2.6,170,0.2
2004,12,30,19,0,0,0,-3,-6,77,764,4.1,130,0.2
2004,12,30,20,0,0,0,-4,-6,84,764,3.1,140,0.2
2004,12,30,21,0,0,0,-6,-7,92,763,3.6,130,0.2
2004,12,30,22,0,0,0,-3,-6,77,765,5.1,140,0.2
2004,12,30,23,0,0,0,-4,-6,84,763,5.7,130,0.2
2004,12,31,0,0,0,0,-3,-6,77,763,7.2,130,0.2
2004,12,31,1,0,0,0,-3,-6,77,762,6.2,130,0.2
2004,12,31,2,0,0,0,-3,-7,71,762,6.7,120,0.2
2004,12,31,3,0,0,0,-4,-7,77,762,3.6,150,0.2
2004,12,31,4,0,0,0,-4,-7,77,762,6.2,150,0.2
2004,12,31,5,0,0,0,-4,-7,77,762,8.2,140,0.2
2004,12,31,6,0,0,0,-5,-7,84,761,6.2,150,0.2
2004,12,31,7,0,0,0,-6,-8,84,760,4.6,150,0.2
2004,12,31,8,35,27,32,-4,-7,77,762,2.6,150,0.2
2004,12,31,9,40,0,40,-4,-6,84,762,3.6,140,0.2
2004,12,31,10,63,0,63,-3,-6,77,762,2.6,150,0.2
2004,12,31,11,80,0,80,-2,-4,85,762,5.1,140,0.2
2004,12,31,12,310,181,222,-2,-4,85,760,9.8,130,0.2
2004,12,31,13,314,239,203,-1,-4,78,760,7.2,150,0.2
2004,12,31,14,66,0,66,-1,-4,78,760,8.2,160,0.2
2004,12,31,15,55,0,55,-1,-4,78,760,7.2,160,0.2
2004,12,31,16,31,0,31,-2,-3,92,759,6.2,150,0.2
2004,12,31,17,0,0,0,-4.5,-4.5,100,759,5.9,150,0.2
2004,12,31,18,0,0,0,-5.9,-5.9,100,759,5.5,160,0.2
2004,12,31,19,0,0,0,-6.8,-6.8,100,759,5.2,160,0.2
2004,12,31,20,0,0,0,-7.1,-7.5,97,758,4.9,160,0.2
2004,12,31,21,0,0,0,-7.3,-8.5,90,758,4.6,160,0.2
2004,12,31,22,0,0,0,-7.3,-9.7,81,758,4.3,170,0.2
2004,12,31,23,0,0,0,-7.2,-10.1,78,758,3.9,170,0.2
=======
Source,Location ID,City,State,Country,Latitude,Longitude,Time Zone,Elevation,,,,,
TMY3,724756,Bryce Cnyn Faa Ap,UT,USA,37.7,-112.15,-7,2312,,,,,
Year,Month,Day,Hour,GHI,DNI,DHI,Tdry,Tdew,RH,Pres,Wspd,Wdir,Albedo
2002,1,1,0,0,0,0,-12,-12,100,761,3.6,330,0.27
2002,1,1,1,0,0,0,-12,-13,91,761,3.1,320,0.27
2002,1,1,2,0,0,0,-9,-11,84,763,2.6,310,0.27
2002,1,1,3,0,0,0,-5,-6,92,765,3.1,300,0.27
2002,1,1,4,0,0,0,-4.4,-5.5,91,767,2.6,310,0.27
2002,1,1,5,0,0,0,-4,-5,92,768,2.1,310,0.27
2002,1,1,6,0,0,0,-3,-5,84,769,4.1,300,0.27
2002,1,1,7,0,0,0,-2,-7,65,768,4.1,340,0.27
2002,1,1,8,22,0,22,-2,-6,71,769,4.1,320,0.27
2002,1,1,9,267,576,110,-1,-4,78,769,4.6,290,0.27
2002,1,1,10,261,272,155,1,-5,61,772,3.1,340,0.27
2002,1,1,11,205,30,191,1,-7,51,771,5.1,20,0.27
2002,1,1,12,152,0,152,2,-7,48,773,5.7,30,0.27
2002,1,1,13,294,184,209,2,-4,62,773,5.1,300,0.27
2002,1,1,14,284,342,148,1,-6,56,771,1.5,350,0.27
2002,1,1,15,285,648,102,0,-6,60,770,3.1,40,0.27
2002,1,1,16,59,0,59,-1,-5,71,770,2.6,20,0.27
2002,1,1,17,0,0,0,-2,-7,65,770,2.6,320,0.27
2002,1,1,18,0,0,0,-7,-9,84,767,3.1,60,0.27
2002,1,1,19,0,0,0,-10,-12,84,765,2.1,250,0.27
2002,1,1,20,0,0,0,-14,-15,91,763,2.6,250,0.27
2002,1,1,21,0,0,0,-14,-16,83,763,2.2,240,0.27
2002,1,1,22,0,0,0,-13,-14,91,763,1.9,240,0.27
2002,1,1,23,0,0,0,-15,-17,83,761,1.5,230,0.27
2002,1,2,0,0,0,0,-17,-18,91,760,2.1,240,0.27
2002,1,2,1,0,0,0,-17,-18,91,760,2.4,250,0.27
2002,1,2,2,0,0,0,-15,-17,83,762,2.6,260,0.27
2002,1,2,3,0,0,0,-12,-14,83,764,2.1,250,0.27
2002,1,2,4,0,0,0,-11,-13,84,764,2,250,0.27
2002,1,2,5,0,0,0,-11,-12,91,764,1.8,250,0.27
2002,1,2,6,0,0,0,-10,-11,91,766,1.7,250,0.27
2002,1,2,7,0,0,0,-8,-10,84,769,1.5,250,0.27
2002,1,2,8,16,0,16,-7,-9,84,771,1.8,200,0.27
2002,1,2,9,169,269,96,-4,-6,84,773,2.1,150,0.27
2002,1,2,10,78,0,78,-4,-6,84,773,5.7,160,0.27
2002,1,2,11,324,278,195,-4,-7,77,773,4.1,170,0.27
2002,1,2,12,359,325,199,-4,-6,84,773,3.1,160,0.27
2002,1,2,13,105,0,105,-4,-5,92,772,3.6,150,0.27
2002,1,2,14,174,25,164,-4,-5,92,772,3.6,130,0.27
2002,1,2,15,155,96,128,-4,-4,100,771,3.6,150,0.27
2002,1,2,16,198,545,123,-4,-4,100,771,2.6,150,0.27
2002,1,2,17,0,0,0,-4,-5,92,771,3.6,160,0.27
2002,1,2,18,0,0,0,-4,-6,84,770,3.1,140,0.27
2002,1,2,19,0,0,0,-4,-6,84,770,5.1,150,0.27
2002,1,2,20,0,0,0,-4,-6,84,769,3.1,150,0.27
2002,1,2,21,0,0,0,-5,-6,92,768,3.1,180,0.27
2002,1,2,22,0,0,0,-5,-6,92,768,2.6,160,0.27
2002,1,2,23,0,0,0,-5,-6,92,768,3.1,150,0.27
2002,1,3,0,0,0,0,-6,-6,100,767,2.6,160,0.27
2002,1,3,1,0,0,0,-6,-6,100,767,2.6,170,0.27
2002,1,3,2,0,0,0,-6,-6,100,767,1.5,170,0.27
2002,1,3,3,0,0,0,-7,-8,92,767,1.5,160,0.27
2002,1,3,4,0,0,0,-7,-8,92,766,2.1,140,0.27
2002,1,3,5,0,0,0,-6,-7,92,767,2.6,150,0.27
2002,1,3,6,0,0,0,-6,-7,92,767,2.1,170,0.27
2002,1,3,7,0,0,0,-8,-9,92,766,1.5,250,0.27
2002,1,3,8,16,0,16,-7,-9,84,767,1.5,330,0.27
2002,1,3,9,102,16,98,-5,-6,92,768,2.6,140,0.27
2002,1,3,10,135,0,135,-5,-6,92,768,2.6,140,0.27
2002,1,3,11,119,0,119,-4,-6,84,768,3.1,140,0.27
2002,1,3,12,109,0,109,-3.6,-5.4,86,768,3.4,150,0.27
2002,1,3,13,418,423,219,-4,-5,92,767,3.6,150,0.27
2002,1,3,14,435,758,131,-3.1,-4.5,89,767,3.1,180,0.27
2002,1,3,15,245,528,94,-3,-4,92,768,2.6,220,0.27
2002,1,3,16,54,0,54,-3,-4,92,768,2,250,0.27
2002,1,3,17,0,0,0,-3,-4,92,768,1.5,280,0.27
2002,1,3,18,0,0,0,-4.2,-4.3,99,768,1.7,300,0.27
2002,1,3,19,0,0,0,-4.5,-4.7,98,768,1.8,320,0.27
2002,1,3,20,0,0,0,-4.3,-4.3,100,767,2,340,0.27
2002,1,3,21,0,0,0,-4,-4,100,767,2.1,350,0.27
2002,1,3,22,0,0,0,-4.3,-4.5,98,767,2.3,10,0.27
2002,1,3,23,0,0,0,-4.5,-4.9,97,767,2.4,30,0.27
2002,1,4,0,0,0,0,-4,-5,92,767,2.6,50,0.27
2002,1,4,1,0,0,0,-5,-6.1,91,766,2.5,40,0.27
2002,1,4,2,0,0,0,-5.5,-6.5,92,766,2.4,30,0.27
2002,1,4,3,0,0,0,-6.6,-7.6,92,765,2.4,30,0.27
2002,1,4,4,0,0,0,-7.4,-8.4,92,765,2.3,20,0.27
2002,1,4,5,0,0,0,-8.4,-9.3,92,764,2.2,10,0.27
2002,1,4,6,0,0,0,-9,-10,92,764,2.1,360,0.27
2002,1,4,7,0,0,0,-9,-11,84,764,3.6,350,0.27
2002,1,4,8,51,102,39,-7,-10,77,766,7.2,350,0.27
2002,1,4,9,160,181,111,-6,-11,64,767,7.2,20,0.27
2002,1,4,10,213,127,164,-4,-11,54,769,7.2,10,0.27
2002,1,4,11,460,728,120,-3,-11,50,769,7.7,20,0.27
2002,1,4,12,358,313,204,-2,-11,46,769,7.2,10,0.27
2002,1,4,13,522,864,114,-3,-9,60,769,11.3,310,0.27
2002,1,4,14,456,1029,41,-3,-8,65,770,11.3,310,0.27
2002,1,4,15,317,1000,27,-4,-8,71,769,10.3,310,0.27
2002,1,4,16,181,826,64,-5,-9,71,770,7.2,320,0.27
2002,1,4,17,0,0,0,-7,-9,84,768,8.2,310,0.27
2002,1,4,18,0,0,0,-7,-11,70,770,5.7,310,0.27
2002,1,4,19,0,0,0,-9,-12,77,769,1.5,10,0.27
2002,1,4,20,0,0,0,-12,-14,83,768,2.6,280,0.27
2002,1,4,21,0,0,0,-14,-16,83,767,4.6,280,0.27
2002,1,4,22,0,0,0,-17,-18,91,765,5.7,290,0.27
2002,1,4,23,0,0,0,-15,-17,83,766,5.1,280,0.27
2002,1,5,0,0,0,0,-17,-18,91,765,4.1,280,0.27
2002,1,5,1,0,0,0,-18,-21,75,764,5.1,280,0.27
2002,1,5,2,0,0,0,-17,-19,83,765,3.6,280,0.27
2002,1,5,3,0,0,0,-18,-21,75,765,2.6,20,0.27
2002,1,5,4,0,0,0,-17,-20,75,766,3.6,330,0.27
2002,1,5,5,0,0,0,-17,-19,83,766,4.6,280,0.27
2002,1,5,6,0,0,0,-15,-17,83,768,2.6,340,0.27
2002,1,5,7,0,0,0,-14,-16,83,769,2.1,300,0.27
2002,1,5,8,62,290,27,-14,-17,76,771,2.6,290,0.27
2002,1,5,9,267,741,64,-11,-14,76,773,2.6,30,0.27
2002,1,5,10,416,816,97,-6,-15,45,777,2.1,300,0.27
2002,1,5,11,363,361,194,-1,-16,27,778,2.1,360,0.27
2002,1,5,12,194,42,173,-1,-13,35,778,3.1,60,0.27
2002,1,5,13,398,459,180,4,-13,24,781,4.6,290,0.27
2002,1,5,14,462,858,115,3,-14,24,780,6.7,310,0.27
2002,1,5,15,324,998,32,3,-16,20,780,6.2,320,0.27
2002,1,5,16,174,823,55,2,-17,19,780,5.1,320,0.27
2002,1,5,17,0,0,0,-1,-18,22,778,4.6,310,0.27
2002,1,5,18,0,0,0,-7,-16,45,775,5.1,270,0.27
2002,1,5,19,0,0,0,-8,-16,49,775,1.5,280,0.27
2002,1,5,20,0,0,0,-6,-15,45,775,3.1,280,0.27
2002,1,5,21,0,0,0,-7,-15,49,775,3.1,280,0.27
2002,1,5,22,0,0,0,-7,-14,54,773,3.1,280,0.27
2002,1,5,23,0,0,0,-8,-15,53,771,2.6,270,0.27
2002,1,6,0,0,0,0,-10,-16,58,770,2.1,250,0.27
2002,1,6,1,0,0,0,-12,-16,69,768,2.6,260,0.27
2002,1,6,2,0,0,0,-13,-17,69,768,2.1,260,0.27
2002,1,6,3,0,0,0,-12,-16,69,768,1.5,300,0.27
2002,1,6,4,0,0,0,-9,-13,70,770,1.5,270,0.27
2002,1,6,5,0,0,0,-10,-14,70,770,1.5,220,0.27
2002,1,6,6,0,0,0,-8,-13,64,773,2.1,240,0.27
2002,1,6,7,0,0,0,-7,-12,64,774,2.6,260,0.27
2002,1,6,8,19,0,19,-4,-11,54,775,2.1,330,0.27
2002,1,6,9,231,560,78,-3,-10,55,777,4.1,280,0.27
2002,1,6,10,427,740,136,-4,-10,59,777,2.1,330,0.27
2002,1,6,11,357,337,199,-2,-9,55,777,2.6,30,0.27
2002,1,6,12,479,728,117,6,-4,47,781,6.2,330,0.27
2002,1,6,13,397,490,164,7,-3,48,782,7.2,310,0.27
2002,1,6,14,368,675,93,7,-3,48,782,7.2,320,0.27
2002,1,6,15,322,818,81,6,-3,51,782,6.2,310,0.27
2002,1,6,16,119,145,98,6,-3,51,782,5.1,290,0.27
2002,1,6,17,0,0,0,3,-3,63,780,5.7,290,0.27
2002,1,6,18,0,0,0,3,-3,63,781,3.1,340,0.27
2002,1,6,19,0,0,0,0,-3,78,779,2.6,310,0.27
2002,1,6,20,0,0,0,-3,-5,84,777,2.1,280,0.27
2002,1,6,21,0,0,0,-4,-6,84,776,3.6,270,0.27
2002,1,6,22,0,0,0,-3,-4,92,777,3.1,260,0.27
2002,1,6,23,0,0,0,-2,-4,85,777,2.6,280,0.27
2002,1,7,0,0,0,0,-4,-6,84,774,2.1,250,0.27
2002,1,7,1,0,0,0,-3,-6,77,775,5.7,270,0.27
2002,1,7,2,0,0,0,-4,-7,77,775,4.1,290,0.27
2002,1,7,3,0,0,0,-2,-6,71,776,2.1,230,0.27
2002,1,7,4,0,0,0,-6,-7,92,773,1.5,360,0.27
2002,1,7,5,0,0,0,-6,-7,92,773,2.6,10,0.27
2002,1,7,6,0,0,0,-7,-8,92,773,2.6,250,0.27
2002,1,7,7,0,0,0,-6,-7,92,775,3.6,280,0.27
2002,1,7,8,32,0,32,-3,-6,77,777,1.5,30,0.27
2002,1,7,9,209,494,73,-1,-4,78,779,2.1,30,0.27
2002,1,7,10,239,197,162,4,-3,59,781,2.1,360,0.27
2002,1,7,11,516,776,151,6,-2,55,782,2.1,310,0.27
2002,1,7,12,412,469,178,6,-2,55,781,1.5,50,0.27
2002,1,7,13,449,691,118,7,-1,56,781,2,80,0.27
2002,1,7,14,461,926,81,8,-1,52,781,2.6,120,0.27
2002,1,7,15,321,1000,23,7,-1,56,780,3.1,150,0.27
2002,1,7,16,161,633,66,4,-1,69,780,4.1,140,0.27
2002,1,7,17,0,0,0,-1,-3,85,778,2.6,240,0.27
2002,1,7,18,0,0,0,-1,-3,85,778,3.6,270,0.27
2002,1,7,19,0,0,0,-1,-4,78,778,4.6,290,0.27
2002,1,7,20,0,0,0,-3,-5,84,776,2.6,250,0.27
2002,1,7,21,0,0,0,-3,-6,77,776,2.1,270,0.27
2002,1,7,22,0,0,0,-4,-6,84,774,2.1,240,0.27
2002,1,7,23,0,0,0,-6,-7,92,772,1.8,230,0.27
2002,1,8,0,0,0,0,-6,-7,92,772,1.5,220,0.27
2002,1,8,1,0,0,0,-6,-7,92,771,2.3,250,0.27
2002,1,8,2,0,0,0,-2,-4,85,773,3.1,270,0.27
2002,1,8,3,0,0,0,-3,-5,84,773,3.6,250,0.27
2002,1,8,4,0,0,0,-4,-6,84,772,3.1,250,0.27
2002,1,8,5,0,0,0,-5,-7,84,772,2.6,250,0.27
2002,1,8,6,0,0,0,-5,-7,84,772,2.1,270,0.27
2002,1,8,7,0,0,0,-6,-7,92,771,2.6,260,0.27
2002,1,8,8,16,0,16,-4,-6,84,773,2.6,230,0.27
2002,1,8,9,129,82,106,0,-3,78,776,2.1,210,0.27
2002,1,8,10,187,46,169,3,-2,68,778,1.8,150,0.27
2002,1,8,11,334,296,195,6,-1,60,779,1.5,80,0.27
2002,1,8,12,515,764,132,6.4,-1.4,57,778,2.6,120,0.27
2002,1,8,13,345,300,200,6,-2,55,777,3.6,150,0.27
2002,1,8,14,467,680,186,7,-1,56,776,2.6,150,0.27
2002,1,8,15,151,163,102,7,-2,52,776,1.5,150,0.27
2002,1,8,16,88,60,79,5,-1,64,775,3.6,140,0.27
2002,1,8,17,0,0,0,4,-1,69,774,2.1,170,0.27
2002,1,8,18,0,0,0,4,-2,64,774,1.5,190,0.27
2002,1,8,19,0,0,0,3,-2,68,774,1.5,220,0.27
2002,1,8,20,0,0,0,3,-2,68,774,1.5,240,0.27
2002,1,8,21,0,0,0,2,-2,73,772,1.5,270,0.27
2002,1,8,22,0,0,0,0,-2,85,770,1.5,290,0.27
2002,1,8,23,0,0,0,0,-1,92,769,1.8,270,0.27
2002,1,9,0,0,0,0,-1,-2,92,767,2.1,240,0.27
2002,1,9,1,0,0,0,0,-3,78,767,1.5,280,0.27
2002,1,9,2,0,0,0,-1,-3,85,767,2.1,250,0.27
2002,1,9,3,0,0,0,-2,-3,92,766,1.5,190,0.27
2002,1,9,4,0,0,0,-1,-4,78,766,1.5,200,0.27
2002,1,9,5,0,0,0,-2,-4,85,766,1.5,200,0.27
2002,1,9,6,0,0,0,1,-4,67,767,2.1,180,0.27
2002,1,9,7,0,0,0,1,-4,67,768,1.5,170,0.27
2002,1,9,8,16,0,16,3,-3,63,769,5.7,150,0.27
2002,1,9,9,53,0,53,3,-2,68,769,2.6,330,0.27
2002,1,9,10,192,52,172,4,-2,64,770,3.1,150,0.27
2002,1,9,11,238,77,202,4,-3,59,769,5.1,140,0.27
2002,1,9,12,582,794,182,4,-3,59,769,4.6,200,0.27
2002,1,9,13,435,648,121,6,-3,51,770,4.1,260,0.27
2002,1,9,14,473,862,115,6,-3,51,770,5.1,320,0.27
2002,1,9,15,335,1002,31,6,-4,47,770,2.6,270,0.27
2002,1,9,16,170,692,63,4,-4,54,769,3.1,290,0.27
2002,1,9,17,0,0,0,3,-3,63,769,3.1,320,0.27
2002,1,9,18,0,0,0,1,-3,72,768,1.5,290,0.27
2002,1,9,19,0,0,0,1,-4,67,768,4.6,310,0.27
2002,1,9,20,0,0,0,0,-4,72,768,2.1,360,0.27
2002,1,9,21,0,0,0,-2,-5,78,767,2.1,20,0.27
2002,1,9,22,0,0,0,-3,-6,77,767,4.1,290,0.27
2002,1,9,23,0,0,0,-3,-4,92,767,4.1,320,0.27
2002,1,10,0,0,0,0,-3,-4,92,767,5.7,320,0.27
2002,1,10,1,0,0,0,-4,-5,92,767,4.1,350,0.27
2002,1,10,2,0,0,0,-3,-4,92,768,6.2,320,0.27
2002,1,10,3,0,0,0,-3.7,-5.1,89,767,4.9,320,0.27
2002,1,10,4,0,0,0,-4,-6,84,767,3.6,320,0.27
2002,1,10,5,0,0,0,-4,-6,84,767,5.7,310,0.27
2002,1,10,6,0,0,0,-5.8,-7.3,88,768,5.1,320,0.27
2002,1,10,7,0,0,0,-6,-7,92,768,4.6,320,0.27
2002,1,10,8,41,40,36,-4,-7,77,770,7.7,360,0.27
2002,1,10,9,156,203,99,-3,-7,71,771,9.3,30,0.27
2002,1,10,10,432,740,137,-3,-8,65,772,9.8,40,0.27
2002,1,10,11,402,527,151,-1,-10,46,773,6.2,10,0.27
2002,1,10,12,454,619,141,0,-9,46,774,8.7,360,0.27
2002,1,10,13,344,281,207,1,-11,36,775,8.2,20,0.27
2002,1,10,14,465,861,105,1,-12,33,774,9.8,10,0.27
2002,1,10,15,324,1007,16,1,-11,36,775,8.2,360,0.27
2002,1,10,16,185,710,72,0,-12,36,775,5.7,10,0.27
2002,1,10,17,0,0,0,-3,-10,55,774,5.7,340,0.27
2002,1,10,18,0,0,0,-6,-11,64,773,4.1,340,0.27
2002,1,10,19,0,0,0,-7,-11,70,773,5.7,330,0.27
2002,1,10,20,0,0,0,-7,-11,70,773,2.6,280,0.27
2002,1,10,21,0,0,0,-11,-13,84,771,3.1,280,0.27
2002,1,10,22,0,0,0,-12,-13,91,771,1.5,260,0.27
2002,1,10,23,0,0,0,-12,-14,83,770,4.1,270,0.27
2002,1,11,0,0,0,0,-12,-14,83,770,3.6,280,0.27
2002,1,11,1,0,0,0,-13,-15,83,769,1.5,270,0.27
2002,1,11,2,0,0,0,-13,-16,76,769,2.6,270,0.27
2002,1,11,3,0,0,0,-13,-16,76,769,3.6,260,0.27
2002,1,11,4,0,0,0,-12,-16,69,770,3.6,270,0.27
2002,1,11,5,0,0,0,-11,-14,76,771,2.1,350,0.27
2002,1,11,6,0,0,0,-12,-14,83,772,1.5,260,0.27
2002,1,11,7,0,0,0,-10,-14,70,774,2.6,310,0.27
2002,1,11,8,90,640,10,-8,-13,64,775,2.6,280,0.27
2002,1,11,9,267,890,19,-6,-13,54,777,2.6,50,0.27
2002,1,11,10,432,741,136,1,-15,25,782,1.5,340,0.27
2002,1,11,11,323,249,204,1,-12,33,781,2.1,20,0.27
2002,1,11,12,321,138,250,2,-13,28,780,1.5,50,0.27
2002,1,11,13,259,98,212,7,-11,24,783,1.5,20,0.27
2002,1,11,14,457,760,137,8,-14,17,783,1.5,360,0.27
2002,1,11,15,314,931,26,8,-11,22,783,1.5,320,0.27
2002,1,11,16,179,662,72,5,-9,33,782,2.1,340,0.27
2002,1,11,17,0,0,0,0,-9,46,779,2.1,50,0.27
2002,1,11,18,0,0,0,-6,-9,77,776,2.6,270,0.27
2002,1,11,19,0,0,0,-5,-11,59,776,3.6,270,0.27
2002,1,11,20,0,0,0,-5,-12,54,776,3.6,280,0.27
2002,1,11,21,0,0,0,-8,-13,64,774,2.1,330,0.27
2002,1,11,22,0,0,0,-3,-14,38,776,2.6,10,0.27
2002,1,11,23,0,0,0,-10,-13,76,772,3.6,260,0.27
2002,1,12,0,0,0,0,-9,-13,70,772,3.1,270,0.27
2002,1,12,1,0,0,0,-8,-13,64,771,3.6,270,0.27
2002,1,12,2,0,0,0,-8,-13,64,771,2.6,290,0.27
2002,1,12,3,0,0,0,-8,-13,64,771,3.6,270,0.27
2002,1,12,4,0,0,0,-8,-13,64,771,3.6,280,0.27
2002,1,12,5,0,0,0,-9,-12,77,771,3.1,270,0.27
2002,1,12,6,0,0,0,-7,-11,70,773,4.6,280,0.27
2002,1,12,7,0,0,0,-7,-10,77,772,4.1,280,0.27
2002,1,12,8,38,13,36,-3,-7,71,774,4.1,290,0.27
2002,1,12,9,116,49,102,1,-6,56,777,2.6,280,0.27
2002,1,12,10,338,422,169,3,-4,58,777,2.9,300,0.27
2002,1,12,11,159,6,156,6,-6,39,779,3.3,310,0.27
2002,1,12,12,575,800,166,8,-5,37,779,3.6,330,0.27
2002,1,12,13,538,1033,30,8,-4,41,777,3.1,250,0.27
2002,1,12,14,449,992,29,6,-3,51,775,2.6,170,0.27
2002,1,12,15,347,989,38,6,-4,47,775,3.6,150,0.27
2002,1,12,16,192,765,66,5,-5,46,774,1.5,160,0.27
2002,1,12,17,0,0,0,2,-7,48,773,2.6,170,0.27
2002,1,12,18,0,0,0,-3,-7,71,769,2.1,190,0.27
2002,1,12,19,0,0,0,-2,-9,55,769,3.1,30,0.27
2002,1,12,20,0,0,0,-3,-11,50,767,2.9,20,0.27
2002,1,12,21,0,0,0,2,-16,21,769,2.6,360,0.27
2002,1,12,22,0,0,0,-3,-15,35,765,4.6,10,0.27
2002,1,12,23,0,0,0,-7,-14,54,762,4.4,360,0.27
2002,1,13,0,0,0,0,-6,-16,41,762,4.3,360,0.27
2002,1,13,1,0,0,0,-2,-18,24,764,4.1,350,0.27
2002,1,13,2,0,0,0,-3,-16,32,765,4.6,340,0.27
2002,1,13,3,0,0,0,-4,-16,34,763,4.6,10,0.27
2002,1,13,4,0,0,0,-3,-13,42,764,7.2,360,0.27
2002,1,13,5,0,0,0,-5,-13,49,763,5.7,340,0.27
2002,1,13,6,0,0,0,-6,-12,59,765,6.2,340,0.27
2002,1,13,7,0,0,0,-6,-13,54,764,4.6,330,0.27
2002,1,13,8,77,517,11,-4,-11,54,766,5.1,330,0.27
2002,1,13,9,209,544,56,-2,-10,50,766,5.7,330,0.27
2002,1,13,10,348,642,90,1,-10,40,769,3.6,360,0.27
2002,1,13,11,544,912,104,1,-10,40,769,6.7,20,0.27
2002,1,13,12,593,1046,56,2,-10,37,769,6.2,330,0.27
2002,1,13,13,570,1045,53,3,-10,34,769,5.7,320,0.27
2002,1,13,14,491,1035,49,2,-9,40,768,8.7,310,0.27
2002,1,13,15,345,1007,28,1,-10,40,768,8.7,320,0.27
2002,1,13,16,186,745,61,-1,-12,39,767,6.2,320,0.27
2002,1,13,17,0,121,0,-3,-12,46,767,6.7,330,0.27
2002,1,13,18,0,0,0,-6,-12,59,766,4.6,330,0.27
2002,1,13,19,0,0,0,-6,-13,54,766,4.6,340,0.27
2002,1,13,20,0,0,0,-6,-14,49,765,4.6,340,0.27
2002,1,13,21,0,0,0,-8,-14,58,763,4.6,340,0.27
2002,1,13,22,0,0,0,-11,-16,63,761,3.9,320,0.27
2002,1,13,23,0,0,0,-12,-16,69,760,3.3,300,0.27
2002,1,14,0,0,0,0,-16,-18,83,757,2.6,280,0.27
2002,1,14,1,0,0,0,-14,-18,69,758,4.1,280,0.27
2002,1,14,2,0,0,0,-14,-18,69,758,3.1,270,0.27
2002,1,14,3,0,0,0,-17,-21,68,756,2.1,250,0.27
2002,1,14,4,0,0,0,-18,-21,75,755,2.6,250,0.27
2002,1,14,5,0,0,0,-18,-21,75,756,3.1,240,0.27
2002,1,14,6,0,0,0,-17,-21,68,757,3.1,240,0.27
2002,1,14,7,0,0,0,-18,-21,75,756,3.1,220,0.27
2002,1,14,8,66,302,28,-14,-19,63,759,1.5,210,0.27
2002,1,14,9,152,148,110,-8,-14,58,763,1.5,230,0.27
2002,1,14,10,234,156,171,-2,-11,46,766,3.1,160,0.27
2002,1,14,11,515,775,140,-1,-10,46,766,6.2,160,0.27
2002,1,14,12,435,457,200,0,-9,46,767,6.2,150,0.27
2002,1,14,13,569,873,135,1,-9,43,766,6.7,150,0.27
2002,1,14,14,448,928,49,2,-10,37,766,7.2,140,0.27
2002,1,14,15,301,865,25,2,-10,37,767,5.1,150,0.27
2002,1,14,16,162,616,57,2,-12,31,767,4.6,170,0.27
2002,1,14,17,1,108,0,-1,-13,35,766,5.1,170,0.27
2002,1,14,18,0,0,0,-5,-13,49,764,4.1,170,0.27
2002,1,14,19,0,0,0,-8,-14,58,762,1.5,270,0.27
2002,1,14,20,0,0,0,-13,-16,76,758,2.6,250,0.27
2002,1,14,21,0,0,0,-13,-17,69,756,1.5,260,0.27
2002,1,14,22,0,0,0,-14,-18,69,754,1.5,240,0.27
2002,1,14,23,0,0,0,-14,-17,76,754,2.4,210,0.27
2002,1,15,0,0,0,0,-9,-16,53,756,3.2,190,0.27
2002,1,15,1,0,0,0,-4,-15,38,758,4.1,160,0.27
2002,1,15,2,0,0,0,-4,-14,41,758,2.6,150,0.27
2002,1,15,3,0,0,0,-6,-14,49,756,2.6,160,0.27
2002,1,15,4,0,0,0,-2,-14,35,758,3.1,120,0.27
2002,1,15,5,0,0,0,-1,-13,35,760,2.6,120,0.27
2002,1,15,6,0,0,0,-2,-13,38,760,2.1,110,0.27
2002,1,15,7,0,0,0,-3,-13,42,761,2.6,70,0.27
2002,1,15,8,22,0,22,-3,-12,46,763,3.1,30,0.27
2002,1,15,9,174,275,96,0,-13,32,765,5.7,250,0.27
2002,1,15,10,281,214,194,0,-11,39,766,7.7,240,0.27
2002,1,15,11,345,213,242,1,-11,36,766,6.7,260,0.27
2002,1,15,12,399,355,215,1,-10,40,764,8.7,260,0.27
2002,1,15,13,304,134,237,1,-11,36,762,5.7,300,0.27
2002,1,15,14,348,420,166,0,-11,39,763,3.1,320,0.27
2002,1,15,15,325,783,73,-2,-10,50,762,5.1,330,0.27
2002,1,15,16,192,753,61,-3,-10,55,761,3.6,360,0.27
2002,1,15,17,1,141,0,-4,-11,54,761,3.6,310,0.27
2002,1,15,18,0,0,0,-5,-11,59,761,4.6,300,0.27
2002,1,15,19,0,0,0,-6,-12,59,761,3.6,330,0.27
2002,1,15,20,0,0,0,-9,-12,77,759,4.1,30,0.27
2002,1,15,21,0,0,0,-11,-13,84,758,4.1,360,0.27
2002,1,15,22,0,0,0,-12,-13,91,758,3.6,360,0.27
2002,1,15,23,0,0,0,-11,-13,84,758,4.6,340,0.27
2002,1,16,0,0,0,0,-11,-13,84,758,4.6,330,0.27
2002,1,16,1,0,0,0,-13,-14,91,757,4.6,350,0.27
2002,1,16,2,0,0,0,-13,-14,91,758,3.1,360,0.27
2002,1,16,3,0,0,0,-14,-16,83,758,2.1,20,0.27
2002,1,16,4,0,0,0,-14,-16,83,758,2.6,340,0.27
2002,1,16,5,0,0,0,-14,-16,83,758,2.6,330,0.27
2002,1,16,6,0,0,0,-17,-18,91,756,2.6,300,0.27
2002,1,16,7,0,0,0,-16,-18,83,757,2.6,270,0.27
2002,1,16,8,89,647,5,-14,-17,76,759,2.9,320,0.27
2002,1,16,9,282,809,50,-11,-14,76,762,3.1,10,0.27
2002,1,16,10,364,596,120,-9,-13,70,763,3.1,40,0.27
2002,1,16,11,294,166,213,-7,-13,59,763,3.2,30,0.27
2002,1,16,12,592,805,172,-5.2,-11.5,58,764,3.3,10,0.27
2002,1,16,13,575,794,175,-4.3,-10.2,60,764,3.4,360,0.27
2002,1,16,14,241,125,186,-3.7,-9.1,63,765,3.4,340,0.27
2002,1,16,15,357,734,118,-4,-8,71,765,3.5,330,0.27
2002,1,16,16,204,824,58,-6,-8,84,763,3.6,310,0.27
2002,1,16,17,2,165,1,-8,-11,77,763,2.6,260,0.27
2002,1,16,18,0,0,0,-9,-12,77,763,3.6,290,0.27
2002,1,16,19,0,0,0,-10,-13,76,763,3.1,290,0.27
2002,1,16,20,0,0,0,-16,-17,91,759,3.6,250,0.27
2002,1,16,21,0,0,0,-15,-17,83,759,4.1,310,0.27
2002,1,16,22,0,0,0,-13,-16,76,760,3.6,340,0.27
2002,1,16,23,0,0,0,-15,-18,76,758,3.1,40,0.27
2002,1,17,0,0,0,0,-15,-17,83,758,2.1,350,0.27
2002,1,17,1,0,0,0,-18,-20,83,756,1.5,300,0.27
2002,1,17,2,0,0,0,-19,-22,75,756,1.8,330,0.27
2002,1,17,3,0,0,0,-19,-21,83,756,2.1,350,0.27
2002,1,17,4,0,0,0,-19,-22,75,756,3.6,270,0.27
2002,1,17,5,0,0,0,-20,-22,82,756,3.6,270,0.27
2002,1,17,6,0,0,0,-19,-22,75,757,4.1,280,0.27
2002,1,17,7,0,0,0,-20,-23,75,757,2.1,310,0.27
2002,1,17,8,73,331,29,-17,-19,83,760,3.6,280,0.27
2002,1,17,9,121,50,107,-12,-17,63,763,3.6,230,0.27
2002,1,17,10,349,550,123,-8,-16,49,765,3.6,190,0.27
2002,1,17,11,345,284,206,-5,-17,34,767,3.6,140,0.27
2002,1,17,12,598,709,226,-4,-15,38,767,3.6,160,0.27
2002,1,17,13,219,79,179,-3,-13,42,767,2.1,160,0.27
2002,1,17,14,445,739,121,-3,-13,42,767,3.1,150,0.27
2002,1,17,15,364,993,38,-2,-13,38,768,6.7,160,0.27
2002,1,17,16,198,875,40,-3,-13,42,767,5.7,160,0.27
2002,1,17,17,3,188,1,-7,-13,59,765,5.7,140,0.27
2002,1,17,18,0,0,0,-8,-14,58,765,5.7,140,0.27
2002,1,17,19,0,0,0,-13,-18,63,763,1.5,270,0.27
2002,1,17,20,0,0,0,-14,-18,69,761,2.6,210,0.27
2002,1,17,21,0,0,0,-18,-21,75,758,3.6,250,0.27
2002,1,17,22,0,0,0,-19,-22,75,756,2.1,250,0.27
2002,1,17,23,0,0,0,-18,-21,75,756,2.1,320,0.27
2002,1,18,0,0,0,0,-18,-22,68,755,2.1,340,0.27
2002,1,18,1,0,0,0,-19,-22,75,754,2.6,270,0.27
2002,1,18,2,0,0,0,-18,-21,75,754,2.1,280,0.27
2002,1,18,3,0,0,0,-18,-21,75,754,1.8,300,0.27
2002,1,18,4,0,0,0,-19,-22,75,753,1.5,310,0.27
2002,1,18,5,0,0,0,-17,-20,75,755,4.1,300,0.27
2002,1,18,6,0,0,0,-19,-22,75,755,3.1,260,0.27
2002,1,18,7,0,0,0,-18,-21,75,756,4.1,270,0.27
2002,1,18,8,65,301,25,-10,-15,64,762,4.6,300,0.27
2002,1,18,9,215,474,78,-8,-13,64,765,8.7,310,0.27
2002,1,18,10,432,741,126,-8,-13,64,766,6.2,310,0.27
2002,1,18,11,424,562,146,-7,-16,45,766,11.3,310,0.27
2002,1,18,12,483,649,141,-7,-15,49,765,9.3,330,0.27
2002,1,18,13,555,927,82,-6,-15,45,766,11.8,330,0.27
2002,1,18,14,473,1013,24,-6,-15,45,767,9.8,340,0.27
2002,1,18,15,345,985,19,-8,-16,49,766,10.3,320,0.27
2002,1,18,16,209,891,45,-9,-16,53,767,8.7,320,0.27
2002,1,18,17,4,204,1,-10,-17,53,766,6.7,310,0.27
2002,1,18,18,0,0,0,-12,-17,63,767,4.6,300,0.27
2002,1,18,19,0,0,0,-13,-18,63,766,2.6,60,0.27
2002,1,18,20,0,0,0,-16,-19,75,763,2.1,340,0.27
2002,1,18,21,0,0,0,-14,-18,69,764,3.6,300,0.27
2002,1,18,22,0,0,0,-17,-19,83,762,2.6,270,0.27
2002,1,18,23,0,0,0,-21,-22,91,760,4.1,280,0.27
2002,1,19,0,0,0,0,-19,-22,75,761,5.7,280,0.27
2002,1,19,1,0,0,0,-18,-21,75,761,3.1,280,0.27
2002,1,19,2,0,0,0,-20,-22,82,760,2.1,280,0.27
2002,1,19,3,0,0,0,-20,-22,82,760,3.1,280,0.27
2002,1,19,4,0,0,0,-23,-26,74,758,2.6,250,0.27
2002,1,19,5,0,0,0,-23,-26,74,758,2.6,250,0.27
2002,1,19,6,0,0,0,-23,-26,74,759,2.1,260,0.27
2002,1,19,7,0,0,0,-22,-26,67,760,2.1,250,0.27
2002,1,19,8,82,530,11,-18,-22,68,762,4.1,250,0.27
2002,1,19,9,229,563,65,-14,-19,63,763,4.1,200,0.27
2002,1,19,10,443,747,132,-8,-20,33,767,4.1,150,0.27
2002,1,19,11,255,201,155,-7,-19,34,767,5.7,140,0.27
2002,1,19,12,603,805,176,-6,-19,31,766,7.2,150,0.27
2002,1,19,13,573,1043,38,-6,-18,34,764,4.6,150,0.27
2002,1,19,14,472,988,31,-5,-17,34,764,5.7,140,0.27
2002,1,19,15,369,936,55,-5,-17,34,763,7.2,160,0.27
2002,1,19,16,188,734,50,-6,-18,34,763,4.1,140,0.27
2002,1,19,17,4,178,1,-8,-18,40,761,2.1,190,0.27
2002,1,19,18,0,0,0,-14,-19,63,758,1.5,240,0.27
2002,1,19,19,0,0,0,-14,-18,69,758,4.1,280,0.27
2002,1,19,20,0,0,0,-13.9,-17.4,72,758,4.4,280,0.27
2002,1,19,21,0,0,0,-13.8,-17.1,74,759,4.7,280,0.27
2002,1,19,22,0,0,0,-13.9,-16.8,76,759,4.9,280,0.27
2002,1,19,23,0,0,0,-13.7,-16.4,78,760,5.2,280,0.27
2002,1,20,0,0,0,0,-13,-15.6,79,760,5.5,280,0.27
2002,1,20,1,0,0,0,-12.8,-15.4,79,761,5.8,290,0.27
2002,1,20,2,0,0,0,-12.1,-14.6,80,761,6.1,290,0.27
2002,1,20,3,0,0,0,-12.1,-14.4,81,761,6.4,290,0.27
2002,1,20,4,0,0,0,-11.7,-13.9,82,762,6.6,290,0.27
2002,1,20,5,0,0,0,-11.6,-13.5,84,762,6.9,290,0.27
2002,1,20,6,0,0,0,-11,-13,84,763,7.2,290,0.27
2002,1,20,7,0,0,0,-11.9,-14.7,77,763,5.3,300,0.27
2002,1,20,8,74,353,26,-9.3,-12.9,72,764,5.8,300,0.27
2002,1,20,9,184,281,102,-5.7,-11.2,62,764,5,280,0.27
2002,1,20,10,407,788,77,-1.1,-12.4,38,765,4.8,240,0.27
2002,1,20,11,555,918,96,-0.4,-12.1,36,765,5.4,220,0.27
2002,1,20,12,561,973,42,-0.3,-13.3,32,765,5.1,230,0.27
2002,1,20,13,541,970,40,-1.2,-14.1,32,766,3.4,240,0.27
2002,1,20,14,485,993,38,-1.6,-14.8,31,766,3.2,260,0.27
2002,1,20,15,376,1013,32,-2,-16,29,767,2.6,280,0.27
2002,1,20,16,214,914,39,-2,-15,32,767,4.1,280,0.27
2002,1,20,17,6,235,1,-5,-15,41,766,3.6,310,0.27
2002,1,20,18,0,0,0,-9,-16,53,764,4.6,280,0.27
2002,1,20,19,0,0,0,-7,-15,49,766,3.1,310,0.27
2002,1,20,20,0,0,0,-12,-17,63,763,5.1,250,0.27
2002,1,20,21,0,0,0,-12,-16,69,763,4.6,270,0.27
2002,1,20,22,0,0,0,-13,-16,76,762,5.7,270,0.27
2002,1,20,23,0,0,0,-13,-16,76,762,5.1,270,0.27
2002,1,21,0,0,0,0,-14,-17,76,761,2.6,250,0.27
2002,1,21,1,0,0,0,-14,-16,83,760,4.1,260,0.27
2002,1,21,2,0,0,0,-14,-17,76,760,4.6,260,0.27
2002,1,21,3,0,0,0,-14,-16,83,760,4.6,270,0.27
2002,1,21,4,0,0,0,-14,-16,83,760,3.1,270,0.27
2002,1,21,5,0,0,0,-14,-16,83,760,4.1,270,0.27
2002,1,21,6,0,0,0,-13,-15,83,762,3.6,280,0.27
2002,1,21,7,0,0,0,-14,-16,83,761,1.5,280,0.27
2002,1,21,8,89,483,23,-11,-14,76,764,2.1,270,0.27
2002,1,21,9,293,812,52,-6,-11,64,767,2.1,250,0.27
2002,1,21,10,459,991,42,-1,-10,46,770,3.4,200,0.27
2002,1,21,11,560,918,99,1,-8,47,770,4.6,150,0.27
2002,1,21,12,525,691,154,2,-8,44,770,4.1,140,0.27
2002,1,21,13,219,67,184,2,-8,44,769,5.1,140,0.27
2002,1,21,14,428,637,139,2,-8,44,768,5.1,160,0.27
2002,1,21,15,382,932,63,3,-8,41,769,4.1,160,0.27
2002,1,21,16,209,929,28,1,-8,47,767,4.6,140,0.27
2002,1,21,17,7,253,1,0,-9,46,766,5.1,170,0.27
2002,1,21,18,0,0,0,-3,-10,55,765,4.1,160,0.27
2002,1,21,19,0,0,0,-4,-11,54,764,3.6,150,0.27
2002,1,21,20,0,0,0,-4,-11,54,763,5.1,120,0.27
2002,1,21,21,0,0,0,-8,-13,64,759,3.9,130,0.27
2002,1,21,22,0,0,0,-11,-13,84,755,2.7,150,0.27
2002,1,21,23,0,0,0,-12,-14,83,754,1.5,160,0.27
2002,1,22,0,0,0,0,-8,-12,70,756,1.5,360,0.27
2002,1,22,1,0,0,0,-7,-12,64,755,2.1,120,0.27
2002,1,22,2,0,0,0,-8,-12,70,754,4.1,170,0.27
2002,1,22,3,0,0,0,-4,-11,54,756,6.2,210,0.27
2002,1,22,4,0,0,0,-3,-10,55,756,4.1,190,0.27
2002,1,22,5,0,0,0,-2,-9,55,757,5.1,200,0.27
2002,1,22,6,0,0,0,-2,-9,55,758,9.3,230,0.27
2002,1,22,7,0,0,0,-2,-9,55,758,7.2,230,0.27
2002,1,22,8,105,411,47,-3,-10,55,757,6.2,230,0.27
2002,1,22,9,171,199,112,-1,-9,50,759,9.8,240,0.27
2002,1,22,10,292,261,182,-1,-9,50,760,8.7,230,0.27
2002,1,22,11,289,118,229,-1,-9,50,759,8.7,250,0.27
2002,1,22,12,518,661,161,-1,-9,50,758,8.2,250,0.27
2002,1,22,13,424,421,204,-1,-9,50,757,8.2,280,0.27
2002,1,22,14,273,144,208,-3,-8,65,757,4.1,340,0.27
2002,1,22,15,256,403,117,-6,-8,84,755,5.1,10,0.27
2002,1,22,16,160,485,64,-7.2,-9.3,83,755,4.9,360,0.27
2002,1,22,17,6,139,2,-8.6,-10.3,86,755,4.8,350,0.27
2002,1,22,18,0,0,0,-9,-11,84,755,4.6,340,0.27
2002,1,22,19,0,0,0,-11.8,-13.4,87,753,3.9,350,0.27
2002,1,22,20,0,0,0,-13.9,-15.1,90,752,3.3,350,0.27
2002,1,22,21,0,0,0,-16,-17,91,751,2.6,360,0.27
2002,1,22,22,0,0,0,-15,-17,83,752,4.6,320,0.27
2002,1,22,23,0,0,0,-17,-17,100,751,3.1,340,0.27
2002,1,23,0,0,0,0,-17,-18,91,751,4.6,290,0.27
2002,1,23,1,0,0,0,-19,-21,83,751,1.5,300,0.27
2002,1,23,2,0,0,0,-19,-22,75,751,3.6,310,0.27
2002,1,23,3,0,0,0,-26,-28,82,748,3.1,320,0.27
2002,1,23,4,0,0,0,-22,-24,82,751,2.1,360,0.27
2002,1,23,5,0,0,0,-22,-24,82,751,1.5,320,0.27
2002,1,23,6,0,0,0,-24,-27,74,751,2.6,290,0.27
2002,1,23,7,0,0,0,-24,-27,74,752,2.6,310,0.27
2002,1,23,8,88,352,38,-18,-20,83,756,3.1,350,0.27
2002,1,23,9,127,127,88,-13,-16,76,761,4.6,360,0.27
2002,1,23,10,428,736,114,-11,-16,63,763,2.1,270,0.27
2002,1,23,11,521,770,129,-9,-16,53,764,5.1,20,0.27
2002,1,23,12,247,48,221,-8,-16,49,765,6.7,20,0.27
2002,1,23,13,244,43,222,-9,-14,64,765,7.7,50,0.27
2002,1,23,14,504,698,182,-8,-18,40,766,5.1,360,0.27
2002,1,23,15,156,79,129,-9,-17,48,768,8.2,20,0.27
2002,1,23,16,214,472,118,-9,-17,48,767,8.2,30,0.27
2002,1,23,17,10,142,5,-13,-19,57,766,3.6,350,0.27
2002,1,23,18,0,0,0,-13,-18,63,768,3.1,20,0.27
2002,1,23,19,0,0,0,-16,-20,69,767,5.1,350,0.27
2002,1,23,20,0,0,0,-17,-19,83,764,6.7,340,0.27
2002,1,23,21,0,0,0,-16,-19,75,764,6.2,340,0.27
2002,1,23,22,0,0,0,-15,-19,69,764,5.7,360,0.27
2002,1,23,23,0,0,0,-18,-20,83,763,5.7,340,0.27
2002,1,24,0,0,0,0,-17,-19,83,763,5.7,330,0.27
2002,1,24,1,0,0,0,-16,-18,83,765,7.7,350,0.27
2002,1,24,2,0,0,0,-14,-19,63,766,7.2,350,0.27
2002,1,24,3,0,0,0,-16,-19,75,766,5.1,330,0.27
2002,1,24,4,0,0,0,-17,-20,75,765,5.1,320,0.27
2002,1,24,5,0,0,0,-16,-21,62,767,3.1,330,0.27
2002,1,24,6,0,0,0,-15,-19,69,768,5.7,310,0.27
2002,1,24,7,0,0,0,-15,-19,69,770,6.2,320,0.27
2002,1,24,8,109,684,11,-12,-19,52,772,4.6,340,0.27
2002,1,24,9,303,675,98,-8,-17,44,774,3.1,340,0.27
2002,1,24,10,266,203,179,-6.3,-16,42,776,2.8,20,0.27
2002,1,24,11,560,693,205,-5,-15,41,777,2.4,50,0.27
2002,1,24,12,367,222,246,-3,-14,38,777,2.1,90,0.27
2002,1,24,13,282,61,250,-1,-13,35,777,2.1,40,0.27
2002,1,24,14,349,318,202,1,-12,33,778,2.1,340,0.27
2002,1,24,15,254,263,161,1,-11,36,779,1.5,220,0.27
2002,1,24,16,125,139,97,-1,-11,42,778,2.3,140,0.27
2002,1,24,17,6,44,5,-5,-12,54,776,3.1,50,0.27
2002,1,24,18,0,0,0,-9,-13,70,773,2.1,340,0.27
2002,1,24,19,0,0,0,-13,-16,76,772,1.5,210,0.27
2002,1,24,20,0,0,0,-15,-17,83,770,2.6,250,0.27
2002,1,24,21,0,0,0,-12,-15,76,771,2.1,240,0.27
2002,1,24,22,0,0,0,-13,-16,76,769,1.5,230,0.27
2002,1,24,23,0,0,0,-17,-19,83,766,2.6,230,0.27
2002,1,25,0,0,0,0,-17,-19,83,766,2.1,250,0.27
2002,1,25,1,0,0,0,-17,-19,83,765,1.5,230,0.27
2002,1,25,2,0,0,0,-18,-20,83,764,3.6,260,0.27
2002,1,25,3,0,0,0,-17,-19,83,764,3.1,250,0.27
2002,1,25,4,0,0,0,-18,-21,75,763,3.1,250,0.27
2002,1,25,5,0,0,0,-19,-21,83,764,2.6,240,0.27
2002,1,25,6,0,0,0,-17,-19,83,766,3.1,270,0.27
2002,1,25,7,0,0,0,-17,-19,83,767,3.6,240,0.27
2002,1,25,8,92,439,28,-13,-16,76,770,2.1,250,0.27
2002,1,25,9,200,288,111,-7,-12,64,773,2.6,230,0.27
2002,1,25,10,361,545,125,-1,-14,32,777,3.1,200,0.27
2002,1,25,11,402,420,185,1,-13,30,778,3.6,160,0.27
2002,1,25,12,404,210,288,2,-12,31,778,5.1,150,0.27
2002,1,25,13,410,347,225,2,-12,31,777,3.6,160,0.27
2002,1,25,14,523,704,193,3,-12,29,777,3.6,140,0.27
2002,1,25,15,171,151,117,3,-12,29,776,3.1,130,0.27
2002,1,25,16,55,0,55,1,-12,33,775,2.1,180,0.27
2002,1,25,17,3,0,3,-3,-12,46,773,3.1,190,0.27
2002,1,25,18,0,0,0,-3,-14,38,773,2.6,220,0.27
2002,1,25,19,0,0,0,-11,-13,84,768,2.1,250,0.27
2002,1,25,20,0,0,0,-10,-13,76,767,2.6,210,0.27
2002,1,25,21,0,0,0,-10,-13,76,766,2.6,250,0.27
2002,1,25,22,0,0,0,-11,-13,84,764,2.1,260,0.27
2002,1,25,23,0,0,0,-13,-15,83,762,1.5,200,0.27
2002,1,26,0,0,0,0,-13,-16,76,761,3.1,220,0.27
2002,1,26,1,0,0,0,-13,-16,76,761,3.1,230,0.27
2002,1,26,2,0,0,0,-16,-18,83,758,3.1,250,0.27
2002,1,26,3,0,0,0,-13,-16,76,760,3.1,240,0.27
2002,1,26,4,0,0,0,-16,-18,83,758,3.6,240,0.27
2002,1,26,5,0,0,0,-16,-18,83,759,3.1,250,0.27
2002,1,26,6,0,0,0,-17,-19,83,758,3.1,240,0.27
2002,1,26,7,0,0,0,-16,-18,83,761,3.1,250,0.27
2002,1,26,8,81,286,39,-12,-15,76,763,2.1,220,0.27
2002,1,26,9,295,677,86,-7,-13,59,766,1.8,280,0.27
2002,1,26,10,272,203,184,-2,-14,35,769,1.5,330,0.27
2002,1,26,11,379,237,256,0,-13,32,770,3.1,60,0.27
2002,1,26,12,434,390,217,2,-13,28,770,4.6,140,0.27
2002,1,26,13,474,633,133,3,-13,26,770,3.6,130,0.27
2002,1,26,14,404,598,122,3,-12,29,770,3.6,150,0.27
2002,1,26,15,277,439,118,3,-11,31,769,6.2,150,0.27
2002,1,26,16,201,556,82,1,-11,36,769,4.6,160,0.27
2002,1,26,17,13,192,5,-2,-11,46,767,4.6,140,0.27
2002,1,26,18,0,0,0,-1,-12,39,768,5.7,140,0.27
2002,1,26,19,0,0,0,-4,-13,45,766,3.6,130,0.27
2002,1,26,20,0,0,0,-5,-13,49,765,3.6,160,0.27
2002,1,26,21,0,0,0,-3,-13,42,764,4.1,150,0.27
2002,1,26,22,0,0,0,-3,-13,42,763,4.1,140,0.27
2002,1,26,23,0,0,0,-3,-13,42,762,4.6,140,0.27
2002,1,27,0,0,0,0,-2,-14,35,762,5.7,140,0.27
2002,1,27,1,0,0,0,-8,-15,53,759,2.6,190,0.27
2002,1,27,2,0,0,0,-13,-16,76,756,1.5,230,0.27
2002,1,27,3,0,0,0,-14,-17,76,755,2.6,280,0.27
2002,1,27,4,0,0,0,-16,-18,83,754,1.5,260,0.27
2002,1,27,5,0,0,0,-17,-19,83,754,3.6,270,0.27
2002,1,27,6,0,0,0,-18,-20,83,753,2.1,210,0.27
2002,1,27,7,0,0,0,-17,-19,83,755,2.1,230,0.27
2002,1,27,8,118,429,53,-8,-15,53,761,1.8,240,0.27
2002,1,27,9,96,0,96,-5,-13,49,761,1.5,240,0.27
2002,1,27,10,251,145,188,1,-10,40,765,5.7,130,0.27
2002,1,27,11,204,18,195,1,-10,40,764,4.1,110,0.27
2002,1,27,12,193,6,189,2,-10,37,764,8.2,230,0.27
2002,1,27,13,397,268,252,2,-11,34,764,5.1,200,0.27
2002,1,27,14,348,286,211,3,-9,37,765,4.6,180,0.27
2002,1,27,15,413,752,138,3,-10,34,766,7.7,220,0.27
2002,1,27,16,210,575,86,2,-10,37,766,6.7,210,0.27
2002,1,27,17,15,207,6,-2,-9,55,764,4.1,190,0.27
2002,1,27,18,0,0,0,-3,-12,46,763,2.6,180,0.27
2002,1,27,19,0,0,0,-6,-11,64,761,3.1,180,0.27
2002,1,27,20,0,0,0,-3,-12,46,761,6.7,200,0.27
2002,1,27,21,0,0,0,-4,-13,45,760,2.6,210,0.27
2002,1,27,22,0,0,0,-2,-11,46,759,9.3,220,0.27
2002,1,27,23,0,0,0,-2,-10,50,758,7.2,230,0.27
2002,1,28,0,0,0,0,-2,-10,50,758,9.8,220,0.27
2002,1,28,1,0,0,0,-2,-10,50,758,8.7,210,0.27
2002,1,28,2,0,0,0,-2,-11,46,757,13.4,210,0.27
2002,1,28,3,0,0,0,-2,-11,46,757,13.4,200,0.27
2002,1,28,4,0,0,0,-3,-11,50,757,10.3,210,0.27
2002,1,28,5,0,0,0,-3,-11,50,758,8.2,200,0.27
2002,1,28,6,0,0,0,-3,-11,50,758,7.2,200,0.27
2002,1,28,7,0,0,0,-4,-10,59,758,7.7,200,0.27
2002,1,28,8,113,696,6,-4,-8,71,758,7.7,200,0.27
2002,1,28,9,297,672,85,-3,-6.5,74,758,6.9,210,0.27
2002,1,28,10,126,0,126,-2.5,-5.9,75,758,6.1,210,0.27
2002,1,28,11,385,308,223,-2.4,-5.3,78,758,5.4,220,0.27
2002,1,28,12,554,720,149,-3,-5,84,757,4.6,220,0.27
2002,1,28,13,384,256,244,-1.6,-4.9,76,757,5.1,220,0.27
2002,1,28,14,132,0,132,-0.5,-4.9,69,757,5.6,230,0.27
2002,1,28,15,411,653,170,-0.3,-5,67,757,6.1,230,0.27
2002,1,28,16,77,0,77,-2.1,-6.7,68,757,6.7,230,0.27
2002,1,28,17,6,0,6,-4,-8,71,756,7.2,240,0.27
2002,1,28,18,0,0,0,-5,-9,71,756,7.7,240,0.27
2002,1,28,19,0,0,0,-6,-10,70,756,7.2,250,0.27
2002,1,28,20,0,0,0,-6,-12,59,756,5.7,250,0.27
2002,1,28,21,0,0,0,-7,-13,59,755,7.2,260,0.27
2002,1,28,22,0,0,0,-7,-13,59,755,6.2,280,0.27
2002,1,28,23,0,0,0,-7,-14,54,755,3.6,240,0.27
2002,1,29,0,0,0,0,-9,-13,70,754,3.1,180,0.27
2002,1,29,1,0,0,0,-10,-13,76,754,2.1,180,0.27
2002,1,29,2,0,0,0,-12,-14,83,753,1.5,160,0.27
2002,1,29,3,0,0,0,-17,-18,91,749,2.1,240,0.27
2002,1,29,4,0,0,0,-19.4,-21,86,748,2.9,250,0.27
2002,1,29,5,0,0,0,-22,-24,82,747,3.6,250,0.27
2002,1,29,6,0,0,0,-21,-23,82,748,2.6,260,0.27
2002,1,29,7,0,0,0,-18,-20,83,750,1.5,270,0.27
2002,1,29,8,25,0,25,-15.7,-16.8,90,752,1.5,250,0.27
2002,1,29,9,169,145,123,-12,-13,91,754,1.5,220,0.27
2002,1,29,10,100,0,100,-8,-12,70,756,1.8,140,0.27
2002,1,29,11,300,118,237,-8,-13,64,756,2.1,50,0.27
2002,1,29,12,168,0,168,-7.1,-11.9,65,756,2.6,70,0.27
2002,1,29,13,211,12,204,-7,-11,70,756,3.1,80,0.27
2002,1,29,14,104,0,104,-7,-11,70,757,2.6,110,0.27
2002,1,29,15,193,91,159,-8,-9,92,758,2.9,90,0.27
2002,1,29,16,89,0,89,-8.9,-10.3,88,758,3.1,60,0.27
2002,1,29,17,8,0,8,-9.9,-11.3,88,759,3.4,40,0.27
2002,1,29,18,0,0,0,-10,-12,84,759,3.6,10,0.27
2002,1,29,19,0,0,0,-12,-14,83,757,7.2,30,0.27
2002,1,29,20,0,0,0,-14,-16,83,756,1.5,340,0.27
2002,1,29,21,0,0,0,-13,-16,76,756,4.6,30,0.27
2002,1,29,22,0,0,0,-15,-17,83,753,3.1,330,0.27
2002,1,29,23,0,0,0,-18,-21,75,752,4.6,290,0.27
2002,1,30,0,0,0,0,-21,-23,82,749,1.5,360,0.27
2002,1,30,1,0,0,0,-26,-28,82,746,1.5,300,0.27
2002,1,30,2,0,0,0,-24,-27,74,748,2.1,320,0.27
2002,1,30,3,0,0,0,-23,-26,74,749,2.6,330,0.27
2002,1,30,4,0,0,0,-23,-26,74,749,4.1,300,0.27
2002,1,30,5,0,0,0,-25,-27,82,747,3.6,310,0.27
2002,1,30,6,0,0,0,-27,-29,81,747,1.5,310,0.27
2002,1,30,7,0,0,0,-23.6,-25.3,84,750,2.3,300,0.27
2002,1,30,8,119,511,37,-20,-22,82,753,3.1,300,0.27
2002,1,30,9,225,356,110,-14,-16,83,757,3.6,290,0.27
2002,1,30,10,247,105,200,-12,-17,63,758,4.1,10,0.27
2002,1,30,11,272,53,244,-10,-19,44,760,8.7,30,0.27
2002,1,30,12,168,6,165,-9,-21,33,761,6.7,20,0.27
2002,1,30,13,505,438,262,-9,-22,30,762,7.7,30,0.27
2002,1,30,14,291,143,221,-9,-21,33,762,4.6,360,0.27
2002,1,30,15,176,52,156,-9,-19,40,762,5.1,340,0.27
2002,1,30,16,249,585,116,-11,-21,39,762,7.2,330,0.27
2002,1,30,17,23,235,11,-14,-21,52,761,4.1,340,0.27
2002,1,30,18,0,0,0,-16,-22,56,761,3.6,340,0.27
2002,1,30,19,0,0,0,-17,-23,56,760,5.7,350,0.27
2002,1,30,20,0,0,0,-17,-21,68,758,7.7,10,0.27
2002,1,30,21,0,0,0,-17,-20,75,758,5.7,10,0.27
2002,1,30,22,0,0,0,-19,-21,83,756,5.1,340,0.27
2002,1,30,23,0,0,0,-21,-22,91,755,4.1,310,0.27
2002,1,31,0,0,0,0,-21,-23,82,755,4.6,320,0.27
2002,1,31,1,0,0,0,-25,-28,74,752,2.6,360,0.27
2002,1,31,2,0,0,0,-22,-24,82,755,3.6,330,0.27
2002,1,31,3,0,0,0,-19,-22,75,757,5.7,320,0.27
2002,1,31,4,0,0,0,-20,-22,82,758,5.1,320,0.27
2002,1,31,5,0,0,0,-21,-23,82,758,5.7,340,0.27
2002,1,31,6,0,0,0,-18,-21,75,762,7.2,310,0.27
2002,1,31,7,0,0,0,-18,-21,75,762,7.2,310,0.27
2002,1,31,8,101,417,33,-16,-20,69,764,6.2,350,0.27
2002,1,31,9,198,223,125,-14,-18,69,766,4.1,350,0.27
2002,1,31,10,362,494,139,-12,-17,63,767,4.6,330,0.27
2002,1,31,11,425,391,215,-11,-16,63,769,5.7,270,0.27
2002,1,31,12,367,156,277,-9,-16,53,769,5.7,280,0.27
2002,1,31,13,300,91,249,-7,-16,45,772,3.6,280,0.27
2002,1,31,14,567,789,179,-6,-15,45,771,4.6,280,0.27
2002,1,31,15,415,1027,23,-6,-14,49,770,4.6,300,0.27
2002,1,31,16,257,975,31,-6,-15,45,771,3.1,290,0.27
2002,1,31,17,26,406,3,-12,-18,57,769,2.6,260,0.27
2002,1,31,18,0,0,0,-17,-20,75,766,2.1,230,0.27
2002,1,31,19,0,0,0,-19,-22,75,765,2.1,260,0.27
2002,1,31,20,0,0,0,-19,-21,83,765,3.1,270,0.27
2002,1,31,21,0,0,0,-17.2,-19.5,75,765,3,280,0.27
2002,1,31,22,0,0,0,-15.6,-18.1,83,764,3,280,0.27
2002,1,31,23,0,0,0,-13.9,-16.7,82,762,2.9,280,0.27
1997,2,1,0,0,0,0,-12.2,-15.4,64,770,2.9,260,0.22
1997,2,1,1,0,0,0,-10.5,-14,63,770,2.8,260,0.22
1997,2,1,2,0,0,0,-8.9,-12.6,64,770,2.8,270,0.22
1997,2,1,3,0,0,0,-7.3,-11.3,70,769,2.7,290,0.22
1997,2,1,4,0,0,0,-5.7,-10.7,65,769,4.6,290,0.22
1997,2,1,5,0,0,0,-11,-16,63,768,2.9,210,0.22
1997,2,1,6,0,0,0,-6.3,-11.3,64,768,3.3,220,0.22
1997,2,1,7,7,97,3,-4.7,-8.7,71,768,3.6,210,0.22
1997,2,1,8,129,591,31,-5,-10,65,767,4.6,250,0.22
1997,2,1,9,312,841,37,-2,-9,55,770,0,0,0.22
1997,2,1,10,408,698,90,3,-7,45,772,0,0,0.22
1997,2,1,11,558,930,56,8,-4,41,774,3.1,250,0.22
1997,2,1,12,597,945,52,9,-5,35,774,5.1,300,0.22
1997,2,1,13,555,839,84,9,-5,35,773,4.6,300,0.22
1997,2,1,14,486,809,85,9,-4,38,773,3.1,300,0.22
1997,2,1,15,345,663,90,7,-5,40,773,3.6,290,0.22
1997,2,1,16,177,381,88,4.2,-5.7,46,773,3.7,290,0.22
1997,2,1,17,16,59,11,0.3,-7.3,53,773,3.7,280,0.22
1997,2,1,18,0,0,0,-0.5,-8,53,773,3.7,280,0.22
1997,2,1,19,0,0,0,-9.3,-13.7,67,773,3.7,270,0.22
1997,2,1,20,0,0,0,-11.2,-14.3,75,773,3.8,260,0.22
1997,2,1,21,0,0,0,-11,-14,76,773,3.8,260,0.22
1997,2,1,22,0,0,0,-12.8,-16.7,70,773,3.8,250,0.22
1997,2,1,23,0,0,0,-11.7,-15.3,72,773,3.9,250,0.22
1997,2,2,0,0,0,0,-13.5,-17,72,773,3.9,240,0.22
1997,2,2,1,0,0,0,-14.3,-17.7,73,773,4,240,0.22
1997,2,2,2,0,0,0,-17.2,-20.3,74,773,3.9,230,0.22
1997,2,2,3,0,0,0,-17,-20,75,773,4,230,0.22
1997,2,2,4,0,0,0,-21,-23,82,773,4.1,230,0.22
1997,2,2,5,0,0,0,-21,-24,75,772,4.3,240,0.22
1997,2,2,6,0,0,0,-17,-21,68,772,4.4,250,0.22
1997,2,2,7,8,88,5,-17,-20,75,771,4.6,260,0.22
1997,2,2,8,119,500,35,-18,-21,75,774,3.1,270,0.22
1997,2,2,9,285,736,42,-14,-18,69,776,3.1,250,0.22
1997,2,2,10,454,863,58,-9,-15,58,779,2.1,210,0.22
1997,2,2,11,445,659,86,-6,-13,54,782,4.6,130,0.22
1997,2,2,12,607,924,70,-4,-12,50,782,3.6,120,0.22
1997,2,2,13,591,933,63,-6,-9,77,782,3.1,130,0.22
1997,2,2,14,466,807,62,-4,-10,59,782,3.6,130,0.22
1997,2,2,15,213,128,163,-4,-11,54,782,4.7,130,0.22
1997,2,2,16,116,37,107,-4,-10,59,782,4.5,140,0.22
1997,2,2,17,32,4,32,-5,-9,71,781,4.5,150,0.22
1997,2,2,18,0,0,0,-6,-9,77,781,4.3,150,0.22
1997,2,2,19,0,0,0,-6,-9,77,780,4.3,170,0.22
1997,2,2,20,0,0,0,-6,-9,77,780,4.1,180,0.22
1997,2,2,21,0,0,0,-6,-10,70,780,4,190,0.22
1997,2,2,22,0,0,0,-6,-11,64,779,3.9,200,0.22
1997,2,2,23,0,0,0,-6,-11,64,779,3.8,220,0.22
1997,2,3,0,0,0,0,-6,-10,70,778,3.7,220,0.22
1997,2,3,1,0,0,0,-5,-11,59,778,3.5,230,0.22
1997,2,3,2,0,0,0,-5,-11,59,778,3.4,240,0.22
1997,2,3,3,0,0,0,-5,-10,65,777,3.2,250,0.22
1997,2,3,4,0,0,0,-6,-8,84,777,3.1,260,0.22
1997,2,3,5,0,0,0,-6,-8,84,776,2.9,260,0.22
1997,2,3,6,0,0,0,-8,-8.9,92,776,2.8,270,0.22
1997,2,3,7,10,30,8,-8.3,-8.4,99,776,2.6,280,0.22
1997,2,3,8,136,653,24,-7.7,-7.7,100,779,3.1,250,0.22
1997,2,3,9,271,692,39,-6.3,-6.8,96,781,0,0,0.22
1997,2,3,10,290,349,128,-5.7,-6.5,93,784,3.1,150,0.22
1997,2,3,11,507,487,240,-6,-7,92,784,5.1,140,0.22
1997,2,3,12,190,0,190,-6,-7,92,785,7.2,150,0.22
1997,2,3,13,402,449,146,-5.3,-6.4,91,786,5.1,140,0.22
1997,2,3,14,348,366,164,-5,-6,92,786,4.6,140,0.22
1997,2,3,15,192,277,83,-5,-6,92,784,3.6,160,0.22
1997,2,3,16,170,142,136,-6,-6,100,784,3.5,160,0.22
1997,2,3,17,27,39,24,-6,-7,92,783,3.3,170,0.22
1997,2,3,18,0,0,0,-6,-7,92,783,3.2,170,0.22
1997,2,3,19,0,0,0,-6.5,-7.4,92,781,3.3,170,0.22
1997,2,3,20,0,0,0,-9.9,-9.9,100,780,3.3,180,0.22
1997,2,3,21,0,0,0,-14.4,-15.2,93,778,3.4,190,0.22
1997,2,3,22,0,0,0,-15.8,-16.5,94,776,3.5,200,0.22
1997,2,3,23,0,0,0,-14.3,-15.9,86,775,3.6,200,0.22
1997,2,4,0,0,0,0,-14.8,-16.3,87,773,3.6,210,0.22
1997,2,4,1,0,0,0,-15.2,-16.7,87,772,3.7,220,0.22
1997,2,4,2,0,0,0,-16.7,-18.1,88,770,3.8,230,0.22
1997,2,4,3,0,0,0,-21.2,-22.5,88,769,3.8,230,0.22
1997,2,4,4,0,0,0,-18.6,-19.8,89,767,3.9,240,0.22
1997,2,4,5,0,0,0,-13.1,-13.2,99,765,4,250,0.22
1997,2,4,6,0,0,0,-12.5,-13.6,90,764,4,260,0.22
1997,2,4,7,12,208,3,-13,-14,91,762,4.1,260,0.22
1997,2,4,8,128,568,28,-10,-12,84,763,3.6,260,0.22
1997,2,4,9,238,34,227,-4,-9,65,767,0,0,0.22
1997,2,4,10,456,809,79,-2,-7,65,767,5.1,140,0.22
1997,2,4,11,549,842,84,1,-4,67,769,7.7,160,0.22
1997,2,4,12,548,787,85,2,-5,57,769,6.2,150,0.22
1997,2,4,13,374,310,195,1,-4,67,768,6.2,160,0.22
1997,2,4,14,138,112,81,1,-5,61,768,4.6,140,0.22
1997,2,4,15,224,230,132,0.7,-5.3,61,767,4.4,160,0.22
1997,2,4,16,96,130,64,-0.6,-5.6,66,767,4.3,170,0.22
1997,2,4,17,44,53,40,-1.9,-4.9,78,767,4.3,170,0.22
1997,2,4,18,0,0,0,-3.2,-6.2,77,766,4.2,180,0.22
1997,2,4,19,0,0,0,-4.5,-6.5,84,766,4.1,190,0.22
1997,2,4,20,0,0,0,-4.8,-6.8,84,766,4,190,0.22
1997,2,4,21,0,0,0,-5.1,-7.1,84,765,4,200,0.22
1997,2,4,22,0,0,0,-5.4,-8.4,77,765,3.9,210,0.22
1997,2,4,23,0,0,0,-8.6,-10.6,84,765,3.8,210,0.22
1997,2,5,0,0,0,0,-6.9,-9.9,77,764,3.6,220,0.22
1997,2,5,1,0,0,0,-8.2,-11.2,77,764,3.6,230,0.22
1997,2,5,2,0,0,0,-8.5,-11.5,77,764,3.5,240,0.22
1997,2,5,3,0,0,0,-10.8,-12.8,84,764,3.4,250,0.22
1997,2,5,4,0,0,0,-12.1,-14.1,83,763,3.3,250,0.22
1997,2,5,5,0,0,0,-10.4,-12.4,84,763,3.3,250,0.22
1997,2,5,6,0,0,0,-10.7,-12.7,84,763,3.2,260,0.22
1997,2,5,7,4,0,4,-9,-12,77,762,3.1,270,0.22
1997,2,5,8,44,0,44,-8,-11,77,763,3.6,270,0.22
1997,2,5,9,98,0,98,-6,-9,77,764,0,0,0.22
1997,2,5,10,143,0,143,-3,-7,71,767,0,0,0.22
1997,2,5,11,173,0,173,-3,-7,71,767,0,0,0.22
1997,2,5,12,485,379,260,0,-7,55,767,0,0,0.22
1997,2,5,13,364,263,212,0,-7,55,766,0,0,0.22
1997,2,5,14,110,0,110,-2,-4,85,764,6.2,310,0.22
1997,2,5,15,83,0,83,-3,-4,92,764,5.1,320,0.22
1997,2,5,16,118,2,117,-5.2,-5.9,94,763,5.1,320,0.22
1997,2,5,17,34,20,32,-7.3,-7.3,100,763,5.1,320,0.22
1997,2,5,18,0,0,0,-9.2,-9.2,100,762,5.1,320,0.22
1997,2,5,19,0,0,0,-10.7,-10.7,100,762,5.1,320,0.22
1997,2,5,20,0,0,0,-11.8,-11.8,100,762,5.1,320,0.22
1997,2,5,21,0,0,0,-12.6,-12.6,100,761,5.1,320,0.22
1997,2,5,22,0,0,0,-13.4,-13.4,100,761,5.1,320,0.22
1997,2,5,23,0,0,0,-13.6,-13.6,100,760,5.1,320,0.22
1997,2,6,0,0,0,0,-14.1,-14.1,100,760,5.1,320,0.22
1997,2,6,1,0,0,0,-14.3,-14.3,100,759,5.1,320,0.22
1997,2,6,2,0,0,0,-14.5,-14.5,100,759,5.1,320,0.22
1997,2,6,3,0,0,0,-14.9,-15.1,98,759,5.1,320,0.22
1997,2,6,4,0,0,0,-15.3,-15.6,97,758,5.1,320,0.22
1997,2,6,5,0,0,0,-15.6,-16.4,93,758,5.1,320,0.22
1997,2,6,6,0,0,0,-15.7,-16.9,89,757,5.1,320,0.22
1997,2,6,7,13,176,5,-14,-16,83,757,5.1,320,0.22
1997,2,6,8,144,671,22,-12,-15,76,759,4.6,300,0.22
1997,2,6,9,305,625,89,-10,-13,76,761,7.7,330,0.22
1997,2,6,10,344,522,96,-9,-12,77,762,6.2,340,0.22
1997,2,6,11,529,499,249,-8,-11,77,763,8.2,300,0.22
1997,2,6,12,480,417,230,-6,-10,70,764,7.7,310,0.22
1997,2,6,13,484,357,276,-7,-10,77,764,7.7,310,0.22
1997,2,6,14,387,301,231,-6,-10,70,764,9.8,330,0.22
1997,2,6,15,283,363,136,-6,-10,70,764,8.2,330,0.22
1997,2,6,16,112,200,60,-8.5,-12,73,764,7.9,330,0.22
1997,2,6,17,37,137,26,-10.9,-13.2,81,764,7.5,320,0.22
1997,2,6,18,0,0,0,-13.1,-14.3,90,763,7.2,320,0.22
1997,2,6,19,0,0,0,-14.9,-15.2,97,763,6.8,320,0.22
1997,2,6,20,0,0,0,-16.3,-16.3,100,763,6.5,310,0.22
1997,2,6,21,0,0,0,-17.5,-17.5,100,763,6.1,310,0.22
1997,2,6,22,0,0,0,-18.6,-18.6,100,762,5.8,300,0.22
1997,2,6,23,0,0,0,-19.1,-19.1,100,762,5.4,300,0.22
1997,2,7,0,0,0,0,-19.9,-20,99,762,5,300,0.22
1997,2,7,1,0,0,0,-20.5,-20.8,97,762,4.7,290,0.22
1997,2,7,2,0,0,0,-20.9,-21.5,94,762,4.4,290,0.22
1997,2,7,3,0,0,0,-21.6,-22.6,91,761,4,290,0.22
1997,2,7,4,0,0,0,-22.3,-23.3,91,761,3.7,280,0.22
1997,2,7,5,0,0,0,-22.9,-24.1,89,761,3.3,280,0.22
1997,2,7,6,0,0,0,-23.4,-24.8,87,761,2.9,270,0.22
1997,2,7,7,16,256,3,-22,-24,82,760,2.6,270,0.22
1997,2,7,8,167,803,18,-18,-20,83,764,2.6,290,0.22
1997,2,7,9,362,957,28,-14,-17,76,767,0,0,0.22
1997,2,7,10,525,1021,36,-9,-14,64,770,0,0,0.22
1997,2,7,11,635,1051,42,-7,-10,77,771,0,0,0.22
1997,2,7,12,683,1062,44,-4,-12,50,773,0,0,0.22
1997,2,7,13,664,1057,43,-1,-10,46,774,0,0,0.22
1997,2,7,14,547,932,61,0,-7,55,775,3.1,150,0.22
1997,2,7,15,411,862,58,0,-7,55,775,4.1,150,0.22
1997,2,7,16,242,831,27,-2.5,-8.8,58,774,4.1,160,0.22
1997,2,7,17,55,441,16,-5,-9.8,66,773,4.1,160,0.22
1997,2,7,18,0,0,0,-7.3,-10.8,73,772,4.1,170,0.22
1997,2,7,19,0,0,0,-9.2,-11.5,81,772,4.1,180,0.22
1997,2,7,20,0,0,0,-10.6,-12.3,86,771,4.1,180,0.22
1997,2,7,21,0,0,0,-11.9,-13.2,89,770,4.1,190,0.22
1997,2,7,22,0,0,0,-13,-14.2,90,769,4.1,200,0.22
1997,2,7,23,0,0,0,-13.6,-14.4,93,768,4.1,210,0.22
1997,2,8,0,0,0,0,-14.5,-15.3,93,768,4.1,210,0.22
1997,2,8,1,0,0,0,-15.1,-15.9,93,767,4.1,220,0.22
1997,2,8,2,0,0,0,-15.6,-16.5,92,766,4.1,230,0.22
1997,2,8,3,0,0,0,-16.4,-17.3,92,765,4.1,230,0.22
1997,2,8,4,0,0,0,-17.2,-17.8,95,764,4.1,240,0.22
1997,2,8,5,0,0,0,-17.8,-18.5,94,764,4.1,250,0.22
1997,2,8,6,0,0,0,-18.3,-19,94,763,4.1,250,0.22
1997,2,8,7,15,200,5,-17,-18,91,762,4.1,260,0.22
1997,2,8,8,154,668,27,-13,-16,76,764,2.6,250,0.22
1997,2,8,9,323,822,33,-9,-16,53,767,0,0,0.22
1997,2,8,10,515,785,137,-2,-10,50,770,5.1,160,0.22
1997,2,8,11,420,346,224,-1,-9,50,771,4.1,150,0.22
1997,2,8,12,325,171,221,0,-8,51,771,4.1,160,0.22
1997,2,8,13,456,554,128,0,-8,51,770,3.6,150,0.22
1997,2,8,14,266,111,207,0,-7,55,770,3.6,160,0.22
1997,2,8,15,169,0,169,0,-7,55,770,3.1,150,0.22
1997,2,8,16,140,53,126,-1.4,-8.3,55,770,3.1,160,0.22
1997,2,8,17,46,73,39,-3.8,-9.7,60,768,3.2,170,0.22
1997,2,8,18,0,0,0,-5.3,-10,66,768,3.2,180,0.22
1997,2,8,19,0,0,0,-7.7,-11.3,73,767,3.5,180,0.22
1997,2,8,20,0,0,0,-15.1,-16.7,86,763,3.5,180,0.22
1997,2,8,21,0,0,0,-13.5,-16,79,763,3.7,180,0.22
1997,2,8,22,0,0,0,-16.9,-18.3,88,761,3.8,170,0.22
1997,2,8,23,0,0,0,-14.3,-16.7,80,763,3.8,170,0.22
1997,2,9,0,0,0,0,-14.8,-17,82,762,4,170,0.22
1997,2,9,1,0,0,0,-16.2,-17.3,90,761,4.2,170,0.22
1997,2,9,2,0,0,0,-20.6,-21.7,90,758,4.3,170,0.22
1997,2,9,3,0,0,0,-21,-23,82,758,4.5,170,0.22
1997,2,9,4,0,0,0,-22,-24,82,758,4.3,150,0.22
1997,2,9,5,0,0,0,-23,-25,82,757,4.2,140,0.22
1997,2,9,6,0,0,0,-23,-26,74,758,4.2,130,0.22
1997,2,9,7,16,216,5,-21,-23,82,760,4.1,120,0.22
1997,2,9,8,167,741,24,-19,-22,75,764,3.6,130,0.22
1997,2,9,9,360,909,36,-14,-17,76,766,3.6,130,0.22
1997,2,9,10,522,979,46,-11,-14,76,768,2.5,130,0.22
1997,2,9,11,632,1012,52,-8,-13,64,769,6.1,130,0.22
1997,2,9,12,679,1023,55,-7,-12,64,768,7.2,120,0.22
1997,2,9,13,660,1018,54,-6,-12,59,768,5.1,130,0.22
1997,2,9,14,576,993,49,-5,-11,59,770,5.1,140,0.22
1997,2,9,15,434,941,41,-4,-11,54,770,7.7,240,0.22
1997,2,9,16,251,828,30,-6,-12,59,770,7.4,240,0.22
1997,2,9,17,62,513,16,-8,-13,64,770,7.2,240,0.22
1997,2,9,18,0,0,0,-11,-13,84,768,6.9,240,0.22
1997,2,9,19,0,0,0,-13,-16,76,767,6.7,240,0.22
1997,2,9,20,0,0,0,-18,-20,83,764,6.4,240,0.22
1997,2,9,21,0,0,0,-19,-21,83,763,6.2,240,0.22
1997,2,9,22,0,0,0,-21,-22,91,761,5.9,240,0.22
1997,2,9,23,0,0,0,-21,-22,91,761,5.6,250,0.22
1997,2,10,0,0,0,0,-23,-26,74,759,5.4,250,0.22
1997,2,10,1,0,0,0,-23,-25,82,759,5.1,250,0.22
1997,2,10,2,0,0,0,-20.9,-22.8,83,760,4.9,250,0.22
1997,2,10,3,0,0,0,-19,-21,83,761,4.6,250,0.22
1997,2,10,4,0,0,0,-18,-19,91,762,4.4,250,0.22
1997,2,10,5,0,0,0,-22,-23,91,760,4.1,250,0.22
1997,2,10,6,0,0,0,-18,-20,83,764,3.9,250,0.22
1997,2,10,7,19,273,4,-21,-23,82,762,3.6,250,0.22
1997,2,10,8,174,788,19,-18,-19,91,766,3.6,250,0.22
1997,2,10,9,367,935,30,-12,-13,91,769,4.1,260,0.22
1997,2,10,10,528,997,38,-10,-13,76,771,5.6,310,0.22
1997,2,10,11,637,1027,43,-7,-13,59,772,6.6,310,0.22
1997,2,10,12,684,1038,46,-6,-12,59,773,6.1,280,0.22
1997,2,10,13,666,1034,45,-4,-12,50,774,7.2,280,0.22
1997,2,10,14,583,1014,41,-3,-12,46,773,7.7,300,0.22
1997,2,10,15,443,969,34,-2,-13,38,773,9.2,290,0.22
1997,2,10,16,251,783,39,-3,-14,38,772,9,310,0.22
1997,2,10,17,66,511,18,-9,-16,53,769,8.8,330,0.22
1997,2,10,18,0,7,0,-14,-18,69,766,8.7,360,0.22
1997,2,10,19,0,0,0,-13.8,-18.7,63,766,8.4,30,0.22
1997,2,10,20,0,0,0,-10.5,-17.4,53,767,8,40,0.22
1997,2,10,21,0,0,0,-13.3,-18.1,64,762,7.7,60,0.22
1997,2,10,22,0,0,0,-12.1,-16.8,65,762,7.3,70,0.22
1997,2,10,23,0,0,0,-9.8,-15.5,60,762,7.1,100,0.22
1997,2,11,0,0,0,0,-11.6,-16.2,66,760,6.8,120,0.22
1997,2,11,1,0,0,0,-11.4,-15.8,67,760,6.5,130,0.22
1997,2,11,2,0,0,0,-14.2,-16.5,81,757,6.2,150,0.22
1997,2,11,3,0,0,0,-9.9,-13.2,74,758,5.9,180,0.22
1997,2,11,4,0,0,0,-9.7,-12.9,75,758,5.4,190,0.22
1997,2,11,5,0,0,0,-10.5,-11.6,91,759,5.2,220,0.22
1997,2,11,6,0,0,0,-10.2,-12.3,83,761,4.9,230,0.22
1997,2,11,7,17,146,9,-11,-12,91,760,4.6,250,0.22
1997,2,11,8,163,563,50,-6,-10,70,764,3.6,300,0.22
1997,2,11,9,313,415,161,-3.1,-8.8,61,766,3.6,360,0.22
1997,2,11,10,288,252,163,-1,-8,55,769,3.6,50,0.22
1997,2,11,11,557,414,316,1,-6,56,768,2.6,170,0.22
1997,2,11,12,642,931,66,4,-7,42,769,0,0,0.22
1997,2,11,13,667,1001,61,5,-7,39,769,0,0,0.22
1997,2,11,14,583,977,56,6,-8,33,770,5.1,330,0.22
1997,2,11,15,383,690,89,5,-6,42,769,5.7,330,0.22
1997,2,11,16,257,808,34,3.3,-2.8,63,769,8.5,310,0.22
1997,2,11,17,60,394,22,2.6,-5.6,52,768,5.4,340,0.22
1997,2,11,18,0,8,0,1.8,-7.4,47,767,5.6,340,0.22
1997,2,11,19,0,0,0,-1.9,-7.2,64,767,7.4,350,0.22
1997,2,11,20,0,0,0,-5.6,-11,62,766,5.3,10,0.22
1997,2,11,21,0,0,0,-6.3,-11.8,62,766,5,70,0.22
1997,2,11,22,0,0,0,-9,-13.6,66,765,6.1,30,0.22
1997,2,11,23,0,0,0,-6.8,-12.4,61,764,5.8,50,0.22
1997,2,12,0,0,0,0,-5.5,-12.2,55,764,6.3,90,0.22
1997,2,12,1,0,0,0,-6.2,-12,60,763,4.9,100,0.22
1997,2,12,2,0,0,0,-6.9,-11.8,65,762,5.6,130,0.22
1997,2,12,3,0,0,0,-7.6,-11.6,70,762,6.7,220,0.22
1997,2,12,4,0,0,0,-8.3,-10.4,83,761,5.8,110,0.22
1997,2,12,5,0,0,0,-9.2,-11.3,83,761,3.9,50,0.22
1997,2,12,6,0,0,0,-9.8,-12,82,760,5.5,110,0.22
1997,2,12,7,10,15,9,-11,-13,84,759,2.6,240,0.22
1997,2,12,8,47,53,36,-10,-13,76,761,3.1,250,0.22
1997,2,12,9,178,87,146,-4.8,-10.5,61,763,2.9,250,0.22
1997,2,12,10,390,82,349,-0.5,-8.4,51,765,2.8,250,0.22
1997,2,12,11,226,0,226,3,-7,45,767,2.6,250,0.22
1997,2,12,12,414,174,305,4,-7,42,767,5.1,300,0.22
1997,2,12,13,465,397,223,4,-7,42,766,6.7,290,0.22
1997,2,12,14,165,0,165,3,-6,49,764,7.7,300,0.22
1997,2,12,15,125,0,125,1,-5,61,763,8.7,320,0.22
1997,2,12,16,73,0,73,2.1,-5.8,53,763,7.1,340,0.22
1997,2,12,17,27,37,23,1.1,-5.5,58,763,7.1,320,0.22
1997,2,12,18,0,3,0,1.2,-5.3,59,763,2.9,340,0.22
1997,2,12,19,0,0,0,1.3,-5,60,763,2.9,340,0.22
1997,2,12,20,0,0,0,1.3,-4.8,61,763,5.4,280,0.22
1997,2,12,21,0,0,0,1.4,-4.5,62,763,8.5,350,0.22
1997,2,12,22,0,0,0,1.4,-4.3,63,763,4.7,250,0.22
1997,2,12,23,0,0,0,1.5,-4,64,764,5.2,270,0.22
1997,2,13,0,0,0,0,0.6,-4.8,64,764,6.7,280,0.22
1997,2,13,1,0,0,0,-0.4,-4.5,71,764,7.1,280,0.22
1997,2,13,2,0,0,0,-0.3,-4.3,72,764,6,320,0.22
1997,2,13,3,0,0,0,-1.3,-6,67,764,3.9,20,0.22
1997,2,13,4,0,0,0,-5.2,-8.8,73,764,4.9,350,0.22
1997,2,13,5,0,0,0,-6.1,-9.5,74,764,6.4,340,0.22
1997,2,13,6,0,0,0,-6.1,-9.3,76,764,5.2,310,0.22
1997,2,13,7,15,90,10,-10,-12,84,764,6.7,350,0.22
1997,2,13,8,167,544,54,-7,-14,54,766,7.7,10,0.22
1997,2,13,9,351,713,85,-7,-11,70,766,7.7,30,0.22
1997,2,13,10,532,775,141,-6,-10,70,768,8.2,30,0.22
1997,2,13,11,629,944,71,-4.7,-10,63,769,8,30,0.22
1997,2,13,12,702,997,75,-4,-10,59,770,7.7,20,0.22
1997,2,13,13,682,990,74,-3,-8,65,770,8.2,130,0.22
1997,2,13,14,440,562,132,-4,-10,59,770,7.2,50,0.22
1997,2,13,15,418,780,79,-4.1,-10.1,59,770,6.6,70,0.22
1997,2,13,16,241,611,68,-4,-10.9,55,770,7.1,60,0.22
1997,2,13,17,66,337,31,-5,-10.5,62,770,4.7,80,0.22
1997,2,13,18,0,8,0,-5,-10.2,64,770,3.1,320,0.22
1997,2,13,19,0,0,0,-6,-9.9,71,770,3,340,0.22
1997,2,13,20,0,0,0,-7.9,-11.6,72,770,2.9,360,0.22
1997,2,13,21,0,0,0,-10,-13.3,74,771,2.8,10,0.22
1997,2,13,22,0,0,0,-10.9,-14,76,771,2.7,30,0.22
1997,2,13,23,0,0,0,-5.9,-9.7,72,771,2.5,40,0.22
1997,2,14,0,0,0,0,-4.8,-9.4,67,771,2.4,60,0.22
1997,2,14,1,0,0,0,-5.9,-9.1,76,771,2.3,70,0.22
1997,2,14,2,0,0,0,-7.8,-9.8,84,771,2.4,350,0.22
1997,2,14,3,0,0,0,-7.8,-9.5,86,771,2.1,110,0.22
1997,2,14,4,0,0,0,-8.8,-9.6,93,771,2,120,0.22
1997,2,14,5,0,0,0,-9.9,-10.7,93,771,1.8,140,0.22
1997,2,14,6,0,0,0,-11.9,-12.9,91,771,1.7,150,0.22
1997,2,14,7,25,315,7,-13,-14,91,771,3.1,280,0.22
1997,2,14,8,194,806,23,-11,-13,84,773,2.1,270,0.22
1997,2,14,9,392,948,34,-7,-11,70,775,2.6,20,0.22
1997,2,14,10,556,1010,42,-4,-10,59,777,3.1,350,0.22
1997,2,14,11,667,1039,48,-1,-7,60,778,3.1,340,0.22
1997,2,14,12,716,1050,51,0.2,-6.4,57,778,4.9,360,0.22
1997,2,14,13,697,1046,50,1,-6,56,778,6.7,20,0.22
1997,2,14,14,612,1026,45,2,-5,57,779,5.1,20,0.22
1997,2,14,15,297,246,188,2.8,-4.4,57,778,5.1,50,0.22
1997,2,14,16,175,228,109,2.5,-4.6,57,778,5.8,100,0.22
1997,2,14,17,75,486,22,2.1,-4,62,777,6.5,150,0.22
1997,2,14,18,0,33,0,0.3,-6.4,57,777,6.8,160,0.22
1997,2,14,19,0,0,0,-2.6,-8.1,62,777,6.5,170,0.22
1997,2,14,20,0,0,0,-5,-10,65,776,6.3,210,0.22
1997,2,14,21,0,0,0,-7.4,-12,67,776,5.9,230,0.22
1997,2,14,22,0,0,0,-10.6,-15.8,62,776,4.8,270,0.22
1997,2,14,23,0,0,0,-12.8,-17.8,63,775,4.1,30,0.22
1997,2,15,0,0,0,0,-13.3,-17.7,67,775,3.5,60,0.22
1997,2,15,1,0,0,0,-13.8,-17.5,71,774,3.1,90,0.22
1997,2,15,2,0,0,0,-14,-17.3,74,774,2.6,110,0.22
1997,2,15,3,0,0,0,-14.6,-17.3,78,774,2,140,0.22
1997,2,15,4,0,0,0,-11.3,-14,78,773,1.9,170,0.22
1997,2,15,5,0,0,0,-8.1,-11.1,77,773,1.7,200,0.22
1997,2,15,6,0,0,0,-8.3,-10.8,80,772,4.8,270,0.22
1997,2,15,7,24,135,15,-9,-11,84,772,3.1,290,0.22
1997,2,15,8,134,421,43,-5.9,-8.7,78,775,2.9,300,0.22
1997,2,15,9,352,794,49,-2,-6.7,67,777,2.8,300,0.22
1997,2,15,10,478,841,47,1,-5,61,780,2.6,310,0.22
1997,2,15,11,671,1034,50,5,-7,39,782,4.1,300,0.22
1997,2,15,12,719,1045,53,4,-6,45,782,3.1,330,0.22
1997,2,15,13,700,1040,52,4,-6,45,781,5.1,350,0.22
1997,2,15,14,615,1019,47,5,-5,46,781,4.6,350,0.22
1997,2,15,15,471,973,40,6,-4,47,782,1.5,80,0.22
1997,2,15,16,280,860,29,5.8,-4.6,45,782,1.6,360,0.22
1997,2,15,17,83,595,17,3.5,-5.2,50,780,0,0,0.22
1997,2,15,18,0,34,0,0.3,-6.8,55,779,2.2,120,0.22
1997,2,15,19,0,0,0,-7,-9.3,82,779,2.2,110,0.22
1997,2,15,20,0,0,0,-6.3,-8.9,80,777,2.3,140,0.22
1997,2,15,21,0,0,0,-9.5,-10.5,92,774,2.3,150,0.22
1997,2,15,22,0,0,0,-13.8,-14.1,97,772,2.9,200,0.22
1997,2,15,23,0,0,0,-9,-11.7,79,771,3.9,200,0.22
1997,2,16,0,0,0,0,-10.3,-12.3,84,771,3.5,220,0.22
1997,2,16,1,0,0,0,-10.5,-12.8,81,771,4.5,250,0.22
1997,2,16,2,0,0,0,-11.8,-15.4,72,769,4,250,0.22
1997,2,16,3,0,0,0,-13,-16,76,770,2.6,270,0.22
1997,2,16,4,0,0,0,-12,-15,76,768,2.6,260,0.22
1997,2,16,5,0,0,0,-13,-16,76,769,1.5,250,0.22
1997,2,16,6,0,0,0,-13,-16,76,767,0,0,0.22
1997,2,16,7,24,144,15,-12,-15,76,769,2.6,250,0.22
1997,2,16,8,187,676,38,-13,-17,69,772,2.1,250,0.22
1997,2,16,9,347,643,98,-9,-14,64,775,1.5,220,0.22
1997,2,16,10,446,627,121,-6,-11,64,776,5.1,160,0.22
1997,2,16,11,589,787,113,2,-10,37,775,4.1,150,0.22
1997,2,16,12,595,666,167,3,-11,31,775,4.4,150,0.22
1997,2,16,13,603,671,182,3,-9,37,774,4.6,150,0.22
1997,2,16,14,576,859,94,3,-9,37,774,6.7,150,0.22
1997,2,16,15,412,680,108,2,-8,44,773,5.7,150,0.22
1997,2,16,16,229,504,80,2,-8,44,773,4.1,150,0.22
1997,2,16,17,73,367,31,-1,-9,50,772,3.6,160,0.22
1997,2,16,18,0,12,0,-4.7,-10.1,62,772,2.6,170,0.22
1997,2,16,19,0,0,0,-8,-11,77,771,2.6,270,0.22
1997,2,16,20,0,0,0,-10,-13,76,769,1.5,260,0.22
1997,2,16,21,0,0,0,-11,-14,76,766,3.6,270,0.22
1997,2,16,22,0,0,0,-12,-14,83,766,3.1,240,0.22
1997,2,16,23,0,0,0,-12,-14,83,764,2.6,250,0.22
1997,2,17,0,0,0,0,-12,-14,83,764,2.6,250,0.22
1997,2,17,1,0,0,0,-13,-15,83,761,1.5,280,0.22
1997,2,17,2,0,0,0,-13,-15,83,760,4.1,270,0.22
1997,2,17,3,0,0,0,-13,-15,83,760,0,0,0.22
1997,2,17,4,0,0,0,-14,-17,76,759,0,0,0.22
1997,2,17,5,0,0,0,-14,-16,83,759,1.5,260,0.22
1997,2,17,6,0,0,0,-13,-15,83,758,3.1,260,0.22
1997,2,17,7,28,243,12,-12,-13,91,758,1.5,270,0.22
1997,2,17,8,179,603,43,-14.7,-14.7,100,761,2.1,240,0.22
1997,2,17,9,391,904,38,-7.5,-11.4,71,764,2.1,230,0.22
1997,2,17,10,543,949,47,-4.2,-9.1,65,763,1.5,200,0.22
1997,2,17,11,647,967,57,0.5,-7.8,50,764,7.2,160,0.22
1997,2,17,12,677,951,61,2.3,-8.5,41,763,6.7,170,0.22
1997,2,17,13,664,877,109,3,-6.2,48,763,6.7,170,0.22
1997,2,17,14,577,903,66,4.3,-5.9,45,764,5.7,170,0.22
1997,2,17,15,356,487,136,5,-5,46,762,6.7,160,0.22
1997,2,17,16,206,402,86,5,-5,46,762,4.6,160,0.22
1997,2,17,17,67,151,49,4,-6,45,762,7.2,160,0.22
1997,2,17,18,0,15,0,3,-6,49,761,7.2,160,0.22
1997,2,17,19,0,0,0,0.7,-4.9,63,760,0.3,20,0.22
1997,2,17,20,0,0,0,1.4,-5.8,55,759,2.1,240,0.22
1997,2,17,21,0,0,0,1.1,-6.8,52,759,0.9,60,0.22
1997,2,17,22,0,0,0,-4.2,-6.7,81,759,3.4,300,0.22
1997,2,17,23,0,0,0,-7.5,-7.6,99,759,5.2,10,0.22
1997,2,18,0,0,0,0,-7.8,-7.8,100,759,4.5,360,0.22
1997,2,18,1,0,0,0,-8.2,-8.2,100,759,3.7,40,0.22
1997,2,18,2,0,0,0,-9.5,-9.5,100,758,2.5,150,0.22
1997,2,18,3,0,0,0,-10.8,-10.8,100,760,6.4,110,0.22
1997,2,18,4,0,0,0,-12.1,-12.1,100,761,7.8,330,0.22
1997,2,18,5,0,0,0,-10.4,-10.4,100,762,7.6,120,0.22
1997,2,18,6,0,0,0,-9.7,-9.7,100,763,5.9,130,0.22
1997,2,18,7,29,30,27,-5,-7,84,765,6.2,330,0.22
1997,2,18,8,110,191,66,-3,-5,84,767,5.7,320,0.22
1997,2,18,9,348,637,96,-1,-3,85,768,4.6,310,0.22
1997,2,18,10,541,884,75,1,-2,79,770,4.6,330,0.22
1997,2,18,11,611,806,116,2,-2,73,770,6.2,360,0.22
1997,2,18,12,481,326,268,2,-3,67,771,6.7,330,0.22
1997,2,18,13,659,832,129,2,-3,67,771,5.7,40,0.22
1997,2,18,14,502,736,82,2,-3,67,771,6.2,30,0.22
1997,2,18,15,429,857,38,2,-3,67,771,4.6,30,0.22
1997,2,18,16,275,810,30,0.7,-4.8,64,771,4.8,60,0.22
1997,2,18,17,88,518,24,-0.5,-5.8,64,771,5,80,0.22
1997,2,18,18,1,53,0,-1.5,-6.6,65,770,5.1,100,0.22
1997,2,18,19,0,0,0,-3.7,-7.1,75,770,0.6,80,0.22
1997,2,18,20,0,0,0,-6.9,-7.6,94,770,0.4,340,0.22
1997,2,18,21,0,0,0,-7.1,-9.1,84,769,0.8,300,0.22
1997,2,18,22,0,0,0,-6.3,-10.6,69,769,0.9,200,0.22
1997,2,18,23,0,0,0,-6.6,-9.1,80,769,0.3,250,0.22
1997,2,19,0,0,0,0,-5.8,-9.5,72,769,2,250,0.22
1997,2,19,1,0,0,0,-8,-10,84,768,2.1,320,0.22
1997,2,19,2,0,0,0,-9.9,-11.2,89,768,2.2,320,0.22
1997,2,19,3,0,0,0,-11.8,-13.3,87,768,1.2,320,0.22
1997,2,19,4,0,0,0,-13.3,-14.5,90,767,1.8,330,0.22
1997,2,19,5,0,0,0,-13.7,-14.7,91,767,0,0,0.22
1997,2,19,6,0,0,0,-13.6,-14.8,90,767,0.5,330,0.22
1997,2,19,7,31,269,12,-11,-14,76,766,2.1,320,0.22
1997,2,19,8,187,562,56,-4,-12,50,771,0,0,0.22
1997,2,19,9,281,247,182,-1,-8,55,772,0,0,0.22
1997,2,19,10,474,571,170,1,-6,56,774,1.5,30,0.22
1997,2,19,11,437,463,150,5,-7,39,776,4.1,310,0.22
1997,2,19,12,709,878,132,6.7,-7.9,32,776,2.1,340,0.22
1997,2,19,13,710,997,71,8,-9,26,775,0,0,0.22
1997,2,19,14,624,973,65,7,-5,40,775,5.1,310,0.22
1997,2,19,15,462,884,55,6,-5.6,41,774,3.4,330,0.22
1997,2,19,16,290,811,41,5.7,-6.3,39,773,0.7,290,0.22
1997,2,19,17,91,525,25,4.4,-5.1,48,773,4.1,300,0.22
1997,2,19,18,0,27,0,3.1,-4.9,53,772,3,310,0.22
1997,2,19,19,0,0,0,2.7,-5.7,51,771,3.3,330,0.22
1997,2,19,20,0,0,0,2.5,-4.5,57,771,2.2,310,0.22
1997,2,19,21,0,0,0,2.1,-4.3,60,770,3.6,320,0.22
1997,2,19,22,0,0,0,1.9,-3,68,770,6.5,330,0.22
1997,2,19,23,0,0,0,1.5,-2.8,71,769,3.3,320,0.22
1997,2,20,0,0,0,0,1.2,-2.6,74,768,6.1,310,0.22
1997,2,20,1,0,0,0,0.9,-3.3,71,768,8.1,310,0.22
1997,2,20,2,0,0,0,-0.4,-3.3,78,767,6.4,290,0.22
1997,2,20,3,0,0,0,-0.7,-3,83,766,8.8,310,0.22
1997,2,20,4,0,0,0,-1,-2.9,85,766,5.1,310,0.22
1997,2,20,5,0,0,0,-0.4,-2.5,84,765,9.1,300,0.22
1997,2,20,6,0,0,0,-2.6,-3.5,93,765,8.3,300,0.22
1997,2,20,7,30,202,15,-4,-5,92,764,7.7,310,0.22
1997,2,20,8,185,489,69,-3,-6,77,766,5.1,340,0.22
1997,2,20,9,372,676,99,-2,-5,78,767,8.2,350,0.22
1997,2,20,10,350,420,124,-2,-6,71,767,8.2,310,0.22
1997,2,20,11,605,641,205,-1,-6,66,767,7.7,340,0.22
1997,2,20,12,599,594,206,-2,-9,55,767,7.7,300,0.22
1997,2,20,13,551,701,98,-1,-10,46,766,8.7,320,0.22
1997,2,20,14,622,959,67,-1,-9,50,767,10.3,310,0.22
1997,2,20,15,456,856,58,-2,-9,55,766,8.2,320,0.22
1997,2,20,16,279,730,52,-2.3,-9.5,54,766,8.8,320,0.22
1997,2,20,17,95,467,35,-4.6,-11,57,766,7.5,300,0.22
1997,2,20,18,1,19,0,-4.9,-12.5,51,766,4.9,290,0.22
1997,2,20,19,0,0,0,-6.3,-11,66,766,4.6,300,0.22
1997,2,20,20,0,0,0,-7.6,-8.5,92,766,4.7,310,0.22
1997,2,20,21,0,0,0,-8.9,-9,99,766,3.6,240,0.22
1997,2,20,22,0,0,0,-8.2,-9.5,89,766,4,130,0.22
1997,2,20,23,0,0,0,-9.5,-10,96,766,2.8,210,0.22
1997,2,21,0,0,0,0,-8.8,-10.5,86,766,4.3,340,0.22
1997,2,21,1,0,0,0,-9.1,-11,84,766,4.4,300,0.22
1997,2,21,2,0,0,0,-9.4,-11.5,83,766,2.5,30,0.22
1997,2,21,3,0,0,0,-9.8,-12,82,766,2.6,30,0.22
1997,2,21,4,0,0,0,-10.1,-12.5,81,766,4.8,270,0.22
1997,2,21,5,0,0,0,-10.4,-13,79,766,4.3,250,0.22
1997,2,21,6,0,0,0,-10.7,-12.5,85,766,6.1,270,0.22
1997,2,21,7,36,311,13,-11,-13,84,766,3.1,10,0.22
1997,2,21,8,204,717,30,-8,-12,70,769,5.1,10,0.22
1997,2,21,9,427,945,40,-6,-12,59,771,5.1,20,0.22
1997,2,21,10,510,847,52,-5,-13,49,771,5.1,50,0.22
1997,2,21,11,661,930,77,-4,-11,54,772,4.6,70,0.22
1997,2,21,12,691,831,137,-2,-12,42,773,2.6,30,0.22
1997,2,21,13,638,654,213,-2,-13,38,772,0,0,0.22
1997,2,21,14,335,241,195,-1,-13,35,773,0,0,0.22
1997,2,21,15,455,754,102,0,-12,36,772,0,0,0.22
1997,2,21,16,270,585,86,-1,-12.4,37,772,0,0,0.22
1997,2,21,17,87,415,31,-6,-13.1,53,771,0,0,0.22
1997,2,21,18,2,17,1,-8,-15.8,50,771,0.5,360,0.22
1997,2,21,19,0,0,0,-10,-16.5,55,770,0,0,0.22
1997,2,21,20,0,0,0,-9,-16.2,52,770,0,0,0.22
1997,2,21,21,0,0,0,-8,-15.9,49,769,0,0,0.22
1997,2,21,22,0,0,0,-10,-15.6,60,769,0,0,0.22
1997,2,21,23,0,0,0,-12,-18.4,55,769,0,0,0.22
1997,2,22,0,0,0,0,-12.1,-17.7,60,768,0,0,0.22
1997,2,22,1,0,0,0,-12,-16.8,64,768,0,0,0.22
1997,2,22,2,0,0,0,-11,-15.5,66,767,0,0,0.22
1997,2,22,3,0,0,0,-10,-14.2,68,767,0,0,0.22
1997,2,22,4,0,0,0,-12,-14.9,77,766,0,0,0.22
1997,2,22,5,0,0,0,-11,-14.6,72,766,0,0,0.22
1997,2,22,6,0,0,0,-11,-13.3,81,765,0,0,0.22
1997,2,22,7,14,0,14,-11,-13,84,764,0,0,0.22
1997,2,22,8,72,0,72,-10,-13,76,765,0,0,0.22
1997,2,22,9,209,114,162,-7,-11,70,767,0,0,0.22
1997,2,22,10,336,143,258,-2,-10,50,769,3.6,130,0.22
1997,2,22,11,394,326,188,-2,-12,42,769,3.6,160,0.22
1997,2,22,12,216,0,216,-2,-12,42,768,4.1,130,0.22
1997,2,22,13,211,0,211,-1,-10,46,768,3.6,120,0.22
1997,2,22,14,188,0,188,-1,-9,50,768,2.1,150,0.22
1997,2,22,15,148,0,148,-1,-8.4,53,767,1.8,160,0.22
1997,2,22,16,79,10,76,-2,-7.8,61,766,3.2,160,0.22
1997,2,22,17,51,125,34,-2,-7.3,64,765,2.4,150,0.22
1997,2,22,18,0,0,0,-2,-6.7,67,765,1.2,140,0.22
1997,2,22,19,0,0,0,-2,-6.1,71,765,0.5,160,0.22
1997,2,22,20,0,0,0,-2,-6.5,68,764,0,0,0.22
1997,2,22,21,0,0,0,-2,-5.9,72,764,1.1,110,0.22
1997,2,22,22,0,0,0,-2,-4.3,82,763,2.9,140,0.22
1997,2,22,23,0,0,0,-2,-3.8,86,762,3.7,160,0.22
1997,2,23,0,0,0,0,-2,-3.2,90,761,2.5,130,0.22
1997,2,23,1,0,0,0,-2,-2.6,95,760,5.4,140,0.22
1997,2,23,2,0,0,0,-1,-2,92,760,3.6,140,0.22
1997,2,23,3,0,0,0,-3,-4,92,758,3.1,120,0.22
1997,2,23,4,0,0,0,-2,-3,92,759,2.1,140,0.22
1997,2,23,5,0,0,0,-3,-5,84,758,2.1,100,0.22
1997,2,23,6,0,0,0,-1,-2,92,759,3.6,110,0.22
1997,2,23,7,17,0,17,-2,-2,100,759,3.6,120,0.22
1997,2,23,8,77,0,77,-2,-2,100,759,4.6,130,0.22
1997,2,23,9,133,0,133,-1,-2,92,760,5.7,120,0.22
1997,2,23,10,178,0,178,-1,-2,92,759,7.7,130,0.22
1997,2,23,11,207,0,207,-1,-1,100,759,5.1,130,0.22
1997,2,23,12,220,0,220,-1,-2,92,759,5.7,140,0.22
1997,2,23,13,449,325,234,-1,-2,92,759,4.6,120,0.22
1997,2,23,14,545,709,125,-1,-2,92,758,5.7,120,0.22
1997,2,23,15,451,773,83,-1,-2,92,759,3.1,110,0.22
1997,2,23,16,70,0,70,-1,-2,92,759,1.5,140,0.22
1997,2,23,17,28,0,28,-1,-2,92,759,3.1,140,0.22
1997,2,23,18,0,0,0,-1,-2,92,759,3.1,150,0.22
1997,2,23,19,0,0,0,-1,-2,92,760,5.1,120,0.22
1997,2,23,20,0,0,0,-1,-2,92,760,3.6,140,0.22
1997,2,23,21,0,0,0,-2,-2,100,760,3.1,150,0.22
1997,2,23,22,0,0,0,-2,-2,100,760,0,0,0.22
1997,2,23,23,0,0,0,-2,-2,100,760,0,0,0.22
1997,2,24,0,0,0,0,-2,-3,92,760,0,0,0.22
1997,2,24,1,0,0,0,-2,-2,100,760,0,0,0.22
1997,2,24,2,0,0,0,-2,-2,100,760,0,0,0.22
1997,2,24,3,0,0,0,-3,-3,100,759,0,0,0.22
1997,2,24,4,0,0,0,-5,-5,100,758,0,0,0.22
1997,2,24,5,0,0,0,-6,-7,92,758,0,0,0.22
1997,2,24,6,0,0,0,-5,-6,92,759,0,0,0.22
1997,2,24,7,13,0,13,-7,-8,92,759,2.6,250,0.22
1997,2,24,8,57,0,57,-4,-5,92,761,3.1,280,0.22
1997,2,24,9,170,241,68,-2,-3,92,763,3.1,280,0.22
1997,2,24,10,171,0,171,-1,-3,85,764,5.1,270,0.22
1997,2,24,11,202,0,202,0,-3,78,764,3.1,270,0.22
1997,2,24,12,215,0,215,1,-3,72,765,3.1,280,0.22
1997,2,24,13,385,209,246,-1,-2,92,764,4.1,140,0.22
1997,2,24,14,186,0,186,0,-2,85,764,5.1,140,0.22
1997,2,24,15,260,157,185,0,-1,92,764,2.6,150,0.22
1997,2,24,16,179,150,130,-1,-2,92,764,2.6,160,0.22
1997,2,24,17,23,0,23,-1.1,-2,93,765,2.1,180,0.22
1997,2,24,18,2,12,1,-1,-2,92,766,1.5,190,0.22
1997,2,24,19,0,0,0,-1.7,-3.8,84,766,2.2,230,0.22
1997,2,24,20,0,0,0,-0.4,-3.5,77,767,3.3,200,0.22
1997,2,24,21,0,0,0,-1.1,-5.3,70,767,2.3,200,0.22
1997,2,24,22,0,0,0,-4.8,-7.1,82,764,0.3,290,0.22
1997,2,24,23,0,0,0,-5.5,-5.8,97,763,0.4,270,0.22
1997,2,25,0,0,0,0,-9.2,-10.6,88,761,4.1,160,0.22
1997,2,25,1,0,0,0,-6.8,-9.4,80,763,3.1,150,0.22
1997,2,25,2,0,0,0,-5.5,-8.2,79,763,4.7,110,0.22
1997,2,25,3,0,0,0,-9.2,-10.9,86,761,6.4,80,0.22
1997,2,25,4,0,0,0,-8.9,-10.6,86,761,5.9,90,0.22
1997,2,25,5,0,0,0,-8.6,-10.5,85,762,5.4,80,0.22
1997,2,25,6,0,0,0,-9.3,-12.2,77,761,6,50,0.22
1997,2,25,7,17,0,17,-9,-11,84,762,6.7,40,0.22
1997,2,25,8,184,152,144,-9,-12,77,762,9.3,50,0.22
1997,2,25,9,297,449,105,-7,-11,70,763,5.1,50,0.22
1997,2,25,10,465,678,85,-5,-10,65,764,6.2,50,0.22
1997,2,25,11,551,651,129,0,-10,43,766,6.2,20,0.22
1997,2,25,12,678,861,89,0,-9,46,765,8.2,20,0.22
1997,2,25,13,689,913,79,0.7,-8.9,45,765,6.1,350,0.22
1997,2,25,14,590,809,104,1,-9,43,764,4.1,310,0.22
1997,2,25,15,403,507,156,0.1,-7.6,52,764,4,290,0.22
1997,2,25,16,267,594,70,-0.7,-7.2,58,763,2.4,290,0.22
1997,2,25,17,103,502,29,-0.7,-7.8,55,763,1.7,270,0.22
1997,2,25,18,2,46,1,-2.6,-9.3,56,762,0,0,0.22
1997,2,25,19,0,0,0,-3.4,-9,62,762,0,0,0.22
1997,2,25,20,0,0,0,-4.3,-9.5,64,761,0,0,0.22
1997,2,25,21,0,0,0,-5.2,-11.1,60,761,0,0,0.22
1997,2,25,22,0,0,0,-6,-10.7,66,760,0,0,0.22
1997,2,25,23,0,0,0,-6,-11.3,63,760,1.8,160,0.22
1997,2,26,0,0,0,0,-6.9,-11.8,65,759,0.6,140,0.22
1997,2,26,1,0,0,0,-8.7,-12.5,71,759,0,0,0.22
1997,2,26,2,0,0,0,-8.6,-13,67,758,0.4,120,0.22
1997,2,26,3,0,0,0,-8.5,-12.6,69,758,2,100,0.22
1997,2,26,4,0,0,0,-8.3,-12.2,71,757,0.3,70,0.22
1997,2,26,5,0,0,0,-8.3,-11.8,73,757,1.3,50,0.22
1997,2,26,6,0,0,0,-7.2,-10.3,76,756,0.1,60,0.22
1997,2,26,7,23,0,23,-8,-11,77,756,2.1,50,0.22
1997,2,26,8,85,0,85,-5,-10,65,758,3.6,10,0.22
1997,2,26,9,141,0,141,-4,-9,65,759,0,0,0.22
1997,2,26,10,185,0,185,-2,-7,65,759,2.1,350,0.22
1997,2,26,11,214,0,214,-0.5,-6.4,61,759,3,340,0.22
1997,2,26,12,226,0,226,0.4,-5.8,60,760,3.9,340,0.22
1997,2,26,13,221,0,221,0.9,-5.3,60,760,4.8,330,0.22
1997,2,26,14,198,0,198,1,-5,61,760,5.7,320,0.22
1997,2,26,15,266,219,159,3.1,-4.7,54,760,5.7,310,0.22
1997,2,26,16,75,0,75,1.3,-1.3,82,759,5.2,290,0.22
1997,2,26,17,33,0,33,2.4,0,84,759,8.4,30,0.22
1997,2,26,18,4,37,3,0.6,-0.6,91,758,6.5,50,0.22
1997,2,26,19,0,0,0,-2.4,-2.7,98,757,1.5,120,0.22
1997,2,26,20,0,0,0,0.6,-0.7,90,757,1.4,110,0.22
1997,2,26,21,0,0,0,-3.3,-3.3,100,756,1.4,100,0.22
1997,2,26,22,0,0,0,-2.3,-2.8,96,756,2.5,250,0.22
1997,2,26,23,0,0,0,-1.2,-1.2,100,755,3.6,300,0.22
1997,2,27,0,0,0,0,-0.2,-0.8,95,754,3.2,220,0.22
1997,2,27,1,0,0,0,-3.2,-3.8,95,754,2.6,60,0.22
1997,2,27,2,0,0,0,-2.2,-2.9,94,753,6.2,180,0.22
1997,2,27,3,0,0,0,-3.2,-3.2,100,753,6.3,180,0.22
1997,2,27,4,0,0,0,-3.1,-3.9,93,752,5.3,160,0.22
1997,2,27,5,0,0,0,-3.1,-4,93,752,5.8,160,0.22
1997,2,27,6,0,0,0,-6,-6.9,93,751,5.7,160,0.22
1997,2,27,7,15,0,15,-4,-5,92,750,5.7,140,0.22
1997,2,27,8,58,0,58,-4,-5,92,751,5.1,150,0.22
1997,2,27,9,97,0,97,-4,-5,92,750,7.2,150,0.22
1997,2,27,10,129,0,129,-3,-4,92,749,6.2,140,0.22
1997,2,27,11,149,0,149,-3,-4,92,748,7.7,150,0.22
1997,2,27,12,158,0,158,3,-4,58,751,8.2,160,0.22
1997,2,27,13,154,0,154,-3,-4,92,746,7.2,160,0.22
1997,2,27,14,138,0,138,-2.8,-3.9,91,746,7,150,0.22
1997,2,27,15,132,0,132,-3,-4,92,745,6.7,130,0.22
1997,2,27,16,105,0,105,-4.2,-4.2,100,745,6.5,120,0.22
1997,2,27,17,45,0,45,-5.4,-5.4,100,745,6.4,120,0.22
1997,2,27,18,3,6,3,-6.6,-6.6,100,745,6.2,110,0.22
1997,2,27,19,0,0,0,-6.8,-6.8,100,745,6.1,110,0.22
1997,2,27,20,0,0,0,-7,-7,100,745,5.9,100,0.22
1997,2,27,21,0,0,0,-7.2,-7.2,100,745,9.3,110,0.22
1997,2,27,22,0,0,0,-7.5,-7.5,100,745,9,110,0.22
1997,2,27,23,0,0,0,-7.5,-7.5,100,745,8.8,130,0.22
1997,2,28,0,0,0,0,-7.7,-8.1,97,745,8.5,140,0.22
1997,2,28,1,0,0,0,-7.9,-8.8,92,745,7.8,160,0.22
1997,2,28,2,0,0,0,-8.1,-9.4,89,745,7,160,0.22
1997,2,28,3,0,0,0,-9,-10.8,85,745,7.4,200,0.22
1997,2,28,4,0,0,0,-9.8,-12,82,745,7.7,220,0.22
1997,2,28,5,0,0,0,-10.5,-13.1,79,745,8.2,260,0.22
1997,2,28,6,0,0,0,-10.9,-14,76,745,8.5,270,0.22
1997,2,28,7,35,174,20,-9.7,-13.2,73,745,8.9,310,0.22
1997,2,28,8,189,291,109,-8,-12,70,744,8.7,310,0.22
1997,2,28,9,453,782,106,-7,-11,70,749,10.3,310,0.22
1997,2,28,10,272,218,146,-7,-11,70,749,9.3,330,0.22
1997,2,28,11,215,0,215,-5,-9,71,751,8.2,300,0.22
1997,2,28,12,284,34,259,-6,-10,70,751,9.8,310,0.22
1997,2,28,13,477,140,381,-5,-10,65,752,9.3,310,0.22
1997,2,28,14,198,0,198,-5,-10,65,753,10.8,320,0.22
1997,2,28,15,248,85,205,-6,-11,64,753,7.2,320,0.22
1997,2,28,16,206,234,126,-8.4,-11.3,77,754,9.9,120,0.22
1997,2,28,17,31,39,25,-8.9,-12.6,72,754,8.1,140,0.22
1997,2,28,18,2,5,2,-11.3,-12.9,87,755,8.3,100,0.22
1997,2,28,19,0,0,0,-11.8,-14.3,80,755,7.4,50,0.22
1997,2,28,20,0,0,0,-12.2,-13.6,88,756,7.5,40,0.22
1997,2,28,21,0,0,0,-10.2,-11.5,89,756,7.2,360,0.22
1997,2,28,22,0,0,0,-8.3,-9.4,90,757,7,310,0.22
1997,2,28,23,0,0,0,-6.4,-7.4,91,757,6.7,290,0.22
1991,3,1,0,0,0,0,-4.4,-5.3,100,753,6.5,170,0.18
1991,3,1,1,0,0,0,-2.5,-3.3,100,753,6.2,140,0.18
1991,3,1,2,0,0,0,-0.6,-1.2,100,752,6,150,0.18
1991,3,1,3,0,0,0,1.2,0.7,96,752,5.7,140,0.18
1991,3,1,4,0,0,0,-1.4,-1.4,100,752,5.2,130,0.18
1991,3,1,5,0,0,0,-1.9,-2,99,752,4.1,130,0.18
1991,3,1,6,0,0,0,0.5,0.2,98,752,1,150,0.18
1991,3,1,7,47,20,46,-1,-1.6,95,752,4.6,130,0.18
1991,3,1,8,138,75,117,-0.5,-2.1,88,752,4.1,130,0.18
1991,3,1,9,140,132,81,0,-1.6,88,752,6.2,130,0.18
1991,3,1,10,273,142,191,0,-1,92,752,5.1,130,0.18
1991,3,1,11,346,222,198,0.6,-1,88,753,5.1,130,0.18
1991,3,1,12,137,26,118,0,-1,92,751,6.2,130,0.18
1991,3,1,13,357,125,271,0.6,-1,88,751,5.7,140,0.18
1991,3,1,14,450,86,397,0,-1.6,88,750,4.1,140,0.18
1991,3,1,15,177,68,143,0.6,-1.6,84,751,3.1,120,0.18
1991,3,1,16,94,0,94,-1.5,-2.2,94,751,2.3,140,0.18
1991,3,1,17,99,61,90,0.4,-3.7,71,752,1.7,160,0.18
1991,3,1,18,3,0,3,-4.7,-4.7,100,753,0.4,190,0.18
1991,3,1,19,0,0,0,-3.8,-4.8,92,753,1.2,190,0.18
1991,3,1,20,0,0,0,-2.9,-3.4,96,754,2.1,190,0.18
1991,3,1,21,0,0,0,-7,-7,100,754,2.9,230,0.18
1991,3,1,22,0,0,0,-4.1,-4.5,97,755,3.8,230,0.18
1991,3,1,23,0,0,0,-6.2,-6.2,100,756,4.1,270,0.18
1991,3,2,0,0,0,0,-3.3,-4.6,90,756,4.4,270,0.18
1991,3,2,1,0,0,0,-3.4,-4.2,93,757,3.8,260,0.18
1991,3,2,2,0,0,0,-3.5,-4.7,90,758,5.6,260,0.18
1991,3,2,3,0,0,0,-2.6,-4.3,87,758,6,260,0.18
1991,3,2,4,0,0,0,-1.7,-4.8,77,759,6.3,260,0.18
1991,3,2,5,0,0,0,0.2,-3.4,74,759,6.6,270,0.18
1991,3,2,6,0,0,0,1.1,-3.9,67,760,8,250,0.18
1991,3,2,7,55,330,24,-1,-5.5,68,761,9.8,300,0.18
1991,3,2,8,239,707,39,0,-5.5,63,763,8.2,280,0.18
1991,3,2,9,431,848,49,1.1,-4.3,64,765,7.7,290,0.18
1991,3,2,10,326,195,212,1.7,-3.8,64,766,8.2,310,0.18
1991,3,2,11,607,779,86,2.2,-4.9,57,767,7.7,300,0.18
1991,3,2,12,539,125,450,3.9,-6.6,43,768,7.2,320,0.18
1991,3,2,13,713,937,67,5,-5.5,44,769,5.7,310,0.18
1991,3,2,14,633,910,68,3.9,-5.5,48,769,7.2,320,0.18
1991,3,2,15,499,879,56,4.4,-5.5,46,770,7.2,310,0.18
1991,3,2,16,329,820,44,3.4,-5.5,49,768,3.8,150,0.18
1991,3,2,17,99,214,64,2.3,-4.6,58,768,3.4,130,0.18
1991,3,2,18,4,31,3,1.3,-3.6,67,766,5.2,360,0.18
1991,3,2,19,0,0,0,1.3,-3.7,67,764,4.5,350,0.18
1991,3,2,20,0,0,0,1.2,-2.7,73,763,3.9,330,0.18
1991,3,2,21,0,0,0,-0.8,-2.8,85,761,5.1,320,0.18
1991,3,2,22,0,0,0,-0.8,-3.8,78,759,4.8,320,0.18
1991,3,2,23,0,0,0,-1.9,-2.8,93,758,6,320,0.18
1991,3,3,0,0,0,0,-1.9,-3.9,85,756,5.6,310,0.18
1991,3,3,1,0,0,0,-2.9,-3.9,92,754,6.4,300,0.18
1991,3,3,2,0,0,0,-3,-4,92,753,6,280,0.18
1991,3,3,3,0,0,0,-3,-4,92,753,5.7,270,0.18
1991,3,3,4,0,0,0,-3,-6,77,754,3.6,270,0.18
1991,3,3,5,0,0,0,-7,-8,92,754,5.1,270,0.18
1991,3,3,6,0,0,0,-7,-8,92,756,4.6,270,0.18
1991,3,3,7,35,0,35,-8,-9,92,758,3.6,270,0.18
1991,3,3,8,240,428,117,-3,-6,77,758,4.1,270,0.18
1991,3,3,9,179,0,179,-2,-5,78,760,0,0,0.18
1991,3,3,10,233,0,233,-2,-5,78,761,2.1,250,0.18
1991,3,3,11,699,873,110,-0.1,-4.1,72,761,0,0,0.18
1991,3,3,12,730,846,129,1,-3,72,762,0,0,0.18
1991,3,3,13,758,906,129,1,-3,72,763,0,0,0.18
1991,3,3,14,248,0,248,1,-3,72,763,4.6,140,0.18
1991,3,3,15,200,0,200,1,-3,72,764,4.1,180,0.18
1991,3,3,16,224,250,136,2,-4,62,764,3.1,180,0.18
1991,3,3,17,131,594,32,1,-3,72,764,2.6,180,0.18
1991,3,3,18,7,150,2,-1,-3,85,764,0,0,0.18
1991,3,3,19,0,0,0,-3,-4,92,762,1.5,240,0.18
1991,3,3,20,0,0,0,-6,-7,92,762,3.6,240,0.18
1991,3,3,21,0,0,0,-8,-9,92,761,2.1,250,0.18
1991,3,3,22,0,0,0,-7,-9,84,762,1.5,250,0.18
1991,3,3,23,0,0,0,-9,-9,100,760,2.1,250,0.18
1991,3,4,0,0,0,0,-8,-9,92,760,2.6,270,0.18
1991,3,4,1,0,0,0,-8,-9,92,760,4.6,270,0.18
1991,3,4,2,0,0,0,-8,-10,84,760,5.1,280,0.18
1991,3,4,3,0,0,0,-10,-11,91,757,0,0,0.18
1991,3,4,4,0,0,0,-9,-11,84,757,0,0,0.18
1991,3,4,5,0,0,0,-11,-13,84,760,3.1,270,0.18
1991,3,4,6,0,7,0,-12,-14,83,758,2.6,240,0.18
1991,3,4,7,67,407,25,-12,-13,91,761,5.1,270,0.18
1991,3,4,8,266,794,34,-10,-12,84,764,0,0,0.18
1991,3,4,9,448,867,49,-8,-10,84,767,6.7,300,0.18
1991,3,4,10,441,504,141,-5,-8,77,772,7.2,300,0.18
1991,3,4,11,470,481,143,1,-3,72,773,6.7,310,0.18
1991,3,4,12,717,635,262,2,-3,67,773,6.7,310,0.18
1991,3,4,13,699,755,172,2,-3,67,773,7.7,310,0.18
1991,3,4,14,493,623,101,2,-3,67,774,9.3,320,0.18
1991,3,4,15,349,81,307,2,-3,67,775,7.7,300,0.18
1991,3,4,16,250,348,127,2,-3,67,776,7.7,310,0.18
1991,3,4,17,91,31,86,2,-3,67,774,7.7,330,0.18
1991,3,4,18,2,0,2,1,-3,72,776,6.2,310,0.18
1991,3,4,19,0,0,0,-0.2,-3.5,76,773,6.6,310,0.18
1991,3,4,20,0,0,0,-0.5,-4.1,74,770,5.5,300,0.18
1991,3,4,21,0,0,0,-3.7,-5.6,85,767,5.4,280,0.18
1991,3,4,22,0,0,0,-4,-6.2,83,766,8.5,310,0.18
1991,3,4,23,0,0,0,-2.2,-4.7,81,764,7.9,270,0.18
1991,3,5,0,0,0,0,-0.4,-4.3,72,764,8.3,290,0.18
1991,3,5,1,0,0,0,0.3,-3.8,71,763,8.2,280,0.18
1991,3,5,2,0,0,0,1.1,-3.4,70,762,10.7,270,0.18
1991,3,5,3,0,0,0,0.9,-3.9,68,762,11.6,260,0.18
1991,3,5,4,0,0,0,1.6,-3.5,67,761,12.6,260,0.18
1991,3,5,5,0,0,0,2.4,-3,66,762,9.9,300,0.18
1991,3,5,6,0,0,0,2.1,-2.6,69,762,8.4,280,0.18
1991,3,5,7,30,0,30,3.9,-2.1,64,761,9.8,250,0.18
1991,3,5,8,90,0,90,3.9,-2.1,64,761,10.3,250,0.18
1991,3,5,9,145,0,145,3.9,-2.1,64,762,7.7,250,0.18
1991,3,5,10,189,0,189,5,-3.8,51,763,7.7,250,0.18
1991,3,5,11,217,0,217,4.4,-4.3,51,763,8.2,240,0.18
1991,3,5,12,228,0,228,4.4,-4.9,48,762,7.7,240,0.18
1991,3,5,13,223,0,223,5.6,-4.3,47,762,8.8,250,0.18
1991,3,5,14,200,0,200,4.4,-6,44,761,7.2,250,0.18
1991,3,5,15,162,0,162,3.9,-6.6,43,761,11.3,250,0.18
1991,3,5,16,168,80,139,3.6,-6.6,44,761,12.1,220,0.18
1991,3,5,17,48,8,46,3.3,-6.5,46,760,10.8,240,0.18
1991,3,5,18,4,0,4,2.9,-6.5,47,760,9.5,220,0.18
1991,3,5,19,0,0,0,2.6,-6.5,48,760,8.8,190,0.18
1991,3,5,20,0,0,0,0.3,-7.4,52,760,8.5,200,0.18
1991,3,5,21,0,0,0,1,-6.4,54,760,8.7,170,0.18
1991,3,5,22,0,0,0,0.7,-6.4,55,760,9,160,0.18
1991,3,5,23,0,0,0,-0.7,-7.4,57,760,9.8,150,0.18
1991,3,6,0,0,0,0,-2,-8.3,58,759,7.4,150,0.18
1991,3,6,1,0,0,0,-4.3,-10.3,59,759,8.2,140,0.18
1991,3,6,2,0,0,0,-4.6,-10.3,61,759,5.4,180,0.18
1991,3,6,3,0,0,0,-3.9,-10.2,58,759,3.1,210,0.18
1991,3,6,4,0,0,0,-5.2,-11.2,59,759,4.9,30,0.18
1991,3,6,5,0,0,0,-9.6,-14.2,66,759,4.6,220,0.18
1991,3,6,6,0,6,0,-7.9,-12.1,69,759,2.3,190,0.18
1991,3,6,7,69,337,31,-8.2,-12.1,71,758,4.1,30,0.18
1991,3,6,8,250,666,48,-4.9,-11.6,56,761,2.6,320,0.18
1991,3,6,9,186,135,122,-4.3,-12.7,48,761,5.1,120,0.18
1991,3,6,10,594,869,70,-3.2,-12.1,46,762,3.6,350,0.18
1991,3,6,11,708,924,71,-2.1,-9.3,54,763,4.6,260,0.18
1991,3,6,12,753,927,81,-1.6,-9.3,52,763,3.6,280,0.18
1991,3,6,13,741,944,73,-0.2,-7.8,52,764,5.6,290,0.18
1991,3,6,14,698,992,65,1.1,-6.6,53,764,7.7,300,0.18
1991,3,6,15,549,948,56,1.7,-6.6,51,764,6.7,320,0.18
1991,3,6,16,352,851,43,0.2,-7.1,54,764,6.4,320,0.18
1991,3,6,17,138,616,28,0.1,-7.6,52,764,5.5,310,0.18
1991,3,6,18,8,104,3,-1.4,-7.9,57,764,5.2,300,0.18
1991,3,6,19,0,0,0,-2,-8.4,58,764,4.8,290,0.18
1991,3,6,20,0,0,0,-2.8,-9,59,763,4.9,50,0.18
1991,3,6,21,0,0,0,-3,-9.5,57,763,0,0,0.18
1991,3,6,22,0,0,0,-3.3,-10,56,763,2.2,200,0.18
1991,3,6,23,0,0,0,-4.3,-10.5,58,763,3.4,270,0.18
1991,3,7,0,0,0,0,-5,-10.9,60,763,7.2,330,0.18
1991,3,7,1,0,0,0,-5.5,-11.4,60,763,3.2,330,0.18
1991,3,7,2,0,0,0,-6.3,-11.9,61,763,3.9,340,0.18
1991,3,7,3,0,0,0,-8.6,-14.4,59,763,4,320,0.18
1991,3,7,4,0,0,0,-7.4,-13.9,56,763,5.2,300,0.18
1991,3,7,5,0,0,0,-6.1,-13.3,53,762,4.9,280,0.18
1991,3,7,6,0,15,0,-6.3,-13.8,51,762,5,260,0.18
1991,3,7,7,74,401,27,-7.1,-13.8,55,762,5.7,320,0.18
1991,3,7,8,258,627,65,-5.5,-13.8,48,764,6.7,350,0.18
1991,3,7,9,444,682,120,-4.3,-13.2,46,765,9.3,20,0.18
1991,3,7,10,635,945,61,-3.2,-11,51,766,8.8,20,0.18
1991,3,7,11,723,935,74,-1.6,-9.9,49,767,5.7,20,0.18
1991,3,7,12,763,951,69,-0.5,-9.3,47,768,7.7,20,0.18
1991,3,7,13,720,906,75,0.6,-7.7,50,768,8.2,280,0.18
1991,3,7,14,655,923,63,0.6,-8.8,45,769,6.7,300,0.18
1991,3,7,15,560,968,53,1.1,-9.3,42,769,5.1,310,0.18
1991,3,7,16,273,207,197,2.1,-10.1,36,769,6.7,280,0.18
1991,3,7,17,128,512,35,0.1,-11,39,769,6.3,250,0.18
1991,3,7,18,8,114,4,-1.9,-10.8,46,768,1.9,240,0.18
1991,3,7,19,0,0,0,-3.9,-12.7,46,768,3.5,200,0.18
1991,3,7,20,0,0,0,-2.9,-12.5,43,768,2.3,190,0.18
1991,3,7,21,0,0,0,-3.9,-12.3,48,768,1,170,0.18
1991,3,7,22,0,0,0,-4.1,-12.1,50,768,0,0,0.18
1991,3,7,23,0,0,0,-4.5,-12.2,51,768,0.4,130,0.18
1991,3,8,0,0,0,0,-4.8,-12.3,52,767,1.1,100,0.18
1991,3,8,1,0,0,0,-4.6,-12.4,50,767,3.8,80,0.18
1991,3,8,2,0,0,0,-5,-12.5,52,767,3.1,70,0.18
1991,3,8,3,0,0,0,-6.9,-14,53,767,2.4,60,0.18
1991,3,8,4,0,0,0,-9,-15.2,57,767,1.7,50,0.18
1991,3,8,5,0,0,0,-7,-14,54,767,1.1,40,0.18
1991,3,8,6,0,23,0,-8,-14.9,54,766,0.4,30,0.18
1991,3,8,7,87,531,23,-6,-12.7,55,766,0,0,0.18
1991,3,8,8,297,826,38,-2.1,-9.9,51,769,2.1,10,0.18
1991,3,8,9,503,937,52,0.6,-11,37,771,2.6,40,0.18
1991,3,8,10,669,990,63,1.7,-12.7,30,772,4.6,20,0.18
1991,3,8,11,779,1016,69,2.8,-4.3,57,772,4.1,20,0.18
1991,3,8,12,824,1025,72,4.4,-6,44,773,4.1,10,0.18
1991,3,8,13,801,1020,70,5,-7.1,38,773,4.6,10,0.18
1991,3,8,14,711,1000,65,5.6,-13.2,21,773,4.6,10,0.18
1991,3,8,15,561,957,56,5.6,-8.2,33,773,5.1,50,0.18
1991,3,8,16,365,868,43,5.3,-8.3,34,773,4.2,360,0.18
1991,3,8,17,65,58,54,2.9,-8.5,39,773,3.1,350,0.18
1991,3,8,18,10,44,8,2.6,-6.6,48,772,3.3,360,0.18
1991,3,8,19,0,0,0,1.3,-7.7,47,772,0.7,140,0.18
1991,3,8,20,0,0,0,-2.1,-8.8,56,772,2.4,70,0.18
1991,3,8,21,0,0,0,-4.4,-11,56,771,4.9,50,0.18
1991,3,8,22,0,0,0,-4.7,-11.1,57,771,3.5,40,0.18
1991,3,8,23,0,0,0,-7.1,-13.2,58,771,3.1,40,0.18
1991,3,9,0,0,0,0,-8.4,-13.3,65,770,3.6,40,0.18
1991,3,9,1,0,0,0,-9.7,-15.5,59,770,3.8,30,0.18
1991,3,9,2,0,0,0,-9,-14.6,60,769,3.3,30,0.18
1991,3,9,3,0,0,0,-11.4,-17.7,56,769,2.9,30,0.18
1991,3,9,4,0,0,0,-10.7,-15.8,63,769,2.4,20,0.18
1991,3,9,5,0,0,0,-10,-15,64,768,1.4,20,0.18
1991,3,9,6,0,5,0,-10.5,-15.2,65,768,1.5,10,0.18
1991,3,9,7,74,261,40,-7.7,-13.2,61,768,0,0,0.18
1991,3,9,8,283,624,84,-1.6,-9.9,49,772,1,80,0.18
1991,3,9,9,365,521,112,1.7,-12.7,30,773,6.7,150,0.18
1991,3,9,10,566,767,92,2.8,-12.1,29,774,5.7,150,0.18
1991,3,9,11,295,112,216,3.9,-9.3,34,775,6.7,150,0.18
1991,3,9,12,391,117,304,4.4,-7.7,38,775,5.7,170,0.18
1991,3,9,13,519,215,364,4.4,-7.7,38,774,7.7,140,0.18
1991,3,9,14,362,108,291,4.4,-7.7,38,774,6.7,180,0.18
1991,3,9,15,189,0,189,4.4,-9.3,33,773,7.7,140,0.18
1991,3,9,16,121,0,121,4.1,-8.5,36,774,8.6,140,0.18
1991,3,9,17,49,0,49,3.9,-8.1,38,772,6.4,150,0.18
1991,3,9,18,5,0,5,2.5,-7.4,45,775,4.7,150,0.18
1991,3,9,19,0,0,0,1.8,-6.8,49,772,1,350,0.18
1991,3,9,20,0,0,0,1,-6.4,54,771,0.9,350,0.18
1991,3,9,21,0,0,0,0.5,-6.1,58,771,2.9,270,0.18
1991,3,9,22,0,0,0,0.4,-5.4,62,769,2.1,220,0.18
1991,3,9,23,0,0,0,0.1,-5.1,65,769,2,290,0.18
1991,3,10,0,0,0,0,-0.9,-4.3,75,768,0.4,360,0.18
1991,3,10,1,0,0,0,-1.4,-3.6,83,767,0.3,360,0.18
1991,3,10,2,0,0,0,-1.7,-2.8,91,767,2.7,200,0.18
1991,3,10,3,0,0,0,-1.9,-2.1,98,767,1.5,250,0.18
1991,3,10,4,0,0,0,-2,-2,100,767,2.6,270,0.18
1991,3,10,5,0,0,0,-3,-3,100,768,2.1,280,0.18
1991,3,10,6,0,0,0,-4,-4,100,766,2.6,270,0.18
1991,3,10,7,43,0,43,-3,-3,100,768,0,0,0.18
1991,3,10,8,119,0,119,-2,-3,92,771,0,0,0.18
1991,3,10,9,188,0,188,-2,-3,92,773,2.6,140,0.18
1991,3,10,10,341,56,306,-1.5,-2.8,90,776,6.2,130,0.18
1991,3,10,11,216,66,169,-1.4,-3,87,776,6.2,130,0.18
1991,3,10,12,594,423,279,-2,-3,92,776,7.7,130,0.18
1991,3,10,13,284,0,284,-1,-3,85,776,2.6,180,0.18
1991,3,10,14,255,0,255,1,-2,79,776,8.7,220,0.18
1991,3,10,15,207,0,207,1,-2,79,776,9.3,270,0.18
1991,3,10,16,113,0,113,0,-2,85,775,6.2,250,0.18
1991,3,10,17,53,0,53,0.1,-2.1,83,775,4.1,260,0.18
1991,3,10,18,4,0,4,-1,-2,92,774,3.6,290,0.18
1991,3,10,19,0,0,0,-1.5,-2.2,94,774,6.7,270,0.18
1991,3,10,20,0,0,0,-2.1,-2.5,97,774,4.1,310,0.18
1991,3,10,21,0,0,0,-2,-3,92,773,2.1,350,0.18
1991,3,10,22,0,0,0,-2,-3,92,773,5.1,310,0.18
1991,3,10,23,0,0,0,-2.1,-3,93,771,6.2,280,0.18
1991,3,11,0,0,0,0,-2,-3,92,770,4.6,320,0.18
1991,3,11,1,0,0,0,-1,-4,78,772,9.8,340,0.18
1991,3,11,2,0,0,0,-1.6,-4.1,81,769,5.7,320,0.18
1991,3,11,3,0,0,0,-1.7,-4.1,82,768,6.7,320,0.18
1991,3,11,4,0,0,0,-2,-4,85,768,0,0,0.18
1991,3,11,5,0,0,0,-2,-3,92,768,3.6,50,0.18
1991,3,11,6,0,0,0,-2,-3,92,769,0,0,0.18
1991,3,11,7,45,0,45,-2,-2.9,93,770,2.1,350,0.18
1991,3,11,8,121,0,121,-2,-4,85,773,2.6,320,0.18
1991,3,11,9,191,0,191,-1,-4,78,775,3.1,310,0.18
1991,3,11,10,245,0,245,-1,-4,78,776,4.6,300,0.18
1991,3,11,11,280,0,280,-1,-4,78,776,3.6,360,0.18
1991,3,11,12,294,0,294,-1,-4,78,777,5.7,290,0.18
1991,3,11,13,286,0,286,-2,-4,85,775,3.6,290,0.18
1991,3,11,14,257,0,257,-1,-5,71,777,4.6,320,0.18
1991,3,11,15,332,255,195,-1,-6,66,778,4.1,280,0.18
1991,3,11,16,143,0,143,-1,-6,66,775,4.1,300,0.18
1991,3,11,17,68,0,68,-1,-7,60,775,5.7,300,0.18
1991,3,11,18,8,15,7,-3,-7,71,773,2.6,320,0.18
1991,3,11,19,0,0,0,-4.4,-7.5,77,771,3.1,260,0.18
1991,3,11,20,0,0,0,-4.9,-8.1,76,769,2.2,260,0.18
1991,3,11,21,0,0,0,-7.3,-9.6,82,769,3.7,290,0.18
1991,3,11,22,0,0,0,-8.7,-10.1,88,767,3.8,270,0.18
1991,3,11,23,0,0,0,-8.2,-10.7,80,766,2.3,340,0.18
1991,3,12,0,0,0,0,-10.3,-12.7,81,765,4.4,290,0.18
1991,3,12,1,0,0,0,-12,-14.7,78,764,3.4,300,0.18
1991,3,12,2,0,0,0,-10.4,-13.2,78,762,0.4,20,0.18
1991,3,12,3,0,0,0,-10.3,-13.4,76,760,2.5,250,0.18
1991,3,12,4,0,0,0,-10.3,-13.3,76,761,2.6,310,0.18
1991,3,12,5,0,0,0,-10.7,-13.8,76,759,3.1,310,0.18
1991,3,12,6,2,66,1,-11.2,-14.4,75,759,0.6,30,0.18
1991,3,12,7,91,380,37,-11.6,-14.9,74,761,2.1,280,0.18
1991,3,12,8,298,757,45,-4.3,-9.9,61,765,3.6,350,0.18
1991,3,12,9,485,889,39,-1.6,-11.6,42,767,5.7,320,0.18
1991,3,12,10,483,123,406,1.1,-9.9,40,769,7.2,320,0.18
1991,3,12,11,603,419,302,1.7,-9.3,40,770,6.7,320,0.18
1991,3,12,12,398,130,301,2.2,-6.6,49,770,4.1,320,0.18
1991,3,12,13,763,964,56,3.3,-6,48,771,8.8,320,0.18
1991,3,12,14,651,900,55,3.9,-6,46,771,6.7,320,0.18
1991,3,12,15,525,874,51,3.9,-6.6,43,771,6.7,310,0.18
1991,3,12,16,352,826,34,3.6,-6.7,44,771,9.7,260,0.18
1991,3,12,17,154,615,31,2.2,-6.7,48,770,9.2,210,0.18
1991,3,12,18,13,142,6,0.9,-7.8,48,770,6.5,230,0.18
1991,3,12,19,0,0,0,-1.5,-8.9,53,769,4.4,230,0.18
1991,3,12,20,0,0,0,-1.8,-8.9,54,768,6.9,90,0.18
1991,3,12,21,0,0,0,-4.2,-10,60,768,5.4,70,0.18
1991,3,12,22,0,0,0,-3.5,-10,57,767,6.8,100,0.18
1991,3,12,23,0,0,0,-4.9,-10.1,64,767,3.6,280,0.18
1991,3,13,0,0,0,0,-5.2,-11.2,59,766,6.1,40,0.18
1991,3,13,1,0,0,0,-6.5,-10.2,72,766,0.9,100,0.18
1991,3,13,2,0,0,0,-6.9,-11.3,68,765,3,360,0.18
1991,3,13,3,0,0,0,-8.2,-11.4,75,764,1.3,360,0.18
1991,3,13,4,0,0,0,-8.6,-11.4,78,764,1.8,350,0.18
1991,3,13,5,0,0,0,-10.9,-13.5,79,763,1.7,340,0.18
1991,3,13,6,1,4,1,-10.3,-12.5,82,763,3.2,300,0.18
1991,3,13,7,54,107,38,-6.6,-11.6,64,762,2.6,310,0.18
1991,3,13,8,192,220,117,-2.1,-10.5,48,765,0,0,0.18
1991,3,13,9,327,133,259,1.1,-12.1,33,766,7.2,150,0.18
1991,3,13,10,370,176,257,1.7,-9.9,38,766,6.7,150,0.18
1991,3,13,11,499,177,370,2.8,-11.6,30,766,8.2,150,0.18
1991,3,13,12,623,511,236,3.9,-10.5,31,766,4.6,100,0.18
1991,3,13,13,224,0,224,2.8,-10.5,33,765,8.8,150,0.18
1991,3,13,14,200,0,200,2.2,-10.5,35,764,4.1,230,0.18
1991,3,13,15,160,0,160,2.2,-11.6,31,763,6.2,160,0.18
1991,3,13,16,134,35,121,1.4,-9.8,39,763,6.2,150,0.18
1991,3,13,17,85,40,77,0.5,-8.9,45,762,5.1,160,0.18
1991,3,13,18,7,21,6,-1.3,-9.1,51,762,4.1,150,0.18
1991,3,13,19,0,0,0,-3.1,-8.3,64,761,3,150,0.18
1991,3,13,20,0,0,0,-4,-8.4,68,761,1.9,150,0.18
1991,3,13,21,0,0,0,-4.8,-8.6,72,760,2.4,150,0.18
1991,3,13,22,0,0,0,-5.6,-7.7,83,759,2.9,150,0.18
1991,3,13,23,0,0,0,-5.5,-7.9,81,759,1.3,130,0.18
1991,3,14,0,0,0,0,-8.3,-8.3,100,758,0.7,130,0.18
1991,3,14,1,0,0,0,-9.1,-9.2,99,758,1.2,140,0.18
1991,3,14,2,0,0,0,-5.9,-7.4,88,757,1.8,140,0.18
1991,3,14,3,0,0,0,-4.8,-6.6,86,756,0,0,0.18
1991,3,14,4,0,0,0,-7.6,-7.6,100,756,0.1,140,0.18
1991,3,14,5,0,0,0,-8.4,-8.4,100,755,0,0,0.18
1991,3,14,6,1,1,1,-3.3,-5,87,755,0.5,120,0.18
1991,3,14,7,26,0,26,-2.1,-3.2,91,754,2.6,120,0.18
1991,3,14,8,75,0,75,-1.6,-4.3,80,755,3.1,120,0.18
1991,3,14,9,123,0,123,-0.5,-4.3,73,756,3.1,130,0.18
1991,3,14,10,134,0,134,-1,-4.3,76,755,3.1,130,0.18
1991,3,14,11,549,235,377,-0.5,-3.8,76,756,3.1,130,0.18
1991,3,14,12,744,548,326,-0.5,-4.3,73,756,5.1,140,0.18
1991,3,14,13,157,0,157,-0.5,-4.3,73,756,5.7,290,0.18
1991,3,14,14,140,0,140,-0.5,-4.3,73,756,4.1,270,0.18
1991,3,14,15,419,190,314,0.6,-4.3,67,757,1.5,280,0.18
1991,3,14,16,228,153,168,1.2,-6.1,55,757,1.9,290,0.18
1991,3,14,17,92,105,71,-0.2,-7.9,52,757,3.3,300,0.18
1991,3,14,18,7,13,7,-1.6,-7.7,59,757,1.3,310,0.18
1991,3,14,19,0,0,0,-3,-7.5,68,757,0,0,0.18
1991,3,14,20,0,0,0,-2.4,-5.3,78,756,0,0,0.18
1991,3,14,21,0,0,0,-3.8,-8.1,69,756,0.9,350,0.18
1991,3,14,22,0,0,0,-5.2,-6.9,86,756,0,0,0.18
1991,3,14,23,0,0,0,-8.6,-8.6,100,756,0.8,360,0.18
1991,3,15,0,0,0,0,-8,-8.4,97,756,0.7,40,0.18
1991,3,15,1,0,0,0,-9.4,-9.4,100,756,1.6,20,0.18
1991,3,15,2,0,0,0,-8.8,-8.8,100,756,3,20,0.18
1991,3,15,3,0,0,0,-7.2,-7.8,95,756,0.9,360,0.18
1991,3,15,4,0,0,0,-7.6,-7.6,100,756,1.8,70,0.18
1991,3,15,5,0,0,0,-6,-7.4,89,756,4.3,70,0.18
1991,3,15,6,1,2,1,-5.4,-7.2,86,756,2.2,110,0.18
1991,3,15,7,35,0,35,-3.8,-6,83,756,5.1,140,0.18
1991,3,15,8,86,0,86,-3.2,-6,79,756,5.7,130,0.18
1991,3,15,9,110,0,110,-3.2,-6.6,75,756,7.2,160,0.18
1991,3,15,10,140,0,140,-3.2,-5.5,82,756,5.1,140,0.18
1991,3,15,11,160,0,160,-2.7,-4.9,83,757,6.7,120,0.18
1991,3,15,12,168,0,168,-2.7,-5.5,79,757,6.2,140,0.18
1991,3,15,13,163,0,163,-2.1,-4.9,79,757,5.7,120,0.18
1991,3,15,14,147,0,147,-2.1,-5.5,75,757,5.7,140,0.18
1991,3,15,15,289,237,158,-1.6,-6,69,757,3.6,130,0.18
1991,3,15,16,253,149,194,-1.6,-6.2,68,757,3.7,150,0.18
1991,3,15,17,165,347,93,-3.6,-5.4,86,757,4.8,170,0.18
1991,3,15,18,7,33,5,-4.5,-6.6,84,757,5.9,180,0.18
1991,3,15,19,0,0,0,-5.5,-6.8,89,757,5,180,0.18
1991,3,15,20,0,0,0,-6.5,-8,88,757,2.4,240,0.18
1991,3,15,21,0,0,0,-7.5,-10.2,79,757,0,0,0.18
1991,3,15,22,0,0,0,-9.5,-9.5,100,757,2,170,0.18
1991,3,15,23,0,0,0,-10.1,-10.1,100,757,1.6,180,0.18
1991,3,16,0,0,0,0,-10.4,-10.7,97,757,5.8,200,0.18
1991,3,16,1,0,0,0,-12.4,-12.4,100,757,4.2,220,0.18
1991,3,16,2,0,0,0,-15.4,-15.4,100,757,4.3,220,0.18
1991,3,16,3,0,0,0,-11.4,-11.4,100,756,1.3,10,0.18
1991,3,16,4,0,0,0,-11.4,-11.4,100,756,2.9,260,0.18
1991,3,16,5,0,0,0,-14.3,-14.3,100,756,0,0,0.18
1991,3,16,6,3,29,2,-12.3,-12.9,95,756,2.5,220,0.18
1991,3,16,7,100,388,37,-9.3,-12.1,78,756,2.1,240,0.18
1991,3,16,8,310,720,55,-3.8,-7.7,72,760,3.6,320,0.18
1991,3,16,9,505,846,64,-0.5,-7.1,57,764,3.6,310,0.18
1991,3,16,10,659,880,85,0.6,-4.9,63,765,4.6,300,0.18
1991,3,16,11,755,914,82,2.8,-5.5,52,766,4.6,310,0.18
1991,3,16,12,679,754,98,3.1,-5.5,50,766,7.2,310,0.18
1991,3,16,13,775,922,83,3.3,-5.5,50,767,9.8,310,0.18
1991,3,16,14,686,888,84,3.9,-5.5,48,768,6.2,310,0.18
1991,3,16,15,553,856,75,3.9,-5.5,48,768,6.2,310,0.18
1991,3,16,16,378,808,55,2.9,-5.8,50,766,3.7,290,0.18
1991,3,16,17,156,571,35,1.9,-6.1,52,766,5.4,300,0.18
1991,3,16,18,16,148,8,-1.1,-3.4,82,765,5.5,310,0.18
1991,3,16,19,0,0,0,-3.1,-5.7,80,763,1.9,300,0.18
1991,3,16,20,0,0,0,-3.1,-6,78,762,2.5,350,0.18
1991,3,16,21,0,0,0,-3,-7.3,69,762,3.6,290,0.18
1991,3,16,22,0,0,0,-4,-7.5,74,761,5.3,300,0.18
1991,3,16,23,0,0,0,-3,-7.8,66,759,3.8,340,0.18
1991,3,17,0,0,0,0,-4,-8.1,70,759,3.9,350,0.18
1991,3,17,1,0,0,0,-2,-8.4,58,758,1.3,360,0.18
1991,3,17,2,0,0,0,-3,-8.7,61,756,2.5,360,0.18
1991,3,17,3,0,0,0,-4,-9,65,755,2.1,10,0.18
1991,3,17,4,0,0,0,-8,-12,70,754,3.1,290,0.18
1991,3,17,5,0,0,0,-8,-12,70,754,2.6,290,0.18
1991,3,17,6,6,117,2,-9,-13,70,755,4.6,310,0.18
1991,3,17,7,136,696,20,-5,-11,59,756,3.6,320,0.18
1991,3,17,8,354,896,32,-3,-9,60,758,2.1,350,0.18
1991,3,17,9,526,916,43,2,-9,40,759,2.6,310,0.18
1991,3,17,10,641,833,94,3,-8,41,759,1.5,280,0.18
1991,3,17,11,614,609,163,3,-8,41,760,4.6,240,0.18
1991,3,17,12,736,874,59,4,-7,42,760,5.7,240,0.18
1991,3,17,13,799,979,60,4,-7,42,760,3.6,220,0.18
1991,3,17,14,700,944,56,3,-6,49,760,1.5,160,0.18
1991,3,17,15,595,971,49,3,-6,49,759,6.7,300,0.18
1991,3,17,16,375,837,38,3,-6,49,760,7.7,300,0.18
1991,3,17,17,175,673,30,2,-6,52,760,4.6,310,0.18
1991,3,17,18,20,250,6,1,-6,56,759,4.1,310,0.18
1991,3,17,19,0,0,0,0,-5,66,758,3.6,350,0.18
1991,3,17,20,0,0,0,-2,-7,65,757,3.1,280,0.18
1991,3,17,21,0,0,0,0,-6,60,757,2.6,280,0.18
1991,3,17,22,0,0,0,1,-7,51,756,3.6,280,0.18
1991,3,17,23,0,0,0,-1,-7,60,755,4.1,260,0.18
1991,3,18,0,0,0,0,-5,-9,71,756,3.6,270,0.18
1991,3,18,1,0,0,0,-7,-9,84,756,5.1,270,0.18
1991,3,18,2,0,0,0,-8,-11,77,753,4.1,270,0.18
1991,3,18,3,0,0,0,-8,-10,84,753,3.6,270,0.18
1991,3,18,4,0,0,0,-9,-11,84,753,4.1,270,0.18
1991,3,18,5,0,0,0,-10,-12,84,754,4.1,270,0.18
1991,3,18,6,5,72,3,-11,-13,84,755,4.6,270,0.18
1991,3,18,7,128,575,29,-9,-11,84,757,3.6,270,0.18
1991,3,18,8,342,815,46,-4,-7,77,760,1.5,290,0.18
1991,3,18,9,510,743,115,0,-6,60,762,0,0,0.18
1991,3,18,10,384,266,208,2,-8,44,762,4.1,160,0.18
1991,3,18,11,229,0,229,4,-9,35,764,2.6,150,0.18
1991,3,18,12,692,643,190,5,-8,36,764,2.6,150,0.18
1991,3,18,13,755,884,85,5,-6,42,765,2.6,140,0.18
1991,3,18,14,566,565,179,3,-3,63,767,3.6,150,0.18
1991,3,18,15,551,853,69,5,-7,39,768,5.1,130,0.18
1991,3,18,16,373,793,50,4,-4,54,769,4.6,150,0.18
1991,3,18,17,170,625,33,2,-5,57,768,3.6,200,0.18
1991,3,18,18,18,131,10,0,-6,60,767,2.6,250,0.18
1991,3,18,19,0,0,0,-0.8,-7.4,57,765,3,260,0.18
1991,3,18,20,0,0,0,-0.6,-7.7,55,764,4.4,260,0.18
1991,3,18,21,0,0,0,-0.4,-7.1,57,762,4.3,240,0.18
1991,3,18,22,0,0,0,-1.2,-7.5,59,761,4.7,250,0.18
1991,3,18,23,0,0,0,-4,-9.8,60,759,2,330,0.18
1991,3,19,0,0,0,0,-4.8,-10.2,62,757,3.9,180,0.18
1991,3,19,1,0,0,0,0.5,-5.6,60,756,5.4,190,0.18
1991,3,19,2,0,0,0,0.7,-6,57,755,5.3,180,0.18
1991,3,19,3,0,0,0,0.9,-6.3,55,754,5.7,200,0.18
1991,3,19,4,0,0,0,1.1,-7.7,48,754,6.6,140,0.18
1991,3,19,5,0,0,0,1.3,-8.1,46,754,7,180,0.18
1991,3,19,6,6,32,5,1.5,-7.4,48,754,6.3,140,0.18
1991,3,19,7,58,48,49,1.7,-8.8,42,756,6.7,140,0.18
1991,3,19,8,170,93,135,2.2,-8.8,40,756,8.2,150,0.18
1991,3,19,9,165,0,165,2.2,-7.7,44,757,7.2,160,0.18
1991,3,19,10,207,0,207,0,-3.8,73,756,4.6,160,0.18
1991,3,19,11,235,0,235,-0.5,-3.8,76,755,5.7,160,0.18
1991,3,19,12,205,0,205,-1,-3.8,79,754,5.7,160,0.18
1991,3,19,13,200,0,200,-1,-3.8,79,753,6.2,120,0.18
1991,3,19,14,180,0,180,-1,-2.7,87,754,3.6,140,0.18
1991,3,19,15,147,0,147,-1,-2.9,85,754,4.2,90,0.18
1991,3,19,16,103,0,103,-1,-3.1,84,754,6.7,90,0.18
1991,3,19,17,52,0,52,-1.1,-3.2,84,755,6.7,90,0.18
1991,3,19,18,7,0,7,-2.1,-2.4,98,755,6.7,80,0.18
1991,3,19,19,0,0,0,-3.1,-3.1,100,755,4.7,190,0.18
1991,3,19,20,0,0,0,-3.1,-3.1,100,755,5.2,190,0.18
1991,3,19,21,0,0,0,-3.1,-3.1,100,756,4.2,200,0.18
1991,3,19,22,0,0,0,-3.1,-3.1,100,756,4.2,170,0.18
1991,3,19,23,0,0,0,-3.2,-3.3,99,756,4.1,180,0.18
1991,3,20,0,0,0,0,-3.2,-3.5,97,756,4.6,190,0.18
1991,3,20,1,0,0,0,-3.2,-4.6,89,756,6.6,180,0.18
1991,3,20,2,0,0,0,-3.2,-4.8,87,757,6.6,170,0.18
1991,3,20,3,0,0,0,-4.2,-5,93,757,6.6,170,0.18
1991,3,20,4,0,0,0,-4.2,-5.2,92,757,6.1,160,0.18
1991,3,20,5,0,0,0,-4.3,-6.3,84,757,4.6,140,0.18
1991,3,20,6,2,0,2,-4.3,-7.5,76,758,5.1,120,0.18
1991,3,20,7,36,0,36,-4.3,-7.7,75,758,4.6,130,0.18
1991,3,20,8,194,185,124,-2.7,-7.7,65,759,4.6,120,0.18
1991,3,20,9,237,147,157,-2.1,-7.1,65,759,4.6,120,0.18
1991,3,20,10,586,263,409,-1.6,-7.1,63,759,5.1,120,0.18
1991,3,20,11,557,334,305,-1,-6.6,62,759,6.2,110,0.18
1991,3,20,12,509,248,314,0.6,-6.6,55,760,5.7,160,0.18
1991,3,20,13,444,299,214,1.1,-6.6,53,759,4.6,150,0.18
1991,3,20,14,482,237,317,0.6,-6,58,759,4.6,120,0.18
1991,3,20,15,143,0,143,0,-5.5,63,759,6.2,150,0.18
1991,3,20,16,344,499,138,-3.2,-3.9,94,758,6.5,140,0.18
1991,3,20,17,113,260,54,-3.4,-5.3,85,758,6.7,130,0.18
1991,3,20,18,9,11,8,-5.6,-6.7,91,757,2.8,150,0.18
1991,3,20,19,0,0,0,-7.8,-8.2,97,757,4,150,0.18
1991,3,20,20,0,0,0,-11,-11.6,95,756,3.7,170,0.18
1991,3,20,21,0,0,0,-13.2,-14,93,756,0.8,120,0.18
1991,3,20,22,0,0,0,-8.4,-8.4,100,755,1.6,130,0.18
1991,3,20,23,0,0,0,-10.6,-11.8,90,755,0,0,0.18
1991,3,21,0,0,0,0,-9.7,-11.2,87,754,0.6,160,0.18
1991,3,21,1,0,0,0,-11.9,-14.6,78,754,3.3,170,0.18
1991,3,21,2,0,0,0,-12.1,-15,77,753,1,180,0.18
1991,3,21,3,0,0,0,-6.3,-8.5,83,753,1.7,220,0.18
1991,3,21,4,0,0,0,-9.5,-11.9,81,753,0.4,300,0.18
1991,3,21,5,0,0,0,-6.7,-9.3,80,752,3.2,240,0.18
1991,3,21,6,3,0,3,-6.9,-9.7,78,752,2.4,230,0.18
1991,3,21,7,85,48,76,-7.1,-12.1,64,751,3.6,240,0.18
1991,3,21,8,220,55,198,-3.2,-9.9,56,753,4.6,260,0.18
1991,3,21,9,303,92,253,-2.7,-10.5,51,754,5.7,240,0.18
1991,3,21,10,323,106,251,-0.5,-8.2,52,756,2.6,160,0.18
1991,3,21,11,472,234,294,-1,-6.6,62,756,3.6,150,0.18
1991,3,21,12,745,403,426,1.1,-8.2,46,757,5.7,240,0.18
1991,3,21,13,292,0,292,1.3,-8.9,43,758,7.3,300,0.18
1991,3,21,14,261,0,261,1.6,-8.6,43,758,5.4,290,0.18
1991,3,21,15,210,0,210,1.8,-7.3,47,758,5.5,280,0.18
1991,3,21,16,142,0,142,2.1,-8,44,759,5.6,290,0.18
1991,3,21,17,39,18,35,2.3,-6.7,48,759,5.2,310,0.18
1991,3,21,18,14,15,13,1.6,-7.4,48,759,4.7,280,0.18
1991,3,21,19,0,0,0,-3.2,-8.1,66,760,3.3,260,0.18
1991,3,21,20,0,0,0,-4.9,-8.8,71,760,4.9,240,0.18
1991,3,21,21,0,0,0,-3.7,-7.5,72,761,3,270,0.18
1991,3,21,22,0,0,0,-4.4,-7.3,78,761,4.2,270,0.18
1991,3,21,23,0,0,0,-6.2,-9,78,761,5.9,280,0.18
1991,3,22,0,0,0,0,-5.9,-9.7,72,762,3.9,280,0.18
1991,3,22,1,0,0,0,-6.7,-10.4,72,762,5,300,0.18
1991,3,22,2,0,0,0,-7.4,-10.1,79,762,5.1,290,0.18
1991,3,22,3,0,0,0,-7.2,-9.8,80,763,5.2,300,0.18
1991,3,22,4,0,0,0,-7.9,-10.5,79,763,2.2,300,0.18
1991,3,22,5,0,0,0,-5.7,-9.2,74,764,5.4,310,0.18
1991,3,22,6,11,149,4,-6.4,-8.9,80,764,4.5,300,0.18
1991,3,22,7,148,592,33,-3.2,-6.6,75,764,4.1,320,0.18
1991,3,22,8,349,802,40,-1,-6.6,62,766,4.9,310,0.18
1991,3,22,9,549,899,53,0.6,-7.1,53,768,5.7,300,0.18
1991,3,22,10,695,919,69,1.1,-7.1,51,769,8.2,300,0.18
1991,3,22,11,785,938,68,2.2,-6,51,770,6.2,310,0.18
1991,3,22,12,832,946,78,3.9,-4.9,50,770,6.2,300,0.18
1991,3,22,13,795,938,69,4.4,-5.5,46,771,5.1,320,0.18
1991,3,22,14,663,616,232,3.3,-6,48,770,4.1,350,0.18
1991,3,22,15,389,365,177,4.4,-4.9,48,771,2.1,110,0.18
1991,3,22,16,390,699,96,4.2,-4,53,771,2.7,120,0.18
1991,3,22,17,147,364,63,3.1,-3.1,62,771,2.1,100,0.18
1991,3,22,18,19,20,18,2.9,-3.2,62,770,0.6,90,0.18
1991,3,22,19,0,0,0,1.7,-3.3,67,770,1.1,110,0.18
1991,3,22,20,0,0,0,1.6,-3.4,67,770,4.2,110,0.18
1991,3,22,21,0,0,0,1.4,-3.5,67,770,3.2,110,0.18
1991,3,22,22,0,0,0,1.2,-3.6,68,769,2.7,110,0.18
1991,3,22,23,0,0,0,1,-3.8,68,769,3.7,140,0.18
1991,3,23,0,0,0,0,0.9,-2.9,74,769,4.1,130,0.18
1991,3,23,1,0,0,0,-0.3,-3,80,769,5.6,120,0.18
1991,3,23,2,0,0,0,-1.5,-3.1,87,768,3.6,120,0.18
1991,3,23,3,0,0,0,-1.6,-3.2,87,768,4.6,140,0.18
1991,3,23,4,0,0,0,-1.8,-3.3,88,768,4.6,140,0.18
1991,3,23,5,0,0,0,-4,-6.4,81,768,3.1,170,0.18
1991,3,23,6,4,0,4,-3.1,-8.5,63,767,3.1,190,0.18
1991,3,23,7,92,131,66,-4.3,-6.6,82,767,1.5,230,0.18
1991,3,23,8,115,0,115,-1.6,-6,69,769,2.6,140,0.18
1991,3,23,9,169,0,169,-1,-4.9,72,770,4.1,140,0.18
1991,3,23,10,212,0,212,0.6,-4.3,67,770,5.1,140,0.18
1991,3,23,11,239,0,239,1.1,-4.9,61,771,6.2,130,0.18
1991,3,23,12,249,0,249,2.2,-4.9,57,771,5.1,160,0.18
1991,3,23,13,242,0,242,2.2,-4.9,57,771,5.7,140,0.18
1991,3,23,14,218,0,218,2.8,-4.9,54,771,4.1,140,0.18
1991,3,23,15,178,0,178,3.3,-4.3,55,771,3.6,140,0.18
1991,3,23,16,314,339,171,2.1,-5.4,55,770,3.4,180,0.18
1991,3,23,17,108,188,64,0.9,-5.4,60,769,3.3,220,0.18
1991,3,23,18,13,29,11,0.7,-3.5,71,769,0,0,0.18
1991,3,23,19,0,0,0,-1.5,-3.5,85,768,0,0,0.18
1991,3,23,20,0,0,0,-1.7,-4.6,78,767,4.8,260,0.18
1991,3,23,21,0,0,0,-3.9,-5.7,86,766,4.1,260,0.18
1991,3,23,22,0,0,0,-3,-3.7,94,765,3.4,250,0.18
1991,3,23,23,0,0,0,-4.2,-5.8,87,765,2.7,250,0.18
1991,3,24,0,0,0,0,-5.4,-5.8,97,764,0,0,0.18
1991,3,24,1,0,0,0,-4.6,-5.9,89,763,0.8,350,0.18
1991,3,24,2,0,0,0,-5.8,-6.9,91,762,1.2,360,0.18
1991,3,24,3,0,0,0,-4,-5,92,762,2.1,30,0.18
1991,3,24,4,0,0,0,-7,-7,100,761,1.5,340,0.18
1991,3,24,5,0,0,0,-9,-9,100,761,2.1,280,0.18
1991,3,24,6,13,154,6,-11,-12,91,761,2.6,270,0.18
1991,3,24,7,153,604,30,-10,-11,91,760,1.5,360,0.18
1991,3,24,8,369,821,45,-4,-5,92,761,1.5,30,0.18
1991,3,24,9,556,888,58,-3,-4,92,764,5.1,50,0.18
1991,3,24,10,719,936,73,-2,-5,78,764,3.6,310,0.18
1991,3,24,11,596,420,271,1,-6,56,765,5.7,300,0.18
1991,3,24,12,832,889,117,3,-7,45,765,5.1,300,0.18
1991,3,24,13,746,782,135,-1,-4,78,765,4.6,290,0.18
1991,3,24,14,687,781,134,1,-4,67,765,6.2,340,0.18
1991,3,24,15,513,575,176,1,-4,67,765,4.6,360,0.18
1991,3,24,16,355,557,118,1,-4,67,765,1.5,340,0.18
1991,3,24,17,96,63,80,-1,-4,78,764,3.1,310,0.18
1991,3,24,18,17,0,17,-2,-4,85,764,4.6,150,0.18
1991,3,24,19,0,0,0,-2,-4,85,764,2.1,100,0.18
1991,3,24,20,0,0,0,-2,-4,85,763,3.1,270,0.18
1991,3,24,21,0,0,0,-2,-4,85,763,3.6,10,0.18
1991,3,24,22,0,0,0,-2,-3,92,763,3.6,310,0.18
1991,3,24,23,0,0,0,-3,-4,92,763,1.5,340,0.18
1991,3,25,0,0,0,0,-3,-4,92,762,2.1,360,0.18
1991,3,25,1,0,0,0,-4,-4,100,762,4.1,330,0.18
1991,3,25,2,0,0,0,-8,-8,100,762,4.6,350,0.18
1991,3,25,3,0,0,0,-11,-11,100,761,3.1,320,0.18
1991,3,25,4,0,0,0,-7,-8,92,761,3.1,320,0.18
1991,3,25,5,0,0,0,-9,-11,84,761,1.5,20,0.18
1991,3,25,6,12,61,9,-8,-9,92,761,1.5,270,0.18
1991,3,25,7,120,206,77,-3,-4,92,760,1.5,320,0.18
1991,3,25,8,326,546,107,-3,-4,92,762,3.6,360,0.18
1991,3,25,9,476,537,172,-3,-4,92,763,4.1,20,0.18
1991,3,25,10,631,744,114,-3,-5,84,764,4.1,310,0.18
1991,3,25,11,532,314,288,-3,-6,77,763,4.6,320,0.18
1991,3,25,12,724,708,151,-2,-6,71,763,6.2,260,0.18
1991,3,25,13,819,959,65,-1,-6,66,763,5.1,330,0.18
1991,3,25,14,739,960,57,-1,-6,66,762,4.6,300,0.18
1991,3,25,15,562,848,61,-1,-6,66,762,4.6,280,0.18
1991,3,25,16,357,668,70,-2,-7,65,762,5.1,310,0.18
1991,3,25,17,211,773,25,-2,-7,65,762,4.1,300,0.18
1991,3,25,18,30,310,9,-4,-8,71,762,3.1,320,0.18
1991,3,25,19,0,0,0,-4.8,-7.5,79,762,3.4,320,0.18
1991,3,25,20,0,0,0,-5.5,-7.9,81,762,0.6,20,0.18
1991,3,25,21,0,0,0,-5.3,-7.4,83,762,0.8,30,0.18
1991,3,25,22,0,0,0,-6,-7.8,86,762,3.2,30,0.18
1991,3,25,23,0,0,0,-4.8,-9.3,68,762,4,320,0.18
1991,3,26,0,0,0,0,-5.5,-7.7,83,763,4.8,340,0.18
1991,3,26,1,0,0,0,-5.3,-9.2,71,763,6,350,0.18
1991,3,26,2,0,0,0,-5,-7.6,80,763,4.3,340,0.18
1991,3,26,3,0,0,0,-5.8,-7.1,89,763,4.2,10,0.18
1991,3,26,4,0,0,0,-5.5,-5.5,100,763,4.1,40,0.18
1991,3,26,5,0,0,0,-6.3,-8,86,763,3.8,60,0.18
1991,3,26,6,6,0,6,-5,-7.4,81,763,3.7,90,0.18
1991,3,26,7,37,0,37,-3.8,-4.9,91,763,3.6,120,0.18
1991,3,26,8,72,0,72,-3.2,-5.5,82,764,4.6,130,0.18
1991,3,26,9,112,0,112,-3.2,-5.5,82,763,4.6,120,0.18
1991,3,26,10,143,0,143,-2.7,-5.5,79,752,3.6,100,0.18
1991,3,26,11,162,0,162,-2.1,-4.9,79,752,2.6,60,0.18
1991,3,26,12,170,0,170,0,-4.9,66,753,3.1,360,0.18
1991,3,26,13,164,0,164,0,-4.3,70,752,2.6,330,0.18
1991,3,26,14,147,0,147,-1,-4.3,76,752,5.1,300,0.18
1991,3,26,15,117,0,117,-2.7,-6.6,72,752,9.8,300,0.18
1991,3,26,16,79,6,76,-2.2,-7.2,65,753,11.4,280,0.18
1991,3,26,17,38,22,32,-2.8,-5.7,78,753,7.9,290,0.18
1991,3,26,18,8,2,7,-4.3,-5.3,92,754,8.5,310,0.18
1991,3,26,19,0,0,0,-4.9,-5.9,92,754,8.1,330,0.18
1991,3,26,20,0,0,0,-6.4,-6.4,100,755,7.7,40,0.18
1991,3,26,21,0,0,0,-5.9,-5.9,100,755,6.2,50,0.18
1991,3,26,22,0,0,0,-8.5,-8.5,100,756,6.3,50,0.18
1991,3,26,23,0,0,0,-9,-9,100,756,7,50,0.18
1991,3,27,0,0,0,0,-9.5,-9.5,100,757,7.1,10,0.18
1991,3,27,1,0,0,0,-9.1,-9.1,100,757,8.2,40,0.18
1991,3,27,2,0,0,0,-11.6,-11.6,100,758,8.3,40,0.18
1991,3,27,3,0,0,0,-10.2,-10.2,100,758,8.4,50,0.18
1991,3,27,4,0,0,0,-10.7,-10.7,100,759,7.5,30,0.18
1991,3,27,5,0,0,0,-7.2,-7.5,97,759,8.1,30,0.18
1991,3,27,6,4,0,4,-7.8,-7.8,100,760,7.7,40,0.18
1991,3,27,7,34,0,34,-4.3,-6.6,82,760,5.7,120,0.18
1991,3,27,8,77,0,77,-4.3,-6.6,82,761,6.2,130,0.18
1991,3,27,9,116,0,116,-3.2,-7.7,68,761,6.7,160,0.18
1991,3,27,10,176,0,176,-3.2,-7.1,72,761,6.7,130,0.18
1991,3,27,11,166,0,166,-2.7,-6,76,762,5.1,130,0.18
1991,3,27,12,173,0,173,-2.7,-6,76,762,6.2,140,0.18
1991,3,27,13,168,0,168,-2.7,-6,76,762,4.6,170,0.18
1991,3,27,14,215,0,215,-1.6,-6,69,762,4.1,120,0.18
1991,3,27,15,174,0,174,-2.1,-6,72,762,3.6,140,0.18
1991,3,27,16,148,22,138,-2,-6.1,71,762,2.7,180,0.18
1991,3,27,17,155,244,94,-3.8,-4.1,97,762,2.7,200,0.18
1991,3,27,18,18,44,15,-3.7,-4.2,96,762,0,0,0.18
1991,3,27,19,0,0,0,-4.6,-4.6,100,762,0,0,0.18
1991,3,27,20,0,0,0,-6.4,-6.4,100,762,0.8,270,0.18
1991,3,27,21,0,0,0,-6.3,-6.3,100,763,0,0,0.18
1991,3,27,22,0,0,0,-5.1,-5.1,100,763,0,0,0.18
1991,3,27,23,0,0,0,-8,-8,100,763,0,0,0.18
1991,3,28,0,0,0,0,-6.6,-6.6,100,763,0,0,0.18
1991,3,28,1,0,0,0,-4.7,-6.7,84,763,0,0,0.18
1991,3,28,2,0,0,0,-4.6,-6.8,83,763,0.2,130,0.18
1991,3,28,3,0,0,0,-5.5,-6.8,89,763,0,0,0.18
1991,3,28,4,0,0,0,-7.3,-7.3,100,764,0,0,0.18
1991,3,28,5,0,0,0,-7.2,-7.2,100,764,0,0,0.18
1991,3,28,6,12,65,8,-6,-7,92,764,0,0,0.18
1991,3,28,7,193,740,27,-4.9,-7.1,83,764,4.1,330,0.18
1991,3,28,8,416,903,41,-2.1,-7.1,65,766,5.7,320,0.18
1991,3,28,9,576,861,76,0,-8.8,47,767,3.1,330,0.18
1991,3,28,10,722,901,84,1.7,-7.7,46,769,6.7,310,0.18
1991,3,28,11,798,924,68,2.2,-6.6,49,769,7.2,300,0.18
1991,3,28,12,850,941,78,3.3,-4.9,52,770,7.7,290,0.18
1991,3,28,13,767,872,72,3.3,-4.3,55,769,7.2,280,0.18
1991,3,28,14,735,928,66,4,-4.6,51,769,7.2,290,0.18
1991,3,28,15,585,881,57,3.9,-4.9,50,769,7.2,290,0.18
1991,3,28,16,395,790,49,3.9,-6.1,45,770,9.6,340,0.18
1991,3,28,17,198,632,40,2.8,-7.3,44,770,8.8,350,0.18
1991,3,28,18,33,306,11,-1.2,-1.2,100,770,7,350,0.18
1991,3,28,19,0,0,0,-3.2,-3.2,100,770,6.8,360,0.18
1991,3,28,20,0,0,0,-6.3,-6.3,100,770,5,50,0.18
1991,3,28,21,0,0,0,-9.3,-9.3,100,770,5.3,50,0.18
1991,3,28,22,0,0,0,-10.3,-10.3,100,770,6.5,70,0.18
1991,3,28,23,0,0,0,-11.4,-11.4,100,770,8.4,60,0.18
1991,3,29,0,0,0,0,-11.4,-11.4,100,770,5.6,100,0.18
1991,3,29,1,0,0,0,-12.4,-12.4,100,770,4.3,60,0.18
1991,3,29,2,0,0,0,-14.5,-14.5,100,770,4.6,60,0.18
1991,3,29,3,0,0,0,-14.5,-14.5,100,770,3.9,100,0.18
1991,3,29,4,0,0,0,-14.5,-14.5,100,770,3.1,70,0.18
1991,3,29,5,0,0,0,-14.6,-14.6,100,771,4.9,40,0.18
1991,3,29,6,16,48,13,-14.6,-14.6,100,771,4.2,80,0.18
1991,3,29,7,154,412,59,-9.6,-9.6,100,771,4.9,150,0.18
1991,3,29,8,168,98,127,-5.7,-5.7,100,771,6.8,150,0.18
1991,3,29,9,284,72,242,-0.7,-3.4,80,771,9.6,170,0.18
1991,3,29,10,610,525,236,1.3,-7.6,48,771,6.8,170,0.18
1991,3,29,11,610,534,185,3.2,-4.8,53,771,7.6,200,0.18
1991,3,29,12,187,14,175,4.2,-8,38,771,2.7,160,0.18
1991,3,29,13,722,608,235,4.7,-9.1,33,771,5.1,140,0.18
1991,3,29,14,604,605,165,5.1,-10.4,29,771,4.4,150,0.18
1991,3,29,15,578,779,108,5.1,-9.6,31,771,4.6,190,0.18
1991,3,29,16,394,668,99,5,-12.8,23,771,7,130,0.18
1991,3,29,17,197,592,47,3,-12,29,772,6.7,140,0.18
1991,3,29,18,31,246,13,-3,-9.2,59,772,4.9,180,0.18
1991,3,29,19,0,0,0,-5.1,-9.4,69,772,2.7,170,0.18
1991,3,29,20,0,0,0,-10.1,-10.1,100,772,0,0,0.18
1991,3,29,21,0,0,0,-10.1,-10.1,100,772,3.7,230,0.18
1991,3,29,22,0,0,0,-11.2,-11.2,100,772,2,260,0.18
1991,3,29,23,0,0,0,-12.2,-12.2,100,772,3.2,220,0.18
1991,3,30,0,0,0,0,-13.2,-13.2,100,772,0.4,240,0.18
1991,3,30,1,0,0,0,-14.3,-14.3,100,772,1.8,250,0.18
1991,3,30,2,0,0,0,-13.3,-13.3,100,772,0,0,0.18
1991,3,30,3,0,0,0,-14.3,-14.3,100,772,0.8,240,0.18
1991,3,30,4,0,0,0,-13.4,-13.4,100,772,0,0,0.18
1991,3,30,5,0,0,0,-15.4,-15.4,100,772,0.8,260,0.18
1991,3,30,6,25,241,10,-12.4,-12.4,100,773,0,0,0.18
1991,3,30,7,203,731,31,-6.5,-9.7,76,773,0,0,0.18
1991,3,30,8,427,896,47,-0.5,-9.9,45,773,2.6,310,0.18
1991,3,30,9,632,970,60,2.8,-10.5,33,775,2.1,230,0.18
1991,3,30,10,792,1008,69,3.3,-9.9,34,775,6.2,70,0.18
1991,3,30,11,895,1027,74,5,-8.8,33,776,4.1,60,0.18
1991,3,30,12,932,1033,76,6.1,-8.8,31,776,2.6,70,0.18
1991,3,30,13,901,1028,75,7.8,-10.5,23,777,2.1,240,0.18
1991,3,30,14,805,1009,70,8.3,-9.9,24,778,3.6,230,0.18
1991,3,30,15,650,973,61,9.4,-12.7,17,779,3.1,240,0.18
1991,3,30,16,450,904,48,9.4,-14.1,15,778,2.4,260,0.18
1991,3,30,17,227,754,33,8.3,-12.6,19,777,3.2,280,0.18
1991,3,30,18,37,309,13,6.3,-11,25,776,1.4,270,0.18
1991,3,30,19,0,0,0,4.3,-11.5,27,774,1.2,290,0.18
1991,3,30,20,0,0,0,1.2,-9.9,39,772,2,270,0.18
1991,3,30,21,0,0,0,-0.8,-7.4,57,772,3.3,330,0.18
1991,3,30,22,0,0,0,-1.8,-6.8,65,772,4.7,320,0.18
1991,3,30,23,0,0,0,-0.9,-7.2,59,770,3.4,350,0.18
1991,3,31,0,0,0,0,-1.9,-6.7,66,770,4.2,360,0.18
1991,3,31,1,0,0,0,-1.9,-7.1,64,769,4.5,350,0.18
1991,3,31,2,0,0,0,-3,-6.6,74,766,4.8,330,0.18
1991,3,31,3,0,0,0,-3,-6,77,765,2.1,280,0.18
1991,3,31,4,0,0,0,-3,-6,77,766,3.6,280,0.18
1991,3,31,5,0,0,0,-4,-6,84,766,2.1,310,0.18
1991,3,31,6,29,310,8,-3,-5,84,767,1.5,340,0.18
1991,3,31,7,216,804,23,1,-4,67,772,2.6,20,0.18
1991,3,31,8,419,893,35,4,-5,49,775,6.7,50,0.18
1991,3,31,9,618,964,45,6,-5,43,777,5.1,60,0.18
1991,3,31,10,779,1007,52,8.2,-4.3,39,776,2.1,90,0.18
1991,3,31,11,856,996,57,10,-4,36,778,2.1,120,0.18
1991,3,31,12,874,979,60,11,-3,36,778,6.2,150,0.18
1991,3,31,13,853,981,61,13,-2,35,778,5.1,120,0.18
1991,3,31,14,778,987,56,13,-3,32,778,3.6,170,0.18
1991,3,31,15,611,926,48,13.5,-3,31,779,4.6,150,0.18
1991,3,31,16,430,877,37,13,-4,29,777,6.2,150,0.18
1991,3,31,17,216,681,40,12,-4,31,777,4.6,150,0.18
1991,3,31,18,38,347,10,6,-2,55,775,2.6,230,0.18
1991,3,31,19,0,0,0,6,-2,55,773,5.1,310,0.18
1991,3,31,20,0,0,0,6,-3,51,771,0,0,0.18
1991,3,31,21,0,0,0,5.6,-3.5,63,768,0.7,0,0.18
1991,3,31,22,0,0,0,5.2,-4,72,767,1.5,270,0.18
1991,3,31,23,0,0,0,4.8,-4.6,72,766,2.2,280,0.18
1996,4,1,0,0,0,0,4.3,-5.1,42,772,2.9,270,0.18
1996,4,1,1,0,0,0,3.9,-5.7,43,772,3.6,270,0.18
1996,4,1,2,0,0,0,3.5,-6.2,45,772,4.4,270,0.18
1996,4,1,3,0,0,0,3.1,-6.9,45,772,5.1,270,0.18
1996,4,1,4,0,0,0,4.4,-6.7,41,772,4.6,270,0.18
1996,4,1,5,0,0,0,2.7,-6.4,48,772,3.6,270,0.18
1996,4,1,6,13,0,13,3,-6.2,48,771,4.1,260,0.18
1996,4,1,7,58,0,58,8.3,-5,37,771,3.1,270,0.18
1996,4,1,8,150,0,150,10.5,-3.4,36,771,1.5,210,0.18
1996,4,1,9,220,0,220,11.6,-2.3,37,773,0,0,0.18
1996,4,1,10,273,0,273,12.2,-2.8,34,775,3.6,140,0.18
1996,4,1,11,296,22,278,12.7,-2.8,33,775,4.1,150,0.18
1996,4,1,12,612,307,354,11.6,-2.8,35,775,3.6,150,0.18
1996,4,1,13,446,84,377,11.6,-2.8,35,775,4.6,150,0.18
1996,4,1,14,732,806,137,10.2,-3.1,38,774,4.1,170,0.18
1996,4,1,15,579,695,152,7.7,-3.9,42,774,5.1,160,0.18
1996,4,1,16,441,773,91,8.1,-4.8,38,773,5.1,150,0.18
1996,4,1,17,178,286,102,7.6,-5.7,36,773,4.6,160,0.18
1996,4,1,18,37,241,17,4,-9.6,33,772,3.6,170,0.18
1996,4,1,19,0,0,0,1,-8.5,45,771,0.3,350,0.18
1996,4,1,20,0,0,0,-0.8,-7.6,56,771,4.1,250,0.18
1996,4,1,21,0,0,0,-7.3,-8.1,93,770,3.9,250,0.18
1996,4,1,22,0,0,0,-7.7,-8.7,92,769,3.2,230,0.18
1996,4,1,23,0,0,0,-7.1,-8.4,89,768,2.8,220,0.18
1996,4,2,0,0,0,0,-7.6,-9.1,88,767,4.7,210,0.18
1996,4,2,1,0,0,0,-7,-8.8,85,766,5,210,0.18
1996,4,2,2,0,0,0,-7.5,-9.5,84,765,4.8,200,0.18
1996,4,2,3,0,0,0,-5.9,-8.2,82,764,5,200,0.18
1996,4,2,4,0,0,0,-6.3,-8.8,80,764,2.7,300,0.18
1996,4,2,5,0,0,0,-5.8,-8.6,78,763,5.6,240,0.18
1996,4,2,6,24,66,19,-4.1,-7.2,77,762,6.8,190,0.18
1996,4,2,7,114,220,58,4.4,-5,48,762,6.1,150,0.18
1996,4,2,8,129,0,129,6.1,-5,43,762,4.1,140,0.18
1996,4,2,9,184,0,184,7.7,-2.8,46,764,8.7,230,0.18
1996,4,2,10,672,593,237,8.3,-1.2,51,764,8.2,240,0.18
1996,4,2,11,767,654,235,8.3,-5,37,764,9.7,260,0.18
1996,4,2,12,726,561,254,10,-5,33,765,5.1,260,0.18
1996,4,2,13,704,558,247,8.8,-4.5,37,764,7.7,310,0.18
1996,4,2,14,573,535,177,9.4,-5,34,765,7.7,320,0.18
1996,4,2,15,496,541,161,8.3,-5.6,35,765,6.1,330,0.18
1996,4,2,16,348,360,184,7.5,-4.9,39,765,6.5,310,0.18
1996,4,2,17,188,316,103,6.7,-4.1,44,765,5.9,300,0.18
1996,4,2,18,36,208,19,4.9,-4.4,49,765,6.2,250,0.18
1996,4,2,19,0,0,0,3.1,-4.6,54,765,5.7,250,0.18
1996,4,2,20,0,0,0,3.3,-4.9,52,765,5.2,260,0.18
1996,4,2,21,0,0,0,3.5,-5.2,50,766,4.7,260,0.18
1996,4,2,22,0,0,0,2.6,-5.4,53,766,4.2,260,0.18
1996,4,2,23,0,0,0,1.9,-5.7,54,766,3.7,270,0.18
1996,4,3,0,0,0,0,2.2,-5.9,52,766,3,250,0.18
1996,4,3,1,0,0,0,1.4,-7.2,49,766,3.4,240,0.18
1996,4,3,2,0,0,0,1.6,-5.4,57,766,3.8,210,0.18
1996,4,3,3,0,0,0,1.8,-4.7,59,766,2.7,190,0.18
1996,4,3,4,0,0,0,1,-4,67,766,3.1,220,0.18
1996,4,3,5,0,0,0,1.2,-4.2,65,767,3,160,0.18
1996,4,3,6,33,195,18,2.4,-4.5,58,767,2.3,150,0.18
1996,4,3,7,184,543,43,2.6,-4.7,56,767,0.1,260,0.18
1996,4,3,8,446,879,53,3.8,-5,50,767,4.1,20,0.18
1996,4,3,9,648,952,66,6.1,-6.2,38,768,3.3,40,0.18
1996,4,3,10,806,989,76,6.1,-6.2,38,769,2.5,50,0.18
1996,4,3,11,845,895,114,7.7,-7.8,30,770,7.7,240,0.18
1996,4,3,12,927,994,87,10.5,-10.6,19,771,5.1,270,0.18
1996,4,3,13,893,975,93,10.5,-10.6,19,771,5.1,320,0.18
1996,4,3,14,499,237,322,9.4,-8.4,25,770,5.6,290,0.18
1996,4,3,15,185,0,185,8.8,-10,23,770,6.1,310,0.18
1996,4,3,16,132,0,132,9.1,-9.9,23,770,7.1,290,0.18
1996,4,3,17,49,0,49,8.3,-10.9,22,770,3.8,260,0.18
1996,4,3,18,17,0,17,5.7,-10.8,26,770,2.7,130,0.18
1996,4,3,19,0,0,0,0.9,-10.7,37,770,2.6,110,0.18
1996,4,3,20,0,0,0,-0.8,-10.5,43,769,2.5,80,0.18
1996,4,3,21,0,0,0,-4.6,-10.5,60,769,2.4,50,0.18
1996,4,3,22,0,0,0,-6.4,-9.4,77,769,2.3,20,0.18
1996,4,3,23,0,0,0,-7.1,-8.6,88,769,2.3,350,0.18
1996,4,4,0,0,0,0,-6.8,-9.2,81,769,2.2,320,0.18
1996,4,4,1,0,0,0,-5.5,-9.2,72,768,2.1,290,0.18
1996,4,4,2,0,0,0,-7.3,-9.3,84,768,2,260,0.18
1996,4,4,3,0,0,0,-7,-9.2,82,768,1.9,230,0.18
1996,4,4,4,0,0,0,-6.8,-9.1,82,768,1.8,210,0.18
1996,4,4,5,0,0,0,-7.4,-10,80,768,1.7,180,0.18
1996,4,4,6,32,201,16,-5.2,-7.9,79,767,4.1,20,0.18
1996,4,4,7,219,667,44,1.1,-5.6,58,767,6.1,20,0.18
1996,4,4,8,441,834,63,3.8,-5,50,769,7.7,10,0.18
1996,4,4,9,616,839,99,6.3,-5.9,39,771,8.5,30,0.18
1996,4,4,10,716,740,167,8.3,-6.7,32,773,9.2,40,0.18
1996,4,4,11,809,816,138,8.8,-7.3,29,773,5.1,60,0.18
1996,4,4,12,741,433,373,8.3,-7.8,29,774,6.1,10,0.18
1996,4,4,13,572,372,265,8.3,-7.8,29,773,4.1,270,0.18
1996,4,4,14,415,252,226,7.7,-7.8,30,773,4.6,360,0.18
1996,4,4,15,621,801,122,8.8,-5.6,34,774,11.3,310,0.18
1996,4,4,16,409,640,113,10,-7.2,27,774,11.6,270,0.18
1996,4,4,17,231,680,45,9.3,-8.6,25,774,10.5,290,0.18
1996,4,4,18,41,262,19,5.4,-11.2,26,774,12.3,250,0.18
1996,4,4,19,0,0,0,-1.3,-10.7,44,774,9,220,0.18
1996,4,4,20,0,0,0,-3.1,-11.2,49,774,10.6,220,0.18
1996,4,4,21,0,0,0,-3.8,-10.7,55,774,8.3,180,0.18
1996,4,4,22,0,0,0,-5.6,-11.2,61,774,12.2,160,0.18
1996,4,4,23,0,0,0,-7.5,-11.7,69,774,8.8,160,0.18
1996,4,5,0,0,0,0,-6.2,-11.3,64,774,8.9,140,0.18
1996,4,5,1,0,0,0,-7,-11.7,66,774,7.2,100,0.18
1996,4,5,2,0,0,0,-7.7,-11.3,73,774,6.9,80,0.18
1996,4,5,3,0,0,0,-6.5,-10.8,69,774,6.7,60,0.18
1996,4,5,4,0,0,0,-7.7,-11.5,71,774,6.3,40,0.18
1996,4,5,5,0,0,0,-7,-9.3,82,773,5,40,0.18
1996,4,5,6,38,255,17,-4.2,-8,72,773,6.8,30,0.18
1996,4,5,7,226,685,42,1.6,-7.8,46,773,8.2,10,0.18
1996,4,5,8,448,847,62,2.7,-8.4,40,774,9.2,30,0.18
1996,4,5,9,650,923,77,5,-8.4,34,776,6.6,30,0.18
1996,4,5,10,807,964,88,7.2,-8.9,28,777,8.7,10,0.18
1996,4,5,11,907,985,94,8.3,-10,24,778,3.6,10,0.18
1996,4,5,12,942,992,96,11.1,-10,20,779,6.6,30,0.18
1996,4,5,13,910,986,94,10.5,-10.6,19,779,4.6,330,0.18
1996,4,5,14,813,966,88,12.7,-11.2,16,780,7.7,30,0.18
1996,4,5,15,658,927,78,12.2,-12.3,15,779,2.5,10,0.18
1996,4,5,16,415,622,126,12.5,-11.4,16,779,0,0,0.18
1996,4,5,17,214,512,73,9.9,-13.3,16,779,0,0,0.18
1996,4,5,18,32,61,27,9.1,-11.4,20,778,0,0,0.18
1996,4,5,19,0,0,0,8.5,-12.5,19,778,0,0,0.18
1996,4,5,20,0,0,0,7.8,-11.4,22,778,0,0,0.18
1996,4,5,21,0,0,0,6.2,-9.5,29,777,0,0,0.18
1996,4,5,22,0,0,0,4.5,-9.5,32,777,0,0,0.18
1996,4,5,23,0,0,0,4.8,-9.6,31,777,0,0,0.18
1996,4,6,0,0,0,0,4.1,-10.6,30,776,0,0,0.18
1996,4,6,1,0,0,0,1.4,-9.6,40,776,0,0,0.18
1996,4,6,2,0,0,0,2.8,-9.7,36,776,0.5,260,0.18
1996,4,6,3,0,0,0,1.1,-8.7,44,776,1.3,280,0.18
1996,4,6,4,0,0,0,-0.5,-8.7,50,775,0.3,250,0.18
1996,4,6,5,0,0,0,-0.3,-8.8,48,775,1.1,280,0.18
1996,4,6,6,35,173,21,-0.9,-8.7,51,775,2.1,300,0.18
1996,4,6,7,224,634,51,4.4,-7.8,38,774,4.6,340,0.18
1996,4,6,8,446,807,74,7.2,-8.4,29,775,4.1,50,0.18
1996,4,6,9,648,891,92,10.2,-9.8,21,777,3.9,40,0.18
1996,4,6,10,806,935,105,12.7,-11.2,16,778,3.6,20,0.18
1996,4,6,11,906,957,113,13.8,-11.2,15,779,4.6,10,0.18
1996,4,6,12,940,964,115,14.4,-10,16,779,4.6,350,0.18
1996,4,6,13,907,957,113,15.5,-9.5,15,779,5.1,10,0.18
1996,4,6,14,809,934,105,15.5,-9.5,15,779,6.6,20,0.18
1996,4,6,15,653,890,93,14.3,-9.6,17,778,4.1,360,0.18
1996,4,6,16,425,689,102,13.1,-8.8,19,777,2,340,0.18
1996,4,6,17,205,461,76,10.9,-1.9,40,776,2,350,0.18
1996,4,6,18,32,47,28,8.7,-1,50,775,2,20,0.18
1996,4,6,19,0,0,0,4.5,-1.1,66,774,2.5,50,0.18
1996,4,6,20,0,0,0,5.3,-0.3,67,774,2.5,70,0.18
1996,4,6,21,0,0,0,2,-3.4,65,773,3.8,100,0.18
1996,4,6,22,0,0,0,3.8,-4.5,52,772,1.2,60,0.18
1996,4,6,23,0,0,0,3.6,-4.6,53,771,1.2,90,0.18
1996,4,7,0,0,0,0,4.4,-4.8,49,770,2.2,80,0.18
1996,4,7,1,0,0,0,3.2,-5,52,769,3.7,140,0.18
1996,4,7,2,0,0,0,2,-5,57,768,5.8,150,0.18
1996,4,7,3,0,0,0,1,-6,56,768,6.2,150,0.18
1996,4,7,4,0,0,0,1,-6,56,768,5.1,130,0.18
1996,4,7,5,0,0,0,1,-4,67,767,6.2,150,0.18
1996,4,7,6,34,50,29,4,-4,54,767,5.4,150,0.18
1996,4,7,7,232,604,64,6,-3,51,767,5.8,150,0.18
1996,4,7,8,305,268,180,8,-3,44,770,4.9,170,0.18
1996,4,7,9,601,719,149,9,-4,38,771,5.7,180,0.18
1996,4,7,10,484,128,387,11,-5,31,772,6.2,190,0.18
1996,4,7,11,738,552,279,12,-6,26,773,6.3,230,0.18
1996,4,7,12,333,0,333,13,-6,25,772,4.9,250,0.18
1996,4,7,13,611,145,490,13,-8,21,773,7.8,210,0.18
1996,4,7,14,634,416,319,13,-9,19,772,7.9,210,0.18
1996,4,7,15,476,242,323,13,-8,21,772,10.4,200,0.18
1996,4,7,16,131,106,81,12,-9,20,771,8.2,190,0.18
1996,4,7,17,139,76,117,11,-8,24,771,8.2,200,0.18
1996,4,7,18,27,22,25,8,-8,29,770,8.2,220,0.18
1996,4,7,19,0,0,0,5,-9,33,770,8.2,230,0.18
1996,4,7,20,0,0,0,5,-9,33,769,8.2,250,0.18
1996,4,7,21,0,0,0,4,-9,35,769,8.2,260,0.18
1996,4,7,22,0,0,0,2,-10,37,768,8.7,260,0.18
1996,4,7,23,0,0,0,3,-10,34,767,9.2,260,0.18
1996,4,8,0,0,0,0,2,-10,37,767,9.7,260,0.18
1996,4,8,1,0,0,0,2,-10,37,766,10.3,260,0.18
1996,4,8,2,0,0,0,1,-10,40,766,10.8,260,0.18
1996,4,8,3,0,0,0,2,-10,37,765,11.3,260,0.18
1996,4,8,4,0,0,0,-1,-9,50,765,11.8,260,0.18
1996,4,8,5,0,0,0,-2,-10,50,764,9.8,250,0.18
1996,4,8,6,54,269,30,-1,-9,50,764,7.7,230,0.18
1996,4,8,7,252,792,28,4,-8,38,765,5.7,220,0.18
1996,4,8,8,263,262,139,8,-7,32,767,1.5,290,0.18
1996,4,8,9,385,269,215,9,-7,29,768,2,300,0.18
1996,4,8,10,405,250,215,12,-8,22,768,2.6,320,0.18
1996,4,8,11,695,291,451,13,-7,23,768,3.1,330,0.18
1996,4,8,12,754,402,407,14,-7,21,767,3.6,340,0.18
1996,4,8,13,819,788,160,14,-8,19,767,7.2,250,0.18
1996,4,8,14,656,693,131,14,-7,21,766,5.1,260,0.18
1996,4,8,15,473,212,338,13,-8,21,766,7.7,230,0.18
1996,4,8,16,270,397,82,13,-8,21,766,5.7,230,0.18
1996,4,8,17,155,392,43,13,-7,23,766,4.1,220,0.18
1996,4,8,18,54,431,14,11.2,-5.8,28,767,2.2,230,0.18
1996,4,8,19,0,0,0,9.5,-3.6,38,767,1.8,300,0.18
1996,4,8,20,0,0,0,8.7,-3.4,41,767,2.9,30,0.18
1996,4,8,21,0,0,0,3,-5.2,52,768,2.6,310,0.18
1996,4,8,22,0,0,0,2.2,-6,51,768,4.2,250,0.18
1996,4,8,23,0,0,0,0.5,-5.8,59,769,4.3,250,0.18
1996,4,9,0,0,0,0,2.7,-5.7,51,769,0.8,340,0.18
1996,4,9,1,0,0,0,3,-5.5,51,770,4,250,0.18
1996,4,9,2,0,0,0,0.2,-5.3,63,770,4.1,250,0.18
1996,4,9,3,0,0,0,-1.5,-6.1,68,770,4.3,220,0.18
1996,4,9,4,0,0,0,-1.3,-5.9,68,769,3.8,230,0.18
1996,4,9,5,0,0,0,-1,-5.7,67,769,4,240,0.18
1996,4,9,6,56,466,14,2.2,-4.5,59,768,3.6,270,0.18
1996,4,9,7,257,799,28,10,-2.8,39,774,2.5,270,0.18
1996,4,9,8,476,916,41,14.4,-2.8,30,776,0,0,0.18
1996,4,9,9,538,600,156,17.2,-6.7,18,779,2.5,160,0.18
1996,4,9,10,752,776,161,17.7,-6.7,17,779,6.6,120,0.18
1996,4,9,11,499,276,267,19.4,-6.7,15,780,7.7,160,0.18
1996,4,9,12,768,541,299,19.4,-8.4,13,779,12.3,150,0.18
1996,4,9,13,615,139,498,19.4,-7.3,15,779,10.2,180,0.18
1996,4,9,14,628,395,327,20,-8.4,13,779,7.2,180,0.18
1996,4,9,15,402,214,265,18.5,-7.4,15,778,8.5,200,0.18
1996,4,9,16,363,364,190,18.1,-8.5,14,777,8.4,200,0.18
1996,4,9,17,166,340,68,15.7,-9.5,15,776,5.3,210,0.18
1996,4,9,18,54,410,16,13.2,-5.5,25,775,5.7,230,0.18
1996,4,9,19,0,0,0,8.7,-7.5,29,774,3.4,250,0.18
1996,4,9,20,0,0,0,7.3,-7.6,31,774,1.8,350,0.18
1996,4,9,21,0,0,0,8.8,-7.6,28,773,2.1,310,0.18
1996,4,9,22,0,0,0,3.4,-8.6,38,772,0.4,200,0.18
1996,4,9,23,0,0,0,3.9,-7.5,40,771,1.9,240,0.18
1996,4,10,0,0,0,0,3.5,-7.6,41,770,2.8,260,0.18
1996,4,10,1,0,0,0,2,-8.6,42,769,1.1,270,0.18
1996,4,10,2,0,0,0,0.5,-8.6,46,768,2,250,0.18
1996,4,10,3,0,0,0,-1,-8.7,52,767,2.8,280,0.18
1996,4,10,4,0,0,0,-3.3,-10.8,52,766,1.8,310,0.18
1996,4,10,5,0,0,0,-2.8,-9.9,54,765,2.6,290,0.18
1996,4,10,6,24,19,22,2.7,-6.7,47,764,2.5,280,0.18
1996,4,10,7,114,51,99,4.4,-6.2,43,766,2.5,70,0.18
1996,4,10,8,222,107,171,8.3,-6.2,33,768,0,0,0.18
1996,4,10,9,154,100,90,13.3,-7.3,22,770,4.1,80,0.18
1996,4,10,10,412,72,357,13.8,-8.4,19,770,8.2,150,0.18
1996,4,10,11,515,215,333,14.4,-7.3,20,770,8.2,150,0.18
1996,4,10,12,299,82,228,13.3,-7.3,22,769,5.1,180,0.18
1996,4,10,13,503,186,345,12.2,-6.2,26,768,6.1,140,0.18
1996,4,10,14,322,112,236,11.6,-6.2,27,768,9.2,240,0.18
1996,4,10,15,331,101,267,11,-6.1,28,768,10.1,240,0.18
1996,4,10,16,228,126,167,11.4,-6,27,768,9.5,270,0.18
1996,4,10,17,218,432,93,10.8,-5.9,29,767,8.9,290,0.18
1996,4,10,18,48,264,23,7.3,-0.8,56,767,8.2,310,0.18
1996,4,10,19,0,0,0,4.7,0.2,73,766,7.6,330,0.18
1996,4,10,20,0,0,0,3.1,-2.7,64,766,9,330,0.18
1996,4,10,21,0,0,0,3.5,-2.6,63,766,8.8,350,0.18
1996,4,10,22,0,0,0,2.3,-3,66,765,9.7,20,0.18
1996,4,10,23,0,0,0,1.1,-3.5,69,765,10.6,30,0.18
1996,4,11,0,0,0,0,0.2,-3.9,71,764,9.9,30,0.18
1996,4,11,1,0,0,0,-0.7,-4.4,73,764,8.8,30,0.18
1996,4,11,2,0,0,0,-1.5,-4.6,77,764,9.7,70,0.18
1996,4,11,3,0,0,0,-2,-5.1,77,763,11.1,40,0.18
1996,4,11,4,0,0,0,-0.6,-5,69,763,10.9,80,0.18
1996,4,11,5,0,0,0,-1.2,-6.9,62,763,13.5,90,0.18
1996,4,11,6,56,311,26,2.2,-2.8,68,762,9.2,300,0.18
1996,4,11,7,162,298,73,3.8,-1.2,69,764,10.8,310,0.18
1996,4,11,8,234,85,193,4.4,-1.7,63,765,8.2,320,0.18
1996,4,11,9,446,106,378,6.6,-3.4,47,766,7.2,300,0.18
1996,4,11,10,362,100,285,7.2,-3.4,45,767,8.7,320,0.18
1996,4,11,11,875,724,262,8,-3.7,42,768,7.2,330,0.18
1996,4,11,12,922,848,182,8.3,-3.9,40,768,5.6,330,0.18
1996,4,11,13,823,812,137,10,-5,33,769,7.7,320,0.18
1996,4,11,14,761,896,73,8.8,-6.2,32,768,10.2,340,0.18
1996,4,11,15,578,713,120,7.8,-6.8,33,767,9,320,0.18
1996,4,11,16,353,608,60,7.7,-7.2,32,767,10,280,0.18
1996,4,11,17,232,539,74,6.8,-7.8,32,767,9.3,250,0.18
1996,4,11,18,58,391,21,4.8,-8.2,35,766,4.6,240,0.18
1996,4,11,19,0,0,0,0.7,-9.8,41,766,5,170,0.18
1996,4,11,20,0,0,0,-0.3,-10.2,43,766,6.5,160,0.18
1996,4,11,21,0,0,0,-2.3,-10.8,48,765,4.3,100,0.18
1996,4,11,22,0,0,0,-5.3,-12.3,54,765,2.6,70,0.18
1996,4,11,23,0,0,0,-5.3,-12.7,52,765,0.9,40,0.18
1996,4,12,0,0,0,0,-7.3,-13.3,59,764,1.9,360,0.18
1996,4,12,1,0,0,0,-4.3,-11.7,52,764,1.6,350,0.18
1996,4,12,2,0,0,0,-3.3,-11.3,50,764,1.1,330,0.18
1996,4,12,3,0,0,0,-1.3,-11.7,41,763,0.9,340,0.18
1996,4,12,4,0,0,0,-0.3,-12.3,35,763,0.6,350,0.18
1996,4,12,5,0,0,0,-0.4,-11.7,38,763,0.3,360,0.18
1996,4,12,6,26,0,26,-2.3,-7.3,65,762,0,0,0.18
1996,4,12,7,161,197,102,1.6,-6.2,53,765,0,0,0.18
1996,4,12,8,397,230,285,3.3,-4.7,53,765,1.3,350,0.18
1996,4,12,9,461,146,366,4.4,-3.4,55,766,2.6,340,0.18
1996,4,12,10,414,82,351,4.9,-2.1,59,767,3.8,320,0.18
1996,4,12,11,260,0,260,5,-0.6,67,767,5.1,310,0.18
1996,4,12,12,269,0,269,2.2,1.1,92,766,3.6,330,0.18
1996,4,12,13,260,0,260,2.2,1.1,92,765,3.6,330,0.18
1996,4,12,14,235,0,235,5,2.2,82,765,3.6,10,0.18
1996,4,12,15,312,151,214,5.7,2.8,82,765,5.7,340,0.18
1996,4,12,16,291,110,238,5.4,1.4,75,765,3.2,40,0.18
1996,4,12,17,103,102,73,3.1,1.9,92,764,5.6,20,0.18
1996,4,12,18,38,39,34,2.8,2.5,98,764,3.6,50,0.18
1996,4,12,19,0,0,0,-0.5,-0.9,97,764,2.1,50,0.18
1996,4,12,20,0,0,0,-2.8,-2.8,100,763,2.2,160,0.18
1996,4,12,21,0,0,0,-3.1,-3.1,100,763,2.1,170,0.18
1996,4,12,22,0,0,0,-5.4,-5.4,100,763,1.7,170,0.18
1996,4,12,23,0,0,0,-4.6,-4.6,100,763,2.1,190,0.18
1996,4,13,0,0,0,0,-6.9,-6.9,100,762,1.7,190,0.18
1996,4,13,1,0,0,0,-7.2,-7.2,100,762,1.6,190,0.18
1996,4,13,2,0,0,0,-8.5,-8.5,100,762,1.7,210,0.18
1996,4,13,3,0,0,0,-8.8,-8.8,100,762,0.6,100,0.18
1996,4,13,4,0,0,0,-10.8,-10.8,100,761,1.8,200,0.18
1996,4,13,5,0,5,0,-12.4,-13.1,94,761,1.6,230,0.18
1996,4,13,6,68,374,29,-9.7,-9.7,100,761,3.7,270,0.18
1996,4,13,7,260,732,37,-5,-8.9,71,760,5.1,310,0.18
1996,4,13,8,480,888,43,-2.3,-7.8,62,763,6.1,310,0.18
1996,4,13,9,690,966,60,-2.3,-6.7,69,764,7.2,310,0.18
1996,4,13,10,785,903,85,-1.2,-5.6,69,765,8.2,310,0.18
1996,4,13,11,887,954,74,-1.2,-6.2,65,766,11.8,320,0.18
1996,4,13,12,922,973,67,0.5,-6.7,55,767,10.8,320,0.18
1996,4,13,13,886,955,74,1.6,-6.2,53,767,8.2,310,0.18
1996,4,13,14,575,596,114,3,-6.2,48,768,9.1,300,0.18
1996,4,13,15,648,748,163,4.3,-9.2,34,768,9.5,290,0.18
1996,4,13,16,350,436,138,4.7,-9.2,33,769,9.3,280,0.18
1996,4,13,17,249,659,52,4.1,-8.1,38,769,9.7,280,0.18
1996,4,13,18,58,337,24,1.4,-7.1,50,767,7.1,260,0.18
1996,4,13,19,0,4,0,-1.2,-4.1,78,766,7,240,0.18
1996,4,13,20,0,0,0,-2.8,-4.1,90,764,5.2,230,0.18
1996,4,13,21,0,0,0,-3.2,-4.6,89,764,6.7,210,0.18
1996,4,13,22,0,0,0,-3.1,-5.1,84,764,3,200,0.18
1996,4,13,23,0,0,0,-2.7,-6,76,764,3.4,220,0.18
1996,4,14,0,0,0,0,-2.4,-5,80,764,6.3,230,0.18
1996,4,14,1,0,0,0,-2,-5,78,763,4.6,240,0.18
1996,4,14,2,0,0,0,-2,-5,78,763,2.1,250,0.18
1996,4,14,3,0,0,0,-3,-6,77,762,3.1,260,0.18
1996,4,14,4,0,0,0,-3,-6,77,762,4.1,280,0.18
1996,4,14,5,0,0,0,-3,-6,77,763,3.1,250,0.18
1996,4,14,6,57,228,32,-2,-6,71,764,3.1,40,0.18
1996,4,14,7,243,572,66,2,-5,57,767,2.6,340,0.18
1996,4,14,8,468,755,94,5,-6,42,769,6.2,40,0.18
1996,4,14,9,398,358,162,6,-6,39,771,4.1,30,0.18
1996,4,14,10,731,715,174,7,-4,44,772,3.1,330,0.18
1996,4,14,11,253,0,253,8,-5,37,772,4.6,290,0.18
1996,4,14,12,883,740,231,9,-7,29,773,4.1,300,0.18
1996,4,14,13,869,850,143,9,-8,27,772,3.1,290,0.18
1996,4,14,14,798,862,130,11,-6,28,774,3.6,280,0.18
1996,4,14,15,641,805,117,11,-7,26,774,3.1,350,0.18
1996,4,14,16,460,748,93,11,-8,24,774,4.6,320,0.18
1996,4,14,17,238,572,65,10,-9,23,773,6.7,300,0.18
1996,4,14,18,52,206,30,7,-6,37,772,3.6,300,0.18
1996,4,14,19,0,0,0,4,-7,42,770,3.1,280,0.18
1996,4,14,20,0,0,0,2,-8,44,769,3.1,320,0.18
1996,4,14,21,0,0,0,1,-8,47,768,3.1,20,0.18
1996,4,14,22,0,0,0,-1,-7,60,767,2.6,10,0.18
1996,4,14,23,0,0,0,-2,-7,65,766,3.6,20,0.18
1996,4,15,0,0,0,0,-2,-6,71,766,2.6,350,0.18
1996,4,15,1,0,0,0,-3,-8,65,765,3.1,20,0.18
1996,4,15,2,0,0,0,-3,-8,65,765,3.1,350,0.18
1996,4,15,3,0,0,0,-4,-8,71,765,1.5,360,0.18
1996,4,15,4,0,0,0,-4,-8,71,765,2.6,10,0.18
1996,4,15,5,0,17,0,-4,-8,71,765,1.5,350,0.18
1996,4,15,6,76,501,19,-3,-8,65,767,3.6,330,0.18
1996,4,15,7,267,733,38,-1,-7,60,769,2.6,350,0.18
1996,4,15,8,439,782,48,5,-9,33,773,5.1,50,0.18
1996,4,15,9,649,824,104,8,-11,22,775,3.6,60,0.18
1996,4,15,10,825,970,66,10,-9,23,776,1.5,70,0.18
1996,4,15,11,865,927,69,12,-8,22,777,2.6,110,0.18
1996,4,15,12,967,1011,73,13,-4,29,778,2.1,70,0.18
1996,4,15,13,911,980,71,13,-6,25,777,2.1,60,0.18
1996,4,15,14,731,768,133,14,-6,23,778,1.5,150,0.18
1996,4,15,15,683,955,58,14,-7,21,778,2.6,230,0.18
1996,4,15,16,484,887,47,14,-7,21,778,3.1,190,0.18
1996,4,15,17,270,777,33,13,-7,23,777,4.6,310,0.18
1996,4,15,18,67,429,22,8.8,-3.1,42,775,4,300,0.18
1996,4,15,19,0,9,0,6.6,-7.2,34,773,3.9,330,0.18
1996,4,15,20,0,0,0,3.4,-4.3,55,770,2.3,260,0.18
1996,4,15,21,0,0,0,0.3,-4.4,68,768,1.8,270,0.18
1996,4,15,22,0,0,0,0.1,-7.5,53,767,1.1,290,0.18
1996,4,15,23,0,0,0,-2.1,-6.6,68,765,2.6,250,0.18
1996,4,16,0,0,0,0,-3.3,-6.7,75,764,3,250,0.18
1996,4,16,1,0,0,0,-3.5,-6.8,75,762,2.4,220,0.18
1996,4,16,2,0,0,0,-3.7,-6.9,76,762,3.8,240,0.18
1996,4,16,3,0,0,0,-3.8,-8,70,761,3.3,230,0.18
1996,4,16,4,0,0,0,-5,-8.1,76,760,3.7,230,0.18
1996,4,16,5,0,1,0,-5.2,-8.2,77,760,3.1,210,0.18
1996,4,16,6,36,0,36,-3.4,-7.3,72,762,3,220,0.18
1996,4,16,7,113,0,113,3.3,-5.6,49,766,2,150,0.18
1996,4,16,8,355,309,200,6.1,-10,28,768,5.1,160,0.18
1996,4,16,9,566,355,331,8.3,-11.2,21,770,6.6,130,0.18
1996,4,16,10,523,166,393,10.5,-10.6,19,771,7.7,140,0.18
1996,4,16,11,787,467,384,12.7,-10.6,17,771,12.3,200,0.18
1996,4,16,12,512,67,452,13.8,-10.6,16,771,6.6,200,0.18
1996,4,16,13,331,0,331,13.8,-12.8,13,771,9.7,200,0.18
1996,4,16,14,300,0,300,12.7,-10,18,770,10.2,210,0.18
1996,4,16,15,282,15,272,13,-11.5,15,770,8.4,250,0.18
1996,4,16,16,150,21,139,13.3,-13,13,769,7.1,230,0.18
1996,4,16,17,35,0,35,13.7,-11.5,14,769,8.4,250,0.18
1996,4,16,18,34,4,33,9,-8,27,769,6.5,210,0.18
1996,4,16,19,0,0,0,4.3,-5.4,47,768,5.2,190,0.18
1996,4,16,20,0,0,0,1.6,-5.9,54,768,5.5,200,0.18
1996,4,16,21,0,0,0,1,-6.4,54,767,6,210,0.18
1996,4,16,22,0,0,0,-0.7,-5.9,64,767,6.5,210,0.18
1996,4,16,23,0,0,0,-0.4,-6.4,60,767,5.2,160,0.18
1996,4,17,0,0,0,0,-1.1,-6.9,61,766,5.5,170,0.18
1996,4,17,1,0,0,0,-1.7,-6.4,67,766,6.2,180,0.18
1996,4,17,2,0,0,0,-1.4,-5.9,68,766,8,220,0.18
1996,4,17,3,0,0,0,-1.1,-5.3,70,765,6.7,230,0.18
1996,4,17,4,0,0,0,-0.8,-4.8,71,765,7.4,230,0.18
1996,4,17,5,0,0,0,-0.4,-4.4,72,765,8.2,240,0.18
1996,4,17,6,35,22,33,1.9,-2.8,69,764,6.4,240,0.18
1996,4,17,7,198,10,194,7.2,-2.3,50,764,10.2,250,0.18
1996,4,17,8,249,77,209,7.8,-2.5,47,764,9.2,260,0.18
1996,4,17,9,359,86,301,7.7,-2.8,46,765,8.2,260,0.18
1996,4,17,10,560,144,446,8.2,-2.6,45,765,8.5,250,0.18
1996,4,17,11,624,131,510,8.3,-2.3,46,766,8.7,240,0.18
1996,4,17,12,389,113,289,11.1,-3.4,35,767,12.8,250,0.18
1996,4,17,13,255,0,255,7.2,-1.2,54,765,8.2,300,0.18
1996,4,17,14,228,0,228,2.2,0.5,89,764,6.1,310,0.18
1996,4,17,15,185,0,185,3.3,-0.9,73,764,5.3,290,0.18
1996,4,17,16,129,0,129,3.4,-2.3,65,764,5.4,290,0.18
1996,4,17,17,85,0,85,4.5,-3.7,53,764,3,300,0.18
1996,4,17,18,34,13,32,-0.4,-0.4,100,764,3.2,290,0.18
1996,4,17,19,0,0,0,-4.3,-4.3,100,764,1.2,270,0.18
1996,4,17,20,0,0,0,-4.2,-4.2,100,764,2.5,290,0.18
1996,4,17,21,0,0,0,-5.1,-5.1,100,764,2.1,300,0.18
1996,4,17,22,0,0,0,-4,-4,100,764,1.7,310,0.18
1996,4,17,23,0,0,0,-4.9,-4.9,100,764,4,250,0.18
1996,4,18,0,0,0,0,-4.8,-4.8,100,764,4.6,210,0.18
1996,4,18,1,0,0,0,-5.7,-5.7,100,764,5.3,200,0.18
1996,4,18,2,0,0,0,-4.6,-4.6,100,764,5,200,0.18
1996,4,18,3,0,0,0,-3.5,-3.5,100,764,3.6,200,0.18
1996,4,18,4,0,0,0,-2.4,-2.4,100,764,2.7,230,0.18
1996,4,18,5,0,8,0,-2.3,-2.3,100,764,4.4,260,0.18
1996,4,18,6,64,138,47,3.8,-1.7,66,764,6.1,210,0.18
1996,4,18,7,254,466,102,5,-2.3,58,765,11.3,230,0.18
1996,4,18,8,467,684,118,5.5,-2.3,56,765,11.3,220,0.18
1996,4,18,9,665,880,75,7.7,-2.8,46,766,15.4,210,0.18
1996,4,18,10,814,911,92,7.7,-4.5,40,766,15.4,240,0.18
1996,4,18,11,903,795,213,5,-3.8,51,765,14.1,270,0.18
1996,4,18,12,879,709,246,1.9,-3,68,764,12.8,300,0.18
1996,4,18,13,833,631,288,-1.2,-2.3,91,763,9.7,300,0.18
1996,4,18,14,779,732,203,1.6,-3.9,64,765,10.2,290,0.18
1996,4,18,15,607,587,219,1.5,-6.1,54,765,9.9,290,0.18
1996,4,18,16,425,563,143,0.4,-8.3,48,765,10.1,280,0.18
1996,4,18,17,254,495,99,-2.7,-11.5,47,765,11.9,290,0.18
1996,4,18,18,71,223,46,-4,-11,54,765,8.6,290,0.18
1996,4,18,19,0,2,0,-5.3,-12.6,53,765,9.3,280,0.18
1996,4,18,20,0,0,0,-6.6,-10.1,74,765,10.6,300,0.18
1996,4,18,21,0,0,0,-7.9,-7.9,100,765,10.8,300,0.18
1996,4,18,22,0,0,0,-8.3,-8.3,100,766,9.5,310,0.18
1996,4,18,23,0,0,0,-8.6,-8.6,100,766,10.2,300,0.18
1996,4,19,0,0,0,0,-8.8,-8.8,100,766,10.4,310,0.18
1996,4,19,1,0,0,0,-10.1,-10.1,100,766,7.5,310,0.18
1996,4,19,2,0,0,0,-10.4,-10.4,100,766,4.8,300,0.18
1996,4,19,3,0,0,0,-10.7,-10.7,100,766,4.5,290,0.18
1996,4,19,4,0,0,0,-11,-11.4,96,766,2.1,310,0.18
1996,4,19,5,0,5,0,-9.3,-11,86,766,3.3,320,0.18
1996,4,19,6,78,333,35,-5.6,-9.5,71,766,2.5,340,0.18
1996,4,19,7,285,672,64,-1.7,-9.5,51,769,3,60,0.18
1996,4,19,8,511,820,88,-0.6,-9.5,47,770,2.5,30,0.18
1996,4,19,9,711,895,108,0.5,-7.8,50,771,5.1,20,0.18
1996,4,19,10,865,936,121,1.6,-10.6,36,772,6.6,40,0.18
1996,4,19,11,961,956,128,2.7,-10.6,33,772,2.5,70,0.18
1996,4,19,12,992,962,130,5.5,-11.7,25,773,6.1,270,0.18
1996,4,19,13,904,898,125,6.5,-12.8,21,773,4.3,280,0.18
1996,4,19,14,804,866,122,7.2,-13.9,18,773,2.5,280,0.18
1996,4,19,15,665,776,150,6.8,-9.4,28,772,2.4,270,0.18
1996,4,19,16,419,494,171,9.3,-9.9,22,772,2.4,260,0.18
1996,4,19,17,245,262,162,9.9,-10.4,21,771,2,280,0.18
1996,4,19,18,59,56,52,8.3,-9.8,24,771,0,0,0.18
1996,4,19,19,0,0,0,6.9,-10.3,25,770,0,0,0.18
1996,4,19,20,0,0,0,6.4,-10.7,25,770,0,0,0.18
1996,4,19,21,0,0,0,7.9,-10.2,24,769,0,0,0.18
1996,4,19,22,0,0,0,7.4,-10.6,24,769,0.9,350,0.18
1996,4,19,23,0,0,0,6.8,-13.1,20,768,2,360,0.18
1996,4,20,0,0,0,0,7.4,-13.5,18,768,1.5,280,0.18
1996,4,20,1,0,0,0,8.8,-14,16,767,1,260,0.18
1996,4,20,2,0,0,0,10.3,-14.4,14,767,0,0,0.18
1996,4,20,3,0,0,0,12.9,-13.9,12,767,1.4,20,0.18
1996,4,20,4,0,0,0,13.3,-15.3,11,766,1.9,350,0.18
1996,4,20,5,1,0,1,14.9,-15.8,9,766,3.1,280,0.18
1996,4,20,6,63,21,60,21.3,-15.2,6,765,3.6,290,0.18
1996,4,20,7,265,483,104,28.8,-13.9,5,765,5.1,310,0.18
1996,4,20,8,404,453,169,3.3,-13.4,25,764,6.1,300,0.18
1996,4,20,9,643,528,285,2.7,-8.4,40,765,7.2,310,0.18
1996,4,20,10,575,402,253,1.6,-5,59,765,8.2,320,0.18
1996,4,20,11,937,846,197,2.1,-5.4,55,765,9.2,320,0.18
1996,4,20,12,939,893,137,2.2,-5.6,53,766,10.2,310,0.18
1996,4,20,13,621,431,246,1.6,-5,59,767,7.7,300,0.18
1996,4,20,14,658,466,289,3.3,-7.8,41,767,7.2,320,0.18
1996,4,20,15,665,659,226,1.4,-7.9,46,768,9.6,290,0.18
1996,4,20,16,480,690,132,1.4,-7,50,768,6.9,280,0.18
1996,4,20,17,247,491,91,-0.5,-3.1,80,769,8.8,240,0.18
1996,4,20,18,52,17,50,-1.9,-3,91,769,7.1,240,0.18
1996,4,20,19,0,0,0,-3.2,-4.9,87,769,4.8,190,0.18
1996,4,20,20,0,0,0,-5.7,-6.7,92,769,4.2,190,0.18
1996,4,20,21,0,0,0,-6,-7.6,87,769,4.5,220,0.18
1996,4,20,22,0,0,0,-6.3,-9.5,76,769,10,240,0.18
1996,4,20,23,0,0,0,-7.7,-10.4,79,769,10.4,250,0.18
1996,4,21,0,0,0,0,-5.1,-9.2,70,768,7.5,250,0.18
1996,4,21,1,0,0,0,-6.5,-10.1,73,768,7.4,240,0.18
1996,4,21,2,0,0,0,-4.8,-9,69,768,6.2,240,0.18
1996,4,21,3,0,0,0,-5.2,-10.8,61,767,4.6,230,0.18
1996,4,21,4,0,0,0,-5.7,-11.5,60,766,4.1,270,0.18
1996,4,21,5,0,0,0,-6.1,-12.3,58,765,4.6,280,0.18
1996,4,21,6,29,0,29,-0.5,-7.1,57,764,9.3,300,0.18
1996,4,21,7,81,0,81,5.6,-4.3,47,767,9.3,270,0.18
1996,4,21,8,156,0,156,10.6,-6.6,27,770,8.2,290,0.18
1996,4,21,9,208,0,208,13.9,-6.6,22,772,7.7,290,0.18
1996,4,21,10,314,41,281,14.4,-4.3,26,772,8.7,270,0.18
1996,4,21,11,450,105,358,15,-2.1,30,773,7.2,290,0.18
1996,4,21,12,443,121,334,15.6,-2.1,29,772,8.5,290,0.18
1996,4,21,13,627,204,449,15.6,-3.8,25,772,9.8,280,0.18
1996,4,21,14,502,232,318,15,-4.9,24,772,8.7,310,0.18
1996,4,21,15,170,0,170,16,-4.6,23,771,4.1,300,0.18
1996,4,21,16,127,0,127,16,-5.2,22,770,10.3,280,0.18
1996,4,21,17,76,0,76,16,-4.9,22,770,8.7,270,0.18
1996,4,21,18,25,0,25,12.1,-5.5,27,769,5.7,220,0.18
1996,4,21,19,0,0,0,9.1,-4.2,37,769,6.2,200,0.18
1996,4,21,20,0,0,0,6.1,-4.8,43,768,6.2,220,0.18
1996,4,21,21,0,0,0,3.1,-4.5,55,768,4.1,170,0.18
1996,4,21,22,0,0,0,2.1,-2.1,72,767,3.1,180,0.18
1996,4,21,23,0,0,0,2.1,-1.8,74,767,7.7,230,0.18
1996,4,22,0,0,0,0,1.1,-2.4,76,766,0,0,0.18
1996,4,22,1,0,0,0,0.1,-1.1,91,766,4.6,280,0.18
1996,4,22,2,0,0,0,-1.9,-1.9,100,765,4.1,300,0.18
1996,4,22,3,0,0,0,-1.8,-1.8,100,765,5.1,300,0.18
1996,4,22,4,0,0,0,-2.8,-2.8,100,764,7.7,310,0.18
1996,4,22,5,0,0,0,-0.8,-0.8,100,763,6.2,290,0.18
1996,4,22,6,37,0,37,2.2,1.7,96,763,3.1,310,0.18
1996,4,22,7,99,0,99,4.4,2.2,86,765,7.7,290,0.18
1996,4,22,8,158,0,158,6.7,2.8,76,767,9.8,290,0.18
1996,4,22,9,220,44,189,9.4,1.7,59,769,10.3,310,0.18
1996,4,22,10,566,368,270,10.6,-1.6,42,770,11.3,310,0.18
1996,4,22,11,843,661,262,12.2,-3.2,33,771,13.9,320,0.18
1996,4,22,12,680,354,359,12.8,-1,38,771,10.3,300,0.18
1996,4,22,13,678,461,275,14.1,-2.4,31,772,10.8,300,0.18
1996,4,22,14,637,578,177,15,-3.8,26,772,8.7,310,0.18
1996,4,22,15,447,246,282,15.1,-3.7,26,772,7.7,320,0.18
1996,4,22,16,484,747,103,15.1,-4.6,24,772,6.7,300,0.18
1996,4,22,17,285,780,33,13.2,-5.6,25,772,9.3,340,0.18
1996,4,22,18,71,419,18,11.5,-6.7,26,772,5.5,360,0.18
1996,4,22,19,0,36,0,9.6,-4.8,34,772,7.8,350,0.18
1996,4,22,20,0,0,0,2.9,-5.9,49,772,5.6,50,0.18
1996,4,22,21,0,0,0,2.2,-5,56,772,8.5,100,0.18
1996,4,22,22,0,0,0,2.4,-3.1,65,773,3.6,60,0.18
1996,4,22,23,0,0,0,-1.4,-5.2,73,773,1.4,70,0.18
1996,4,23,0,0,0,0,-0.1,-4.3,70,773,1.7,90,0.18
1996,4,23,1,0,0,0,-0.8,-4.4,74,773,4.6,100,0.18
1996,4,23,2,0,0,0,-0.7,-4.5,73,774,5.4,140,0.18
1996,4,23,3,0,0,0,-0.4,-4.6,70,774,1.6,140,0.18
1996,4,23,4,0,0,0,-4.1,-7.9,72,774,1.4,160,0.18
1996,4,23,5,2,47,1,-1,-5.1,71,774,2.2,230,0.18
1996,4,23,6,105,544,25,3.3,-3.9,57,774,3.6,270,0.18
1996,4,23,7,317,800,41,9.4,-4.5,36,778,2,270,0.18
1996,4,23,8,536,905,57,13.8,-3.9,28,781,0,0,0.18
1996,4,23,9,728,959,69,15,-4.5,25,782,5.1,150,0.18
1996,4,23,10,876,989,77,15.5,-4.5,24,783,6.1,120,0.18
1996,4,23,11,826,833,92,16.6,-5,21,783,6.1,140,0.18
1996,4,23,12,953,956,87,17.7,-4.9,20,784,7.2,150,0.18
1996,4,23,13,960,1003,81,18.8,-5,19,784,8.2,150,0.18
1996,4,23,14,862,986,76,18.8,-4.5,19,783,6.1,160,0.18
1996,4,23,15,669,895,67,19.9,-4.5,18,782,6.1,170,0.18
1996,4,23,16,444,501,187,18.9,-4.6,19,781,8.5,290,0.18
1996,4,23,17,297,715,64,18,-6.6,17,781,5.4,350,0.18
1996,4,23,18,68,57,61,15.1,-5.6,22,780,6.9,80,0.18
1996,4,23,19,0,3,0,11.2,-6.6,26,779,5.2,180,0.18
1996,4,23,20,0,0,0,12.3,-7.7,22,778,6.7,200,0.18
1996,4,23,21,0,0,0,8.3,-7.7,29,778,6.1,240,0.18
1996,4,23,22,0,0,0,7.4,-7.7,31,777,2.9,90,0.18
1996,4,23,23,0,0,0,6.5,-6.7,36,776,0.9,120,0.18
1996,4,24,0,0,0,0,8.5,-5.8,34,775,2.2,320,0.18
1996,4,24,1,0,0,0,7.6,-5.8,36,774,8.8,170,0.18
1996,4,24,2,0,0,0,0.7,-5.8,58,774,5.7,110,0.18
1996,4,24,3,0,0,0,5.8,-4.8,44,773,4,130,0.18
1996,4,24,4,0,0,0,-1.2,-5.9,67,772,1.9,250,0.18
1996,4,24,5,2,8,2,-2.1,-5.9,72,771,4.3,310,0.18
1996,4,24,6,58,30,53,5,-3.9,51,771,2,330,0.18
1996,4,24,7,305,690,64,11.6,-4.5,31,774,0,0,0.18
1996,4,24,8,170,89,122,17.7,-6.2,18,778,6.6,260,0.18
1996,4,24,9,489,112,411,18.3,-3.9,21,778,6.6,220,0.18
1996,4,24,10,553,186,402,19.4,-5.6,17,780,9.2,230,0.18
1996,4,24,11,912,884,130,21.1,-3.9,18,779,8.7,240,0.18
1996,4,24,12,920,878,123,21.6,-3.9,17,779,9.2,260,0.18
1996,4,24,13,911,852,162,22.2,-3.4,17,778,10.2,240,0.18
1996,4,24,14,855,885,147,22.7,-3.9,16,778,10.2,260,0.18
1996,4,24,15,719,902,110,23.1,-2.8,17,778,11.3,290,0.18
1996,4,24,16,440,483,191,22.6,-3.2,17,777,14,320,0.18
1996,4,24,17,271,469,117,20.9,-3.5,18,776,12,340,0.18
1996,4,24,18,73,222,44,18.4,-2.4,24,776,10,20,0.18
1996,4,24,19,0,8,0,13.8,-2.3,32,775,8,30,0.18
1996,4,24,20,0,0,0,11.3,-1.1,42,775,8.6,360,0.18
1996,4,24,21,0,0,0,7.7,-0.1,58,774,10.2,40,0.18
1996,4,24,22,0,0,0,7.2,-1.9,51,773,7.3,200,0.18
1996,4,24,23,0,0,0,4.5,-1.7,63,773,5.2,150,0.18
1996,4,25,0,0,0,0,3.9,-2.6,61,772,5.3,170,0.18
1996,4,25,1,0,0,0,1.4,-2.4,74,771,8,90,0.18
1996,4,25,2,0,0,0,0.8,-3.4,71,771,9.6,130,0.18
1996,4,25,3,0,0,0,-0.4,-3.4,78,770,7,170,0.18
1996,4,25,4,0,0,0,-2.7,-4.4,87,770,9.7,150,0.18
1996,4,25,5,2,26,2,-4,-4.4,97,769,9.3,160,0.18
1996,4,25,6,104,471,31,-1.3,-2.4,91,768,5.8,290,0.18
1996,4,25,7,303,620,84,3.8,-0.6,73,768,6.6,330,0.18
1996,4,25,8,518,843,65,8.3,-1.2,51,771,7.2,350,0.18
1996,4,25,9,695,827,121,10.8,-1.8,41,773,8.2,330,0.18
1996,4,25,10,815,851,123,12.7,-2.3,34,774,9.2,310,0.18
1996,4,25,11,878,762,202,14.4,-2.3,31,775,8.7,290,0.18
1996,4,25,12,968,967,87,15.5,-1.7,30,776,7.2,300,0.18
1996,4,25,13,961,1007,74,16.6,-1.2,29,777,7.7,310,0.18
1996,4,25,14,864,991,69,16.6,-1.7,28,778,7.2,290,0.18
1996,4,25,15,712,962,61,16,-2.4,28,777,8.1,330,0.18
1996,4,25,16,481,835,49,16.5,-2.5,26,777,6.8,280,0.18
1996,4,25,17,227,540,49,14.5,-2.8,29,776,7.2,280,0.18
1996,4,25,18,93,535,21,12.4,-2.1,36,776,5,250,0.18
1996,4,25,19,1,41,0,10.3,-3.5,36,776,3.3,250,0.18
1996,4,25,20,0,0,0,5.3,0.1,69,775,2.1,260,0.18
1996,4,25,21,0,0,0,4.3,-2.3,61,775,3,230,0.18
1996,4,25,22,0,0,0,2.3,-2.7,68,774,2.9,220,0.18
1996,4,25,23,0,0,0,1.2,-3,71,774,3.2,210,0.18
1996,4,26,0,0,0,0,1.1,-4.3,64,774,3,180,0.18
1996,4,26,1,0,0,0,0.1,-4.7,67,773,1.9,130,0.18
1996,4,26,2,0,0,0,0,-5.1,65,773,1.2,150,0.18
1996,4,26,3,0,0,0,-0.8,-5.5,67,772,1.1,110,0.18
1996,4,26,4,0,0,0,-0.6,-5.8,64,772,1.9,110,0.18
1996,4,26,5,3,59,2,-0.5,-6.2,62,772,1.2,70,0.18
1996,4,26,6,115,551,27,2.7,-5.6,51,771,0,0,0.18
1996,4,26,7,326,793,43,8.3,-3.9,40,775,1.5,40,0.18
1996,4,26,8,542,895,59,12.7,-3.4,31,778,3,60,0.18
1996,4,26,9,732,949,71,15,-3.9,26,779,2,80,0.18
1996,4,26,10,877,978,79,18.8,-4.5,19,781,4.6,310,0.18
1996,4,26,11,907,878,126,18.8,-4.5,19,780,5.6,280,0.18
1996,4,26,12,956,872,160,19.4,-3.9,20,782,8.2,280,0.18
1996,4,26,13,529,162,385,18.8,-2.8,22,781,6.6,300,0.18
1996,4,26,14,771,639,258,19.5,-3.1,21,780,4.3,280,0.18
1996,4,26,15,389,203,251,19.2,-2.4,22,779,6.6,210,0.18
1996,4,26,16,249,207,141,19.8,-3.8,19,778,3.3,200,0.18
1996,4,26,17,278,582,84,17.5,-3.1,24,777,3.1,200,0.18
1996,4,26,18,77,161,54,13.2,-1.4,36,776,3.3,150,0.18
1996,4,26,19,0,0,0,10.9,0.3,48,776,1.6,230,0.18
1996,4,26,20,0,0,0,9.6,-0.1,51,775,1.4,140,0.18
1996,4,26,21,0,0,0,6.3,0.6,67,774,1.6,180,0.18
1996,4,26,22,0,0,0,6.9,-0.7,58,773,0.3,180,0.18
1996,4,26,23,0,0,0,6.6,0,63,772,2.1,160,0.18
1996,4,27,0,0,0,0,6.3,0.6,67,771,2.9,150,0.18
1996,4,27,1,0,0,0,9,-2.7,43,770,2.7,120,0.18
1996,4,27,2,0,0,0,6.7,-2,53,769,1.9,110,0.18
1996,4,27,3,0,0,0,5.4,-2.3,56,768,2.2,70,0.18
1996,4,27,4,0,0,0,7,-3.7,45,767,2,50,0.18
1996,4,27,5,2,12,2,5.7,-3,52,766,1.7,30,0.18
1996,4,27,6,87,283,40,4.4,-2.3,60,765,0,0,0.18
1996,4,27,7,288,586,77,11.6,-1.2,41,769,9.7,310,0.18
1996,4,27,8,487,720,96,12.2,-3.4,32,771,10.2,300,0.18
1996,4,27,9,720,871,110,14.4,-3.4,28,772,10.2,300,0.18
1996,4,27,10,808,834,125,15,-3.9,26,773,8.7,300,0.18
1996,4,27,11,911,863,141,15.5,-4.5,24,773,10.8,310,0.18
1996,4,27,12,925,855,143,16.6,-5.6,20,774,7.7,320,0.18
1996,4,27,13,892,848,140,16.6,-6.7,18,774,7.7,320,0.18
1996,4,27,14,855,910,122,17.7,-7.3,16,775,9.7,300,0.18
1996,4,27,15,701,869,109,16.7,-6.7,18,775,7.7,290,0.18
1996,4,27,16,504,796,89,15.8,-4.1,24,774,10.3,170,0.18
1996,4,27,17,269,547,85,16.8,-8.5,16,774,7.7,160,0.18
1996,4,27,18,77,102,63,15.8,-9.9,15,774,8.1,30,0.18
1996,4,27,19,0,6,0,6.8,-5.3,40,773,7.1,350,0.18
1996,4,27,20,0,0,0,4.9,-5.7,44,773,5.5,30,0.18
1996,4,27,21,0,0,0,1.9,-6,53,773,6.9,320,0.18
1996,4,27,22,0,0,0,3.9,-7.4,40,773,4.4,80,0.18
1996,4,27,23,0,0,0,-1.1,-6.8,62,772,1.7,40,0.18
1996,4,28,0,0,0,0,0,-8.2,50,772,3.7,290,0.18
1996,4,28,1,0,0,0,-1,-7.6,57,772,2.1,270,0.18
1996,4,28,2,0,0,0,-1,-8,55,772,2.1,270,0.18
1996,4,28,3,0,0,0,0,-9,46,771,2.6,270,0.18
1996,4,28,4,0,0,0,-1,-8,55,771,2.1,260,0.18
1996,4,28,5,5,93,2,-1,-8,55,771,3.1,270,0.18
1996,4,28,6,125,607,24,11,-8,24,770,2.1,290,0.18
1996,4,28,7,346,846,38,14,-11,15,773,4.1,150,0.18
1996,4,28,8,502,826,51,16,-9,16,776,3.6,140,0.18
1996,4,28,9,746,973,63,17,-9,15,778,7.2,130,0.18
1996,4,28,10,815,908,70,18,-9,14,779,5.7,140,0.18
1996,4,28,11,966,995,76,18,-10,13,780,7.7,150,0.18
1996,4,28,12,958,870,160,18,-10,13,781,6.2,140,0.18
1996,4,28,13,926,954,80,19,-13,9,781,7.2,160,0.18
1996,4,28,14,745,711,170,17,-12,11,781,7.7,170,0.18
1996,4,28,15,667,831,98,18,-12,11,781,8.2,190,0.18
1996,4,28,16,497,796,81,17,-12,11,780,8.7,210,0.18
1996,4,28,17,290,747,37,15,-13,12,779,7.2,180,0.18
1996,4,28,18,84,406,27,6,-6,39,779,4.1,180,0.18
1996,4,28,19,1,2,1,2,-4,62,778,4.6,210,0.18
1996,4,28,20,0,0,0,1,-4,67,777,2.6,210,0.18
1996,4,28,21,0,0,0,0,-5,66,776,3.1,260,0.18
1996,4,28,22,0,0,0,-1,-6,66,776,4.6,250,0.18
1996,4,28,23,0,0,0,-1,-6,66,775,4.1,260,0.18
1996,4,29,0,0,0,0,-1,-6,66,774,0,0,0.18
1996,4,29,1,0,0,0,-2,-7,65,773,2.1,190,0.18
1996,4,29,2,0,0,0,-1,-6,66,773,2.1,230,0.18
1996,4,29,3,0,0,0,-2,-6,71,772,0,0,0.18
1996,4,29,4,0,0,0,-2,-6,71,771,2.1,270,0.18
1996,4,29,5,6,14,5,-3,-6,77,771,2.6,310,0.18
1996,4,29,6,97,161,69,-2,-6,71,770,1.5,350,0.18
1996,4,29,7,130,0,130,-2,-5,78,774,2.1,290,0.18
1996,4,29,8,555,682,181,1,-5,61,779,4.6,230,0.18
1996,4,29,9,267,0,267,2,-6,52,779,5.1,150,0.18
1996,4,29,10,314,0,314,4,-5,49,779,5.1,130,0.18
1996,4,29,11,343,0,343,4,-7,42,780,4.1,150,0.18
1996,4,29,12,494,125,378,5,-9,33,780,3.6,120,0.18
1996,4,29,13,932,828,196,5,-9,33,779,4.6,280,0.18
1996,4,29,14,735,755,123,5,-10,30,779,7.2,240,0.18
1996,4,29,15,668,767,142,4,-13,24,779,4.6,280,0.18
1996,4,29,16,465,584,157,5,-12,25,778,4.6,300,0.18
1996,4,29,17,224,321,114,4,-11,29,777,5.1,290,0.18
1996,4,29,18,49,56,40,2.4,-8.6,40,777,2.9,310,0.18
1996,4,29,19,2,46,1,1.7,-11.3,33,776,1.8,330,0.18
1996,4,29,20,0,0,0,1.1,-9.9,40,776,1,340,0.18
1996,4,29,21,0,0,0,0.5,-10.5,39,775,0,0,0.18
1996,4,29,22,0,0,0,-0.2,-10.2,42,774,0,0,0.18
1996,4,29,23,0,0,0,0.2,-10.8,39,774,0.5,300,0.18
1996,4,30,0,0,0,0,1.6,-10.4,37,773,1,240,0.18
1996,4,30,1,0,0,0,2,-11,34,773,0,0,0.18
1996,4,30,2,0,0,0,2.3,-9.7,37,772,0.6,360,0.18
1996,4,30,3,0,0,0,2.7,-9.3,37,771,3.5,310,0.18
1996,4,30,4,0,0,0,2.1,-9.9,37,771,3.3,300,0.18
1996,4,30,5,6,45,4,2.4,-10.6,34,770,0,0,0.18
1996,4,30,6,127,557,30,3.8,-11.2,29,770,2,310,0.18
1996,4,30,7,341,792,48,10.5,-13.4,15,774,4.1,300,0.18
1996,4,30,8,559,895,65,12.7,-12.3,14,775,5.1,260,0.18
1996,4,30,9,749,949,78,13.3,-11.7,15,776,3,300,0.18
1996,4,30,10,895,978,87,14.4,-11.2,14,777,5.6,300,0.18
1996,4,30,11,984,993,92,16.1,-12.3,12,778,7.2,340,0.18
1996,4,30,12,1012,997,93,16.1,-10,14,779,7.2,340,0.18
1996,4,30,13,975,991,91,18.3,-10.6,12,780,7.7,320,0.18
1996,4,30,14,876,974,86,17.7,-8.4,15,779,8.7,300,0.18
1996,4,30,15,717,932,76,17.7,-7.9,15,779,11.7,300,0.18
1996,4,30,16,525,874,63,17.8,-7.3,16,778,9.2,30,0.18
1996,4,30,17,310,768,46,17.9,-5.9,18,778,10.3,10,0.18
1996,4,30,18,101,499,28,16,-6.4,20,777,11,30,0.18
1996,4,30,19,2,36,1,12,-5.9,27,777,8.9,50,0.18
1996,4,30,20,0,0,0,11.2,-5.4,29,776,11.4,30,0.18
1996,4,30,21,0,0,0,9.5,-4.8,34,776,10.1,10,0.18
1996,4,30,22,0,0,0,7.7,-4.3,35,775,8.7,20,0.18
1996,4,30,23,0,0,0,6,-3.8,39,775,7.4,360,0.18
2001,5,1,0,0,0,0,4.2,-3.4,64,769,6.1,260,0.18
2001,5,1,1,0,0,0,2.5,-2.9,73,767,4.8,0,0.18
2001,5,1,2,0,0,0,0.7,-2.4,79,766,3.4,340,0.18
2001,5,1,3,0,0,0,-1,-2,92,765,2.1,320,0.18
2001,5,1,4,0,0,0,0.4,-2.8,77,766,2.4,300,0.18
2001,5,1,5,0,0,0,3,-3,63,767,2.6,280,0.18
2001,5,1,6,129,583,26,11,-2,39,772,4.6,270,0.18
2001,5,1,7,350,805,50,16,-3,26,774,5.7,270,0.18
2001,5,1,8,565,897,67,17,-2,27,775,5.1,250,0.18
2001,5,1,9,750,959,68,18,-2,25,776,6.7,230,0.18
2001,5,1,10,904,998,77,19,-1,26,776,7.7,240,0.18
2001,5,1,11,997,1010,86,21,-1,23,777,8.7,240,0.18
2001,5,1,12,1037,1022,93,21,-2,21,777,8.7,260,0.18
2001,5,1,13,993,1015,84,22,-4,17,777,9.3,260,0.18
2001,5,1,14,891,993,81,22,-2,20,776,9.3,250,0.18
2001,5,1,15,743,920,107,21,-3,19,776,8.2,270,0.18
2001,5,1,16,551,871,89,21,-3,19,774,8.7,260,0.18
2001,5,1,17,358,839,68,19,-4,20,773,9.3,270,0.18
2001,5,1,18,172,611,81,17,-3,25,770,6.7,260,0.18
2001,5,1,19,0,0,0,14,-2,32,767,5.1,240,0.18
2001,5,1,20,0,0,0,13,-3,32,767,6.2,240,0.18
2001,5,1,21,0,0,0,13,-3,32,766,6.2,260,0.18
2001,5,1,22,0,0,0,12,-3,34,766,3.6,320,0.18
2001,5,1,23,0,0,0,9,-3,41,764,5.1,320,0.18
2001,5,2,0,0,0,0,6,-3,51,762,4.6,270,0.18
2001,5,2,1,0,0,0,6,-3,51,761,4.6,290,0.18
2001,5,2,2,0,0,0,3,-2,68,758,3.1,30,0.18
2001,5,2,3,0,0,0,1,-2,79,757,6.7,40,0.18
2001,5,2,4,0,0,0,1,-4,67,758,6.2,20,0.18
2001,5,2,5,0,0,0,0,-4,72,757,6.2,300,0.18
2001,5,2,6,81,115,60,1,-5,61,759,6.2,320,0.18
2001,5,2,7,53,0,53,1,-7,51,760,8.7,300,0.18
2001,5,2,8,91,0,91,0.1,-5,65,759,8.2,340,0.18
2001,5,2,9,119,0,119,-2,-3,92,758,7.7,20,0.18
2001,5,2,10,141,0,141,-1,-3,85,758,5.7,360,0.18
2001,5,2,11,158,0,158,-0.7,-3.1,82,759,5.5,10,0.18
2001,5,2,12,218,6,213,-0.6,-3.3,80,759,5.3,20,0.18
2001,5,2,13,226,0,226,-1,-3,85,759,5.1,30,0.18
2001,5,2,14,314,24,294,0,-3,78,761,6.7,40,0.18
2001,5,2,15,680,648,230,2,-3,67,762,8.7,30,0.18
2001,5,2,16,543,800,116,4,-6,45,763,8.2,350,0.18
2001,5,2,17,317,664,86,3,-4,58,763,6.7,10,0.18
2001,5,2,18,195,574,108,-1,-6,66,761,8.2,330,0.18
2001,5,2,19,0,0,0,-2,-6,71,761,7.7,340,0.18
2001,5,2,20,0,0,0,-2,-7,65,761,4.6,330,0.18
2001,5,2,21,0,0,0,-2,-8,60,762,4.6,330,0.18
2001,5,2,22,0,0,0,-2,-7,65,762,3.6,320,0.18
2001,5,2,23,0,0,0,-2,-7,65,762,6.2,320,0.18
2001,5,3,0,0,0,0,-2,-6,71,761,6.7,310,0.18
2001,5,3,1,0,0,0,-3,-6,77,761,6.2,320,0.18
2001,5,3,2,0,0,0,-3,-6,77,760,7.2,310,0.18
2001,5,3,3,0,0,0,-3,-6,77,760,6.2,310,0.18
2001,5,3,4,0,0,0,-3,-6,77,760,5.1,300,0.18
2001,5,3,5,0,0,0,-3,-6,77,760,7.7,310,0.18
2001,5,3,6,97,232,55,-2,-6,71,762,5.7,310,0.18
2001,5,3,7,161,45,144,-2,-6,71,762,8.2,310,0.18
2001,5,3,8,485,515,196,-1,-6,66,763,7.2,310,0.18
2001,5,3,9,600,489,250,-0.4,-6.1,62,764,7.5,300,0.18
2001,5,3,10,566,208,392,0,-6,60,764,7.7,290,0.18
2001,5,3,11,487,126,373,1,-4,67,765,9.8,310,0.18
2001,5,3,12,825,553,312,1,-4,67,765,8.8,320,0.18
2001,5,3,13,333,24,311,1,-3,72,766,7.7,320,0.18
2001,5,3,14,321,30,296,2,-3,67,766,7.7,290,0.18
2001,5,3,15,679,537,306,2,-3,67,766,11.8,310,0.18
2001,5,3,16,221,44,198,1,-2,79,767,6.7,20,0.18
2001,5,3,17,325,449,168,2,-4,62,767,3.6,350,0.18
2001,5,3,18,185,505,107,1.8,-3.7,64,767,3.5,340,0.18
2001,5,3,19,0,0,0,-0.1,-3.6,75,767,3.4,340,0.18
2001,5,3,20,0,0,0,-1.4,-3,87,767,3.3,330,0.18
2001,5,3,21,0,0,0,-1.9,-3.1,90,766,3.2,330,0.18
2001,5,3,22,0,0,0,-2,-3,92,766,3.1,320,0.18
2001,5,3,23,0,0,0,-2.6,-3.3,94,766,3.1,320,0.18
2001,5,4,0,0,0,0,-3,-3.7,94,765,3.1,330,0.18
2001,5,4,1,0,0,0,-3,-4,92,765,3.1,330,0.18
2001,5,4,2,0,0,0,-3.2,-5,86,765,3.6,330,0.18
2001,5,4,3,0,0,0,-4,-6,84,764,4.1,330,0.18
2001,5,4,4,0,0,0,-4,-6,84,764,3.1,300,0.18
2001,5,4,5,0,0,0,-4,-6,84,764,3.6,310,0.18
2001,5,4,6,130,432,50,-2,-3,92,766,2.6,350,0.18
2001,5,4,7,237,201,161,0.4,-2.5,79,767,3.3,340,0.18
2001,5,4,8,248,29,232,1.3,-2.8,72,767,3.9,340,0.18
2001,5,4,9,205,6,201,1,-3,72,768,4.6,330,0.18
2001,5,4,10,300,12,290,1.7,-2,75,768,3.1,10,0.18
2001,5,4,11,463,108,366,2,-1,80,768,1.5,50,0.18
2001,5,4,12,740,331,433,4,-3,59,769,8.7,320,0.18
2001,5,4,13,967,816,233,6,-4,47,770,8.7,320,0.18
2001,5,4,14,707,445,342,7,-5,40,770,8.2,310,0.18
2001,5,4,15,422,136,328,7,-3,48,771,7.2,330,0.18
2001,5,4,16,503,577,193,4,-1,69,769,5.1,20,0.18
2001,5,4,17,371,682,130,4,-1.5,66,769,5.9,30,0.18
2001,5,4,18,176,629,77,3,-2,68,769,6.7,40,0.18
2001,5,4,19,0,0,0,1,-2,79,768,2.1,330,0.18
2001,5,4,20,0,0,0,-1,-3,85,767,2.1,360,0.18
2001,5,4,21,0,0,0,-1,-3,85,767,5.1,350,0.18
2001,5,4,22,0,0,0,-2,-3,92,766,2.1,20,0.18
2001,5,4,23,0,0,0,-3,-6,77,766,3.1,280,0.18
2001,5,5,0,0,0,0,-3,-6,77,765,1.5,10,0.18
2001,5,5,1,0,0,0,-3,-6,77,764,2.6,360,0.18
2001,5,5,2,0,0,0,-3,-5,84,763,4.1,320,0.18
2001,5,5,3,0,0,0,-2,-5,78,763,3.6,320,0.18
2001,5,5,4,0,0,0,-2,-6,71,764,3.6,310,0.18
2001,5,5,5,0,91,0,-3,-5,84,763,4.1,280,0.18
2001,5,5,6,141,600,28,2,-3,67,767,3.9,320,0.18
2001,5,5,7,359,797,52,6,-3,51,770,3.6,360,0.18
2001,5,5,8,577,863,89,7,-4,44,770,6.7,300,0.18
2001,5,5,9,763,960,71,8,-3,44,771,6.7,280,0.18
2001,5,5,10,917,998,80,10,-4,36,772,1.5,290,0.18
2001,5,5,11,1009,909,182,11.6,-3.5,33,773,3.1,290,0.18
2001,5,5,12,819,535,320,13,-3,32,774,4.6,300,0.18
2001,5,5,13,848,629,281,14,-3,30,774,7.2,310,0.18
2001,5,5,14,785,652,249,14,-3,30,774,6.7,320,0.18
2001,5,5,15,533,315,313,12,-3,34,773,6.7,300,0.18
2001,5,5,16,358,197,251,12,-3,34,773,7.7,290,0.18
2001,5,5,17,341,543,148,11,-3,36,773,7.7,320,0.18
2001,5,5,18,168,562,78,9.4,-2,44,771,5.6,300,0.18
2001,5,5,19,0,0,0,6,-1,60,769,3.6,280,0.18
2001,5,5,20,0,0,0,3,-1,74,767,2.6,280,0.18
2001,5,5,21,0,0,0,3,-1,74,768,3.6,330,0.18
2001,5,5,22,0,0,0,2,-2,73,766,4.6,340,0.18
2001,5,5,23,0,0,0,5,-2,59,768,4.6,290,0.18
2001,5,6,0,0,0,0,1,-2,79,766,4.1,260,0.18
2001,5,6,1,0,0,0,0,-3,78,765,5.1,270,0.18
2001,5,6,2,0,0,0,0,-3,78,765,5.1,280,0.18
2001,5,6,3,0,0,0,-1,-4,78,765,5.7,280,0.18
2001,5,6,4,0,0,0,-2,-4,85,764,3.6,260,0.18
2001,5,6,5,1,90,0,-3,-4,92,765,4.6,270,0.18
2001,5,6,6,143,603,27,2,-3,67,768,5.1,270,0.18
2001,5,6,7,360,792,53,8,-2,48,772,5.1,280,0.18
2001,5,6,8,573,887,69,11,-6,28,775,5.7,280,0.18
2001,5,6,9,747,931,74,12,-8,22,775,5.1,290,0.18
2001,5,6,10,894,969,81,14,-9,18,777,7.7,320,0.18
2001,5,6,11,1009,963,131,15,-9,17,777,7.7,290,0.18
2001,5,6,12,1025,1004,88,15,-8,18,778,6.7,310,0.18
2001,5,6,13,1005,1015,87,16,-7,19,778,7.7,300,0.18
2001,5,6,14,902,993,84,16,-7,19,778,6.2,300,0.18
2001,5,6,15,754,956,84,16,-8,17,778,9.8,320,0.18
2001,5,6,16,570,900,82,16,-7,19,778,5.7,310,0.18
2001,5,6,17,377,837,77,16,-7,19,779,5.7,320,0.18
2001,5,6,18,188,692,75,14,-7,21,777,5.7,330,0.18
2001,5,6,19,0,0,0,10,-6,30,774,3.6,330,0.18
2001,5,6,20,0,0,0,5,-3,55,772,3.1,280,0.18
2001,5,6,21,0,0,0,2,-3,67,771,2.1,250,0.18
2001,5,6,22,0,0,0,3,-4,58,771,2.6,270,0.18
2001,5,6,23,0,0,0,2,-5,57,771,0,0,0.18
2001,5,7,0,0,0,0,1,-3,72,771,3.6,280,0.18
2001,5,7,1,0,0,0,1,-6,56,770,3.6,280,0.18
2001,5,7,2,0,0,0,-1,-5,71,770,3.6,280,0.18
2001,5,7,3,0,0,0,-1,-6,66,770,2.6,300,0.18
2001,5,7,4,0,0,0,-2,-6,71,769,4.1,280,0.18
2001,5,7,5,1,111,1,-1,-5,71,771,3.6,280,0.18
2001,5,7,6,147,610,28,4,-4,54,774,2.6,290,0.18
2001,5,7,7,370,815,52,9,-5,35,778,2.1,290,0.18
2001,5,7,8,574,881,71,12,-6,26,780,1.5,300,0.18
2001,5,7,9,769,919,103,15,-5,24,783,3.3,300,0.18
2001,5,7,10,917,999,77,17,-6,19,784,5.1,300,0.18
2001,5,7,11,1015,1016,87,17,-6,19,784,3.6,280,0.18
2001,5,7,12,1037,1016,87,18,-4,21,784,7.7,280,0.18
2001,5,7,13,1004,1015,85,19,-4,20,785,6.7,290,0.18
2001,5,7,14,889,974,84,19,-5,18,785,6.2,300,0.18
2001,5,7,15,753,956,82,19,-4,20,784,5.7,310,0.18
2001,5,7,16,576,906,84,19,-5,18,785,5.7,320,0.18
2001,5,7,17,375,829,77,18,-4,21,784,6.7,320,0.18
2001,5,7,18,180,627,77,16,-4,24,783,5.1,310,0.18
2001,5,7,19,0,0,0,11,-3,36,780,2.6,330,0.18
2001,5,7,20,0,0,0,8,-3,44,778,4.1,360,0.18
2001,5,7,21,0,0,0,7,-3,48,777,4.1,330,0.18
2001,5,7,22,0,0,0,4,-3,59,775,1.5,230,0.18
2001,5,7,23,0,0,0,3,-4,58,775,5.1,280,0.18
2001,5,8,0,0,0,0,3,-3,63,774,2.6,270,0.18
2001,5,8,1,0,0,0,1,-3,72,773,4.1,250,0.18
2001,5,8,2,0,0,0,2,-4,62,773,3.6,320,0.18
2001,5,8,3,0,0,0,0.5,-4.2,68,773,3.9,310,0.18
2001,5,8,4,0,0,0,-0.9,-4.4,75,772,4.3,300,0.18
2001,5,8,5,2,110,1,-1,-4,78,772,4.6,290,0.18
2001,5,8,6,152,627,28,4,-3,59,775,2.6,290,0.18
2001,5,8,7,366,799,52,9,-3,41,779,3.1,40,0.18
2001,5,8,8,579,858,87,13,-3,32,781,3.4,80,0.18
2001,5,8,9,769,960,71,16,-3,26,783,3.6,120,0.18
2001,5,8,10,917,993,80,17,-2,27,784,4.6,160,0.18
2001,5,8,11,1004,1005,84,18,-2,25,784,4.6,140,0.18
2001,5,8,12,1043,1022,86,19,-2,24,784,3.6,170,0.18
2001,5,8,13,1011,1015,90,19,-2,24,784,2.6,150,0.18
2001,5,8,14,902,986,85,20,-3,20,784,4.1,120,0.18
2001,5,8,15,753,629,310,21,-3,19,784,6.7,130,0.18
2001,5,8,16,114,0,114,19,-3,22,782,2.1,90,0.18
2001,5,8,17,205,103,168,18.5,-3,22,781,4.6,40,0.18
2001,5,8,18,25,0,25,17,-3,25,780,7.2,360,0.18
2001,5,8,19,0,0,0,18,-6,18,780,3.6,60,0.18
2001,5,8,20,0,0,0,11,-1,43,776,6.2,270,0.18
2001,5,8,21,0,0,0,7,-1,56,773,2.6,290,0.18
2001,5,8,22,0,0,0,6,-1,60,772,3.6,290,0.18
2001,5,8,23,0,0,0,6,-2,55,772,2.1,290,0.18
2001,5,9,0,0,0,0,4,-2,64,770,2.6,260,0.18
2001,5,9,1,0,0,0,4,-2,64,770,4.1,290,0.18
2001,5,9,2,0,0,0,3,-2,68,769,4.1,280,0.18
2001,5,9,3,0,0,0,2,-3,67,768,4.1,280,0.18
2001,5,9,4,0,0,0,1.4,-3.3,69,768,4.4,280,0.18
2001,5,9,5,2,104,1,2,-3,67,769,4.6,280,0.18
2001,5,9,6,153,625,28,7,-1,56,772,2.6,300,0.18
2001,5,9,7,367,794,53,13,-3,32,775,3.4,290,0.18
2001,5,9,8,580,858,86,18,-3,23,778,4.3,270,0.18
2001,5,9,9,770,884,125,21,-4,18,781,5.1,260,0.18
2001,5,9,10,821,701,228,19,-4,20,779,5.1,360,0.18
2001,5,9,11,969,915,130,19,-5,18,780,11.3,290,0.18
2001,5,9,12,995,793,250,22,-3,18,781,11.3,250,0.18
2001,5,9,13,201,18,184,21,-4,18,780,4.6,160,0.18
2001,5,9,14,242,12,232,20,-4,19,779,5.7,60,0.18
2001,5,9,15,511,271,319,21.1,-3.3,19,779,4.6,40,0.18
2001,5,9,16,560,671,192,21,-1,23,779,3.6,10,0.18
2001,5,9,17,214,116,171,19,-3,22,778,1.5,340,0.18
2001,5,9,18,191,381,126,17,1,34,776,1.8,300,0.18
2001,5,9,19,0,0,0,9,1,57,771,2.1,270,0.18
2001,5,9,20,0,0,0,8,-3,44,770,3.1,270,0.18
2001,5,9,21,0,0,0,8,-4,41,769,1.5,330,0.18
2001,5,9,22,0,0,0,8,-6,34,770,2.1,310,0.18
2001,5,9,23,0,0,0,6,-5,43,769,2.1,320,0.18
2001,5,10,0,0,0,0,3,-5,53,766,2.1,330,0.18
2001,5,10,1,0,0,0,5,-4,50,767,1.8,330,0.18
2001,5,10,2,0,0,0,4,-5,49,767,1.5,330,0.18
2001,5,10,3,0,0,0,4,-4,54,767,4.1,330,0.18
2001,5,10,4,0,0,0,4,-4,54,767,1.5,310,0.18
2001,5,10,5,2,55,2,3,-3,63,767,3.6,280,0.18
2001,5,10,6,124,338,55,9,-1,49,771,3.6,270,0.18
2001,5,10,7,291,353,150,12,0,44,775,2.1,270,0.18
2001,5,10,8,570,754,134,16,2,39,777,2.6,270,0.18
2001,5,10,9,759,943,70,19,-4,20,779,3.1,280,0.18
2001,5,10,10,901,898,140,21,-4,18,780,5.7,280,0.18
2001,5,10,11,898,652,299,21,-4,18,780,6.2,280,0.18
2001,5,10,12,315,36,281,21,-6,15,780,5.7,280,0.18
2001,5,10,13,740,326,443,22,-4,17,781,8.2,300,0.18
2001,5,10,14,189,6,184,20,-5,17,779,4.6,310,0.18
2001,5,10,15,166,0,166,20,-3,20,779,5.1,300,0.18
2001,5,10,16,378,234,249,18,0,30,779,2.6,300,0.18
2001,5,10,17,74,0,74,19,-3,22,779,6.2,310,0.18
2001,5,10,18,184,345,124,18,-1,27,778,2.6,310,0.18
2001,5,10,19,0,0,0,11,3,58,774,2.6,220,0.18
2001,5,10,20,0,0,0,9,2,61,773,3.1,260,0.18
2001,5,10,21,0,0,0,7,0,61,772,4.1,260,0.18
2001,5,10,22,0,0,0,6,-1,60,771,3.1,280,0.18
2001,5,10,23,0,0,0,6,-1,60,771,4.1,280,0.18
2001,5,11,0,0,0,0,4,-1,69,770,4.6,280,0.18
2001,5,11,1,0,0,0,4,-1,69,770,4.1,290,0.18
2001,5,11,2,0,0,0,3,-1,74,770,3.6,270,0.18
2001,5,11,3,0,0,0,3,-2,68,770,4.6,280,0.18
2001,5,11,4,0,0,0,3,-2,68,771,4.6,290,0.18
2001,5,11,5,4,130,2,2.5,-2.1,70,772,4.1,290,0.18
2001,5,11,6,152,579,33,6,0,65,773,3.6,280,0.18
2001,5,11,7,369,779,57,12,-1,40,778,3.1,50,0.18
2001,5,11,8,566,812,94,17,-2,27,782,1.5,100,0.18
2001,5,11,9,760,902,99,18,-1,27,782,5.1,120,0.18
2001,5,11,10,907,975,79,19,-1,26,783,5.7,160,0.18
2001,5,11,11,998,897,173,21,-1,23,784,6.2,140,0.18
2001,5,11,12,819,469,377,21,-2,21,784,2.1,100,0.18
2001,5,11,13,439,115,335,21,-0.3,24,784,3.1,50,0.18
2001,5,11,14,888,791,229,21,1,26,784,4.1,10,0.18
2001,5,11,15,710,746,181,22,-1,21,784,2.6,90,0.18
2001,5,11,16,430,304,262,19,-2,24,782,1.5,160,0.18
2001,5,11,17,378,599,157,18,1,32,781,3.1,220,0.18
2001,5,11,18,200,669,83,18,1,32,780,3.6,10,0.18
2001,5,11,19,0,0,0,14,0,38,777,2.6,20,0.18
2001,5,11,20,0,0,0,12,0,44,776,1.5,30,0.18
2001,5,11,21,0,0,0,6,1,70,773,2.1,220,0.18
2001,5,11,22,0,0,0,6,1,70,772,3.6,270,0.18
2001,5,11,23,0,0,0,6,1,70,772,4.6,280,0.18
2001,5,12,0,0,0,0,4,0,75,771,3.6,270,0.18
2001,5,12,1,0,0,0,3,0,81,770,3.1,270,0.18
2001,5,12,2,0,0,0,3,-1,74,771,2.6,260,0.18
2001,5,12,3,0,0,0,2,-1,80,770,2.1,280,0.18
2001,5,12,4,0,0,0,2,-1,80,770,2.1,270,0.18
2001,5,12,5,5,154,2,3,-1,74,772,2.6,260,0.18
2001,5,12,6,160,626,30,4,-1,69,772,3.6,270,0.18
2001,5,12,7,374,791,56,12,-1,40,778,1.5,270,0.18
2001,5,12,8,566,830,83,18,-4,21,781,4.6,160,0.18
2001,5,12,9,744,872,103,20,-6,16,783,4.1,140,0.18
2001,5,12,10,913,939,114,21,-4,18,783,4.6,150,0.18
2001,5,12,11,1010,1005,84,22,-4,17,783,5.1,140,0.18
2001,5,12,12,1043,1016,85,22,-2,20,783,7.2,160,0.18
2001,5,12,13,1016,967,133,23,-2,18,783,6.2,150,0.18
2001,5,12,14,894,846,188,22,-3,18,782,6.2,150,0.18
2001,5,12,15,524,290,318,21,-2,21,781,5.1,170,0.18
2001,5,12,16,474,424,240,21,-2,21,781,6.7,160,0.18
2001,5,12,17,183,54,163,18,0,30,780,11.8,170,0.18
2001,5,12,18,194,374,127,16,1,36,779,4.1,120,0.18
2001,5,12,19,0,0,0,11,4,62,775,3.1,180,0.18
2001,5,12,20,0,0,0,13,3,51,775,3.1,170,0.18
2001,5,12,21,0,0,0,13,2,47,775,5.1,130,0.18
2001,5,12,22,0,0,0,12,2,50,775,4.1,140,0.18
2001,5,12,23,0,0,0,9,3,66,772,2.1,170,0.18
2001,5,13,0,0,0,0,10,3,62,773,2.1,140,0.18
2001,5,13,1,0,0,0,8,4,76,771,1.5,200,0.18
2001,5,13,2,0,0,0,11,3,58,773,4.6,150,0.18
2001,5,13,3,0,0,0,8,2,66,772,3.6,150,0.18
2001,5,13,4,0,0,0,7,2,70,771,2.1,160,0.18
2001,5,13,5,1,0,1,8,3,71,773,1.5,240,0.18
2001,5,13,6,28,0,28,8,4,76,774,2,250,0.18
2001,5,13,7,73,0,73,9,7,87,775,2.6,260,0.18
2001,5,13,8,107,0,107,10,8,87,776,3.1,270,0.18
2001,5,13,9,391,94,322,10,7,82,776,1.5,330,0.18
2001,5,13,10,811,583,314,12,7,71,777,2.6,20,0.18
2001,5,13,11,164,12,153,13,7,67,778,2.6,10,0.18
2001,5,13,12,982,787,239,15,6,55,778,2.1,40,0.18
2001,5,13,13,213,18,197,16,5,48,778,2.1,70,0.18
2001,5,13,14,144,0,144,16,5.1,48,778,4.5,90,0.18
2001,5,13,15,331,55,291,15.6,3.8,45,777,3.6,100,0.18
2001,5,13,16,376,196,267,15.6,3.4,44,777,4.1,120,0.18
2001,5,13,17,192,47,174,13.6,4.1,53,776,6.7,130,0.18
2001,5,13,18,209,428,132,11.7,4.7,62,776,2.5,120,0.18
2001,5,13,19,0,0,0,6.2,6.2,100,775,1.6,150,0.18
2001,5,13,20,0,0,0,6.3,5,91,775,2,190,0.18
2001,5,13,21,0,0,0,5.8,4.6,92,774,2.9,180,0.18
2001,5,13,22,0,0,0,4.3,4.3,100,774,2.8,200,0.18
2001,5,13,23,0,0,0,3.4,3.4,100,773,1.7,240,0.18
2001,5,14,0,0,0,0,3.9,3.6,98,773,1.6,230,0.18
2001,5,14,1,0,0,0,1.4,1.4,100,772,0.6,280,0.18
2001,5,14,2,0,0,0,4.5,2.9,89,772,3.1,270,0.18
2001,5,14,3,0,0,0,2,2,100,771,2.7,290,0.18
2001,5,14,4,0,0,0,2,2,100,771,2.1,300,0.18
2001,5,14,5,7,153,3,2,1,93,771,2.1,300,0.18
2001,5,14,6,166,639,29,7,4,81,774,2.1,290,0.18
2001,5,14,7,385,814,53,11,4,62,777,1.5,30,0.18
2001,5,14,8,587,883,70,14,5,55,779,2.9,340,0.18
2001,5,14,9,761,819,156,15.6,3.4,44,780,4.3,290,0.18
2001,5,14,10,732,458,341,17,2,36,781,5.7,240,0.18
2001,5,14,11,1010,909,170,17,1,34,780,7.7,270,0.18
2001,5,14,12,1037,1004,88,18,-3,23,781,5.1,240,0.18
2001,5,14,13,1016,1015,86,18,-3,23,780,3.6,280,0.18
2001,5,14,14,913,992,83,19,-1,26,780,8.2,280,0.18
2001,5,14,15,764,912,112,19,-4,20,780,7.2,260,0.18
2001,5,14,16,578,884,85,19,-4,20,780,6.2,280,0.18
2001,5,14,17,391,840,76,18,-4,21,780,6.2,250,0.18
2001,5,14,18,203,663,82,16,-3,26,778,5.1,250,0.18
2001,5,14,19,0,0,0,10,-2,42,774,4.1,230,0.18
2001,5,14,20,0,0,0,8,-3,44,773,4.6,290,0.18
2001,5,14,21,0,0,0,7,-2,52,773,4.1,280,0.18
2001,5,14,22,0,0,0,5,-2,59,771,4.6,270,0.18
2001,5,14,23,0,0,0,6,-2,55,772,4.1,290,0.18
2001,5,15,0,0,0,0,6,-3,51,772,3.6,280,0.18
2001,5,15,1,0,0,0,3,-3,63,769,2.1,290,0.18
2001,5,15,2,0,0,0,6,-3,51,771,3.6,280,0.18
2001,5,15,3,0,0,0,4,-3,59,770,3.6,290,0.18
2001,5,15,4,0,0,0,7,-3,48,771,3.6,270,0.18
2001,5,15,5,7,154,3,6,-2,55,771,2.1,270,0.18
2001,5,15,6,160,575,36,10,-1,46,775,2.4,290,0.18
2001,5,15,7,372,747,66,15,-3,28,778,2.6,310,0.18
2001,5,15,8,583,836,91,17,-4,23,780,4.1,290,0.18
2001,5,15,9,766,820,160,18,-3,23,780,5.7,280,0.18
2001,5,15,10,652,303,393,19,-3,22,781,4.6,320,0.18
2001,5,15,11,722,359,390,19.6,-2,23,780,5.6,330,0.18
2001,5,15,12,722,343,397,20,-1,24,780,6.7,330,0.18
2001,5,15,13,483,91,400,19,0,28,780,5.1,320,0.18
2001,5,15,14,672,353,376,20,0,26,780,3.1,330,0.18
2001,5,15,15,481,197,340,19,1,30,779,5.7,330,0.18
2001,5,15,16,458,391,238,21,2,28,780,5.1,310,0.18
2001,5,15,17,326,588,104,19,1,30,779,5.1,310,0.18
2001,5,15,18,158,389,86,17,1,34,777,4.1,310,0.18
2001,5,15,19,0,59,0,16,1,36,776,3.1,270,0.18
2001,5,15,20,0,0,0,14,1,41,775,2.1,280,0.18
2001,5,15,21,0,0,0,14,-1,35,775,4.6,280,0.18
2001,5,15,22,0,0,0,12,-2,37,774,3.6,290,0.18
2001,5,15,23,0,0,0,9,0,53,772,2.6,10,0.18
2001,5,16,0,0,0,0,9,-1,49,771,1.5,270,0.18
2001,5,16,1,0,0,0,8,1,61,770,2.1,280,0.18
2001,5,16,2,0,0,0,9,-3,41,770,3.1,290,0.18
2001,5,16,3,0,0,0,6,-2,55,769,2.1,250,0.18
2001,5,16,4,0,0,0,5,-2,59,768,2.1,290,0.18
2001,5,16,5,9,183,3,4,-2,64,768,1.5,320,0.18
2001,5,16,6,168,602,37,11,0,47,773,2.6,260,0.18
2001,5,16,7,331,495,128,16,-3,26,776,3.1,280,0.18
2001,5,16,8,588,802,116,17,-1,29,776,3.6,290,0.18
2001,5,16,9,756,914,78,19,3,34,777,6.7,330,0.18
2001,5,16,10,908,862,169,19.6,2.6,32,777,6.2,320,0.18
2001,5,16,11,822,490,367,19.9,2.3,31,777,5.6,310,0.18
2001,5,16,12,388,48,343,20,2,30,777,5.1,300,0.18
2001,5,16,13,207,6,201,21,4,33,778,5.7,320,0.18
2001,5,16,14,711,414,363,20,3,32,776,5.7,320,0.18
2001,5,16,15,344,68,295,18,4,39,775,4.6,340,0.18
2001,5,16,16,97,0,97,17,7,52,775,4.1,340,0.18
2001,5,16,17,325,371,184,17,6,48,775,2.6,350,0.18
2001,5,16,18,192,488,101,16,5,48,773,2.6,320,0.18
2001,5,16,19,0,79,0,14,4,51,772,3.6,360,0.18
2001,5,16,20,0,0,0,12,4,58,771,5.1,360,0.18
2001,5,16,21,0,0,0,10,3,62,770,4.1,320,0.18
2001,5,16,22,0,0,0,10,3,62,769,4.1,340,0.18
2001,5,16,23,0,0,0,10,3,62,769,2.1,30,0.18
2001,5,17,0,0,0,0,7,3,76,768,3.1,20,0.18
2001,5,17,1,0,0,0,6,3,81,767,3.1,10,0.18
2001,5,17,2,0,0,0,7,4,81,768,3.1,350,0.18
2001,5,17,3,0,0,0,7,4,81,768,2.1,360,0.18
2001,5,17,4,0,0,0,7,4,81,769,3.1,350,0.18
2001,5,17,5,4,2,4,7,4,81,769,3.1,310,0.18
2001,5,17,6,85,20,80,8,5,81,770,4.6,350,0.18
2001,5,17,7,124,0,124,10,6,76,772,7.2,30,0.18
2001,5,17,8,241,35,220,8,4,76,771,9.8,30,0.18
2001,5,17,9,740,725,201,10,5,71,772,7.7,30,0.18
2001,5,17,10,845,743,208,13,4,54,774,4.6,50,0.18
2001,5,17,11,822,538,323,16,4,45,775,5.1,310,0.18
2001,5,17,12,1055,919,182,17,4,42,776,4.1,340,0.18
2001,5,17,13,1022,888,205,17,4,42,776,4.1,10,0.18
2001,5,17,14,652,310,391,19,1,30,776,4.1,360,0.18
2001,5,17,15,756,807,175,19.1,0.2,28,776,4.9,340,0.18
2001,5,17,16,591,902,83,18,1,32,775,5.7,310,0.18
2001,5,17,17,396,843,74,18,0,30,775,4.6,330,0.18
2001,5,17,18,207,668,80,16,-1,31,774,4.6,340,0.18
2001,5,17,19,1,115,0,13,0,41,773,2.6,320,0.18
2001,5,17,20,0,0,0,6,1,70,770,2.1,240,0.18
2001,5,17,21,0,0,0,6,1,70,770,2.1,300,0.18
2001,5,17,22,0,0,0,3,0,81,767,2.6,250,0.18
2001,5,17,23,0,0,0,6,1,70,769,4.1,280,0.18
2001,5,18,0,0,0,0,4,0,75,767,4.6,280,0.18
2001,5,18,1,0,0,0,3,-1,74,766,1.5,290,0.18
2001,5,18,2,0,0,0,3,-1,74,766,2.6,280,0.18
2001,5,18,3,0,0,0,1,-1,86,765,2.4,280,0.18
2001,5,18,4,0,0,0,1,-1,86,765,2.3,290,0.18
2001,5,18,5,10,180,4,3,0,81,767,2.1,290,0.18
2001,5,18,6,170,458,68,7,2,70,770,1.5,280,0.18
2001,5,18,7,115,0,115,13,4,54,773,4.1,220,0.18
2001,5,18,8,318,93,262,16,4,45,776,6.7,150,0.18
2001,5,18,9,381,88,315,16,3,42,776,5.7,130,0.18
2001,5,18,10,800,541,335,18,3,37,778,4.1,260,0.18
2001,5,18,11,170,6,165,17,3,39,776,4.1,140,0.18
2001,5,18,12,176,0,176,19,3,34,777,4.1,220,0.18
2001,5,18,13,439,60,383,17,3,39,776,9.3,200,0.18
2001,5,18,14,143,0,143,17.2,3.7,41,776,6.7,210,0.18
2001,5,18,15,144,0,144,18,3,37,776,4.1,220,0.18
2001,5,18,16,172,0,172,15.1,5.5,53,775,4.4,250,0.18
2001,5,18,17,179,40,164,12,8,76,774,4.6,280,0.18
2001,5,18,18,202,386,128,10,8,87,772,7.2,30,0.18
2001,5,18,19,1,71,1,9,7,87,771,2.6,20,0.18
2001,5,18,20,0,0,0,7.6,7.3,98,771,2.2,10,0.18
2001,5,18,21,0,0,0,7.1,7.1,100,771,1.9,350,0.18
2001,5,18,22,0,0,0,7,7,100,771,1.5,340,0.18
2001,5,18,23,0,0,0,6.9,6.9,100,771,2.1,360,0.18
2001,5,19,0,0,0,0,7,7,100,771,2.6,10,0.18
2001,5,19,1,0,0,0,7,6,93,771,2.1,350,0.18
2001,5,19,2,0,0,0,7,6,93,770,1.5,320,0.18
2001,5,19,3,0,0,0,6,6,100,769,1.5,330,0.18
2001,5,19,4,0,0,0,6,6,100,770,2.1,290,0.18
2001,5,19,5,12,211,4,6,6,100,771,2.1,330,0.18
2001,5,19,6,182,627,41,8,6,87,773,2.1,10,0.18
2001,5,19,7,360,653,88,8,7,93,773,3.6,30,0.18
2001,5,19,8,497,482,211,12,7,71,775,2.6,40,0.18
2001,5,19,9,397,94,327,13,6,62,775,3,60,0.18
2001,5,19,10,738,482,323,13.3,5.9,61,775,3.4,80,0.18
2001,5,19,11,781,472,341,13.2,6,62,775,3.7,90,0.18
2001,5,19,12,649,222,437,13,6,62,775,4.1,110,0.18
2001,5,19,13,420,30,392,12,7,71,774,4.6,100,0.18
2001,5,19,14,443,55,397,12,6,67,774,2.6,50,0.18
2001,5,19,15,549,326,313,12,7,71,774,4.1,30,0.18
2001,5,19,16,567,712,163,12,7,71,773,2.1,320,0.18
2001,5,19,17,384,800,75,15,5,51,775,5.1,40,0.18
2001,5,19,18,179,573,68,14,5,55,774,4.6,330,0.18
2001,5,19,19,2,111,1,11,2,54,773,4.1,340,0.18
2001,5,19,20,0,0,0,11,1,50,773,4.1,320,0.18
2001,5,19,21,0,0,0,10,-2,42,772,4.1,320,0.18
2001,5,19,22,0,0,0,5,-1,64,769,4.1,300,0.18
2001,5,19,23,0,0,0,4,-1,69,768,4.1,280,0.18
2001,5,20,0,0,0,0,2,-2,73,767,3.1,280,0.18
2001,5,20,1,0,0,0,1,-2,79,766,3.6,280,0.18
2001,5,20,2,0,0,0,2,-3,67,767,3.6,340,0.18
2001,5,20,3,0,0,0,3,-3,63,768,2.1,40,0.18
2001,5,20,4,0,0,0,4,-5,49,768,3.6,340,0.18
2001,5,20,5,12,210,4,6,-5,43,769,5.1,270,0.18
2001,5,20,6,179,653,31,10,-4,36,771,4.1,310,0.18
2001,5,20,7,398,822,54,12,-3,34,773,5.1,360,0.18
2001,5,20,8,605,895,72,14,-2,32,774,5.7,300,0.18
2001,5,20,9,778,944,74,16,-4,24,775,8.7,330,0.18
2001,5,20,10,891,892,123,16,-5,22,776,7.7,290,0.18
2001,5,20,11,1034,963,137,17,-4,23,777,8.7,320,0.18
2001,5,20,12,1061,1016,93,18,-3,23,777,9.3,320,0.18
2001,5,20,13,1028,1015,90,19,-3,22,777,7.2,310,0.18
2001,5,20,14,925,992,86,19,-3,22,777,10.8,330,0.18
2001,5,20,15,775,954,84,19,-3,22,776,9.8,330,0.18
2001,5,20,16,596,901,84,19,-3,22,776,9.8,350,0.18
2001,5,20,17,400,839,75,18.5,-3,22,775,8.8,330,0.18
2001,5,20,18,211,676,78,17,-3,25,774,7.7,310,0.18
2001,5,20,19,2,138,1,14,-3,30,772,6.2,320,0.18
2001,5,20,20,0,0,0,14,-3,30,772,6.7,310,0.18
2001,5,20,21,0,0,0,13,-3,32,771,6.7,310,0.18
2001,5,20,22,0,0,0,12,-3,34,770,6.7,340,0.18
2001,5,20,23,0,0,0,10,-3,39,770,6.2,360,0.18
2001,5,21,0,0,0,0,8,-4,41,768,4.6,310,0.18
2001,5,21,1,0,0,0,8,-6,34,769,6.7,360,0.18
2001,5,21,2,0,0,0,6,-6,39,769,2.1,280,0.18
2001,5,21,3,0,0,0,4,-6,45,768,4.1,300,0.18
2001,5,21,4,0,0,0,3,-7,45,768,4.1,290,0.18
2001,5,21,5,14,242,4,3,-5,53,768,2.6,290,0.18
2001,5,21,6,180,644,33,6,-5,43,771,2.6,320,0.18
2001,5,21,7,393,806,55,9.3,-5.6,33,773,3.4,360,0.18
2001,5,21,8,605,895,71,11,-7,26,775,4.1,40,0.18
2001,5,21,9,773,938,72,12,-6,26,776,5.1,30,0.18
2001,5,21,10,942,952,122,13.2,-6,24,777,3.3,70,0.18
2001,5,21,11,1034,1011,91,14,-6,23,777,1.5,110,0.18
2001,5,21,12,1061,1016,92,16,-4,24,778,4.1,150,0.18
2001,5,21,13,1027,1015,89,17,-4,23,779,3.1,200,0.18
2001,5,21,14,924,992,84,17,-4,23,779,1.5,240,0.18
2001,5,21,15,774,911,113,18,-4,21,780,5.7,290,0.18
2001,5,21,16,581,850,96,19,-4,20,780,6.2,320,0.18
2001,5,21,17,399,838,72,17,-6,19,779,6.7,320,0.18
2001,5,21,18,206,714,64,16,-7,19,779,6.7,300,0.18
2001,5,21,19,3,153,1,12,-6,26,776,4.1,350,0.18
2001,5,21,20,0,0,0,10,-6,30,776,3.6,270,0.18
2001,5,21,21,0,0,0,8,-6,34,775,3.6,280,0.18
2001,5,21,22,0,0,0,8,-7,32,775,5.1,280,0.18
2001,5,21,23,0,0,0,8,-7,32,775,5.7,320,0.18
2001,5,22,0,0,0,0,6,-5,43,773,4.6,10,0.18
2001,5,22,1,0,0,0,3,-5,53,771,3.1,290,0.18
2001,5,22,2,0,0,0,1,-6,56,770,2.1,10,0.18
2001,5,22,3,0,0,0,2,-6,52,771,2.6,300,0.18
2001,5,22,4,0,0,0,2,-7,48,771,3.1,290,0.18
2001,5,22,5,15,244,4,1,-6,56,771,3.6,280,0.18
2001,5,22,6,184,661,32,7,-4,44,775,3.1,330,0.18
2001,5,22,7,399,817,54,11,-4,33,778,2.6,10,0.18
2001,5,22,8,596,872,74,14,-4,27,780,3.6,60,0.18
2001,5,22,9,762,879,104,17,-4,23,782,2.1,60,0.18
2001,5,22,10,931,940,120,18,-3,23,782,2.6,50,0.18
2001,5,22,11,1016,999,83,19,-2,24,783,2.1,50,0.18
2001,5,22,12,1055,1010,90,21,-4,18,784,3.6,110,0.18
2001,5,22,13,1021,1009,87,21,-2,21,784,3.1,200,0.18
2001,5,22,14,924,992,83,22,-2,20,784,4.6,280,0.18
2001,5,22,15,781,954,87,23,-2,18,784,4.1,310,0.18
2001,5,22,16,602,907,84,22,-4,17,783,6.7,310,0.18
2001,5,22,17,407,844,76,22,-6,14,783,4.6,300,0.18
2001,5,22,18,219,708,77,19,-4,20,781,7.2,310,0.18
2001,5,22,19,4,159,1,15,-4,26,779,3.6,350,0.18
2001,5,22,20,0,0,0,10,-2,42,776,3.1,320,0.18
2001,5,22,21,0,0,0,7,-2,52,774,2.6,280,0.18
2001,5,22,22,0,0,0,4,-3,59,772,2.1,250,0.18
2001,5,22,23,0,0,0,3,-4,58,772,2.1,210,0.18
2001,5,23,0,0,0,0,2,-4,62,771,1.5,260,0.18
2001,5,23,1,0,0,0,3,-4,58,771,2.6,270,0.18
2001,5,23,2,0,0,0,1,-5,61,770,3.1,260,0.18
2001,5,23,3,0,0,0,0.9,-5.5,59,770,3.9,270,0.18
2001,5,23,4,0,0,0,1,-6,56,770,4.6,280,0.18
2001,5,23,5,16,268,5,1,-6,56,770,1.5,280,0.18
2001,5,23,6,192,672,36,9,-4,38,775,2.6,320,0.18
2001,5,23,7,404,806,63,13,-2,35,778,3.6,40,0.18
2001,5,23,8,621,919,71,17,-3,25,781,3.6,30,0.18
2001,5,23,9,790,962,69,19,-8,14,782,3.9,40,0.18
2001,5,23,10,931,987,78,21,-4,18,784,4.1,40,0.18
2001,5,23,11,1034,1011,89,22,-6,14,784,3.6,330,0.18
2001,5,23,12,1061,1016,90,22,-5,15,784,2.6,90,0.18
2001,5,23,13,1021,1009,86,23,-3,17,784,2.6,120,0.18
2001,5,23,14,924,991,81,24,-3,16,785,1.5,70,0.18
2001,5,23,15,774,911,110,24,-3,16,784,2.6,10,0.18
2001,5,23,16,594,888,85,24,-4,15,784,6.7,320,0.18
2001,5,23,17,405,843,73,24,-6,12,783,6.2,330,0.18
2001,5,23,18,215,685,76,22,-7,13,781,4.6,300,0.18
2001,5,23,19,4,160,2,19,-9,13,779,5.1,320,0.18
2001,5,23,20,0,0,0,13,-8,21,776,3.1,60,0.18
2001,5,23,21,0,0,0,6,-4,47,772,2.6,230,0.18
2001,5,23,22,0,0,0,9,-7,29,774,4.6,280,0.18
2001,5,23,23,0,0,0,7,-7,34,772,1.5,290,0.18
2001,5,24,0,0,0,0,6,-7,36,772,3.6,300,0.18
2001,5,24,1,0,0,0,5,-7,39,771,4.1,270,0.18
2001,5,24,2,0,0,0,4,-7,42,770,4.6,280,0.18
2001,5,24,3,0,0,0,4,-7,42,770,3.6,300,0.18
2001,5,24,4,0,0,0,3,-7,45,770,4.6,280,0.18
2001,5,24,5,17,270,5,5,-6,42,771,4.6,280,0.18
2001,5,24,6,193,673,36,11,-4,33,775,2.1,300,0.18
2001,5,24,7,395,784,63,16,-3,26,778,2.4,350,0.18
2001,5,24,8,606,861,89,19,-3,22,781,2.6,40,0.18
2001,5,24,9,785,950,71,22,-3,18,783,3.1,60,0.18
2001,5,24,10,914,958,85,23,-2,18,783,2.6,10,0.18
2001,5,24,11,1016,951,126,25,-2,16,784,6.2,320,0.18
2001,5,24,12,988,799,223,24,-2,17,783,5.1,350,0.18
2001,5,24,13,432,103,337,23,-2,18,783,4.1,350,0.18
2001,5,24,14,787,590,285,24,-2,17,783,5.1,280,0.18
2001,5,24,15,773,812,180,22,-1,21,782,6.7,50,0.18
2001,5,24,16,467,384,247,22.1,-1,21,782,5,80,0.18
2001,5,24,17,299,354,158,22,-1,21,782,3.2,120,0.18
2001,5,24,18,211,418,126,20,3,32,780,1.5,150,0.18
2001,5,24,19,5,102,3,20,-3,20,779,2.6,300,0.18
2001,5,24,20,0,0,0,19,-3,22,778,5.7,300,0.18
2001,5,24,21,0,0,0,16,-2,28,776,1.5,290,0.18
2001,5,24,22,0,0,0,12,-1,40,774,2.1,280,0.18
2001,5,24,23,0,0,0,10,-2,42,773,4.1,280,0.18
2001,5,25,0,0,0,0,9,-2,45,773,4.1,290,0.18
2001,5,25,1,0,0,0,7,-2,52,771,4.1,270,0.18
2001,5,25,2,0,0,0,7,-2,52,771,4.1,290,0.18
2001,5,25,3,0,0,0,5,-2,59,770,4.6,280,0.18
2001,5,25,4,0,0,0,4,-3,59,770,4.6,280,0.18
2001,5,25,5,18,271,5,5,-3,55,771,3.6,290,0.18
2001,5,25,6,194,669,37,11,-1,43,775,2.6,280,0.18
2001,5,25,7,400,807,57,16,-1,31,777,2.1,50,0.18
2001,5,25,8,607,890,71,20,1,28,779,3.4,350,0.18
2001,5,25,9,785,950,70,23,-3,17,781,4.6,290,0.18
2001,5,25,10,926,934,117,24,-4,15,782,5.7,320,0.18
2001,5,25,11,940,736,251,25,-2,16,783,5.1,320,0.18
2001,5,25,12,588,168,427,24,-1,19,782,5.7,260,0.18
2001,5,25,13,933,713,271,26,-2,15,783,6.2,270,0.18
2001,5,25,14,650,298,396,24,-2,17,782,2.6,260,0.18
2001,5,25,15,759,800,174,24.6,-1.8,17,782,3.6,250,0.18
2001,5,25,16,578,824,103,24,0,20,782,4.6,240,0.18
2001,5,25,17,412,627,162,23,-2,18,781,8.2,240,0.18
2001,5,25,18,80,0,80,22,-1,21,779,4.6,230,0.18
2001,5,25,19,2,0,2,16,-1,31,775,2.6,250,0.18
2001,5,25,20,0,0,0,11,1,50,773,1.5,290,0.18
2001,5,25,21,0,0,0,9,-3,41,771,2.1,40,0.18
2001,5,25,22,0,0,0,8,-2,48,770,3.6,290,0.18
2001,5,25,23,0,0,0,9,-3,41,771,4.6,280,0.18
2001,5,26,0,0,0,0,7,-3,48,770,2.6,70,0.18
2001,5,26,1,0,0,0,7,-3,48,770,2.4,10,0.18
2001,5,26,2,0,0,0,5,-3,55,769,2.3,320,0.18
2001,5,26,3,0,0,0,3,-3,63,767,2.1,260,0.18
2001,5,26,4,0,0,0,1,-4,67,766,1.5,250,0.18
2001,5,26,5,18,269,5,3,-3,63,768,2.1,260,0.18
2001,5,26,6,194,670,36,11,-1,43,772,2.4,260,0.18
2001,5,26,7,400,807,56,17,-1,29,777,2.8,260,0.18
2001,5,26,8,602,873,76,20,-3,20,779,3.1,260,0.18
2001,5,26,9,779,903,100,22,-2,20,780,4.6,250,0.18
2001,5,26,10,943,946,123,22,-3,18,780,4.1,280,0.18
2001,5,26,11,1034,1011,86,23,-4,16,780,5.7,190,0.18
2001,5,26,12,1067,1016,93,24,-3,16,781,6.2,210,0.18
2001,5,26,13,1020,1003,88,23,-2,18,780,5.1,260,0.18
2001,5,26,14,930,991,84,24,-1,19,780,7.7,220,0.18
2001,5,26,15,772,904,109,23,-2,18,780,8.2,250,0.18
2001,5,26,16,600,887,87,23,-2,18,780,7.2,240,0.18
2001,5,26,17,410,840,75,22,-2,20,778,7,250,0.18
2001,5,26,18,220,704,73,20,-2,22,776,6.7,260,0.18
2001,5,26,19,7,186,2,17,-3,25,774,4.1,260,0.18
2001,5,26,20,0,0,0,11,-3,36,770,2.6,270,0.18
2001,5,26,21,0,0,0,9,-3,41,769,2.1,270,0.18
2001,5,26,22,0,0,0,8,-2,48,768,1.5,270,0.18
2001,5,26,23,0,0,0,8,-2,48,768,5.7,270,0.18
2001,5,27,0,0,0,0,8,-3,44,768,4.6,280,0.18
2001,5,27,1,0,0,0,8,-4,41,767,4.6,280,0.18
2001,5,27,2,0,0,0,4,-2,64,765,3.1,230,0.18
2001,5,27,3,0,0,0,3,-2,68,765,1.5,220,0.18
2001,5,27,4,0,0,0,2,-3,67,764,2.1,240,0.18
2001,5,27,5,19,269,5,4,-2,64,766,1.5,240,0.18
2001,5,27,6,195,666,37,11,1,50,770,1.5,240,0.18
2001,5,27,7,405,819,56,17,1,34,774,1.5,240,0.18
2001,5,27,8,597,861,77,19,0,28,775,5.7,240,0.18
2001,5,27,9,763,903,83,20,1,28,776,2.1,220,0.18
2001,5,27,10,914,958,83,21,1,26,777,5.7,200,0.18
2001,5,27,11,987,909,134,22,-1,21,777,6.2,220,0.18
2001,5,27,12,964,793,202,22,-2,20,776,3.1,240,0.18
2001,5,27,13,920,755,217,23,0,22,776,6.2,260,0.18
2001,5,27,14,780,596,271,22.7,0.7,23,776,5.6,250,0.18
2001,5,27,15,567,320,332,23,0,22,776,5.1,230,0.18
2001,5,27,16,311,57,278,22,-1,21,776,7.2,200,0.18
2001,5,27,17,235,120,187,21,-2,21,775,6.2,210,0.18
2001,5,27,18,155,307,90,19,0,28,773,3.1,190,0.18
2001,5,27,19,5,84,3,17,-3,25,770,4.6,210,0.18
2001,5,27,20,0,0,0,12,0,44,768,1.5,270,0.18
2001,5,27,21,0,0,0,13,0,41,768,4.6,260,0.18
2001,5,27,22,0,0,0,11,1,50,767,2.6,260,0.18
2001,5,27,23,0,0,0,11,1,50,767,3.1,280,0.18
2001,5,28,0,0,0,0,10,1,54,766,2.1,190,0.18
2001,5,28,1,0,0,0,8,1,61,764,2.1,220,0.18
2001,5,28,2,0,0,0,7,1,66,764,1.5,210,0.18
2001,5,28,3,0,0,0,4,-2,64,762,1.9,230,0.18
2001,5,28,4,0,0,0,4,-1,69,762,2.2,250,0.18
2001,5,28,5,4,0,4,5,-1,64,763,2.6,270,0.18
2001,5,28,6,41,0,41,8,0,57,765,2.1,270,0.18
2001,5,28,7,117,0,117,11,1,50,767,2.6,290,0.18
2001,5,28,8,602,722,166,13,1,44,769,2.4,240,0.18
2001,5,28,9,763,903,82,17,-3,25,771,2.1,200,0.18
2001,5,28,10,920,928,114,18,-3,23,771,4.1,150,0.18
2001,5,28,11,1040,963,136,19,-3,22,772,4.6,120,0.18
2001,5,28,12,1066,919,183,20,-4,19,772,5.7,140,0.18
2001,5,28,13,832,519,348,21,-4,18,773,4.6,140,0.18
2001,5,28,14,760,566,276,21,-5,16,773,3.6,120,0.18
2001,5,28,15,574,326,334,20,-4,19,773,3.1,190,0.18
2001,5,28,16,340,107,278,17,-1,29,772,5.7,310,0.18
2001,5,28,17,182,33,169,16,-3,26,771,7.2,250,0.18
2001,5,28,18,183,263,127,15,-1,33,771,5.7,300,0.18
2001,5,28,19,7,74,5,13,-1,38,770,5.7,270,0.18
2001,5,28,20,0,0,0,12,-1,40,769,4.1,270,0.18
2001,5,28,21,0,0,0,13,0,41,770,5.7,320,0.18
2001,5,28,22,0,0,0,13,0,41,770,5.1,350,0.18
2001,5,28,23,0,0,0,12,1,47,769,4.6,20,0.18
2001,5,29,0,0,0,0,11.3,1.5,51,769,4.9,10,0.18
2001,5,29,1,0,0,0,11,2,54,769,5.1,350,0.18
2001,5,29,2,0,0,0,8,2,66,767,3.6,360,0.18
2001,5,29,3,0,0,0,8,1,61,767,5.7,320,0.18
2001,5,29,4,0,0,0,6,2,75,767,2.1,50,0.18
2001,5,29,5,20,267,6,8,3,71,769,3.6,310,0.18
2001,5,29,6,185,615,37,12,3,54,772,2.1,340,0.18
2001,5,29,7,387,734,72,15,3,44,774,3.1,360,0.18
2001,5,29,8,597,832,94,17,2,36,775,2.1,30,0.18
2001,5,29,9,769,879,105,18,2,34,776,3.6,60,0.18
2001,5,29,10,943,946,121,20,2,30,777,2.1,70,0.18
2001,5,29,11,1040,1011,90,21,1,26,777,3.1,80,0.18
2001,5,29,12,1066,1015,90,22,1,25,778,4.6,360,0.18
2001,5,29,13,1032,1015,86,22,0,23,778,7.2,310,0.18
2001,5,29,14,922,936,120,23,0,22,779,8.7,300,0.18
2001,5,29,15,778,941,85,23,0,22,779,5.7,290,0.18
2001,5,29,16,605,892,85,23,-1,20,779,5.7,350,0.18
2001,5,29,17,407,791,87,22,-1,21,779,6.7,330,0.18
2001,5,29,18,226,741,66,20,0,26,777,3.6,330,0.18
2001,5,29,19,9,216,3,18,-1,27,776,4.6,360,0.18
2001,5,29,20,0,0,0,12,1,47,773,2.6,280,0.18
2001,5,29,21,0,0,0,9,0,53,772,3.4,280,0.18
2001,5,29,22,0,0,0,11,0,47,773,4.1,280,0.18
2001,5,29,23,0,0,0,6,1,70,770,3.9,280,0.18
2001,5,30,0,0,0,0,4,-1,69,769,3.8,290,0.18
2001,5,30,1,0,0,0,5,-1,64,770,3.6,290,0.18
2001,5,30,2,0,0,0,7,0,61,771,3.1,260,0.18
2001,5,30,3,0,0,0,6,0,65,771,3.1,280,0.18
2001,5,30,4,0,0,0,4,-1,69,770,2.6,260,0.18
2001,5,30,5,20,263,6,4,-1,69,771,4.1,270,0.18
2001,5,30,6,189,647,33,7,1,66,774,2.6,280,0.18
2001,5,30,7,411,808,63,14,0,38,779,1.5,330,0.18
2001,5,30,8,603,867,77,17,0,32,781,5.7,20,0.18
2001,5,30,9,763,897,86,19,0,28,783,2.6,360,0.18
2001,5,30,10,920,922,118,20.7,-3,19,784,5.1,330,0.18
2001,5,30,11,1022,993,89,22,-6,14,784,7.7,310,0.18
2001,5,30,12,1048,997,89,22.7,-5.4,14,784,5.1,340,0.18
2001,5,30,13,1032,936,158,22.8,-4.5,15,784,8.2,310,0.18
2001,5,30,14,870,815,171,23,-4,16,784,6.7,330,0.18
2001,5,30,15,778,762,215,22,-6,14,783,8.7,310,0.18
2001,5,30,16,383,188,273,21,-6,15,783,7.2,320,0.18
2001,5,30,17,363,564,133,21,-6,15,783,9.3,300,0.18
2001,5,30,18,208,519,95,18,-7,16,781,7.7,320,0.18
2001,5,30,19,9,156,4,16,-7,19,779,5.7,340,0.18
2001,5,30,20,0,0,0,13,-8,21,778,5.7,350,0.18
2001,5,30,21,0,0,0,13,-8,21,777,5.7,350,0.18
2001,5,30,22,0,0,0,11,-9,22,776,3.6,320,0.18
2001,5,30,23,0,0,0,9,-8,27,774,2.6,350,0.18
2001,5,31,0,0,0,0,8,-8,29,774,3.6,300,0.18
2001,5,31,1,0,0,0,7,-8,31,773,4.1,310,0.18
2001,5,31,2,0,0,0,7,-8,31,773,5.1,330,0.18
2001,5,31,3,0,0,0,6,-8,33,772,5.4,340,0.18
2001,5,31,4,0,0,0,7,-8,31,773,5.7,350,0.18
2001,5,31,5,22,300,6,4,-6,45,772,1.5,280,0.18
2001,5,31,6,201,679,37,13,-6,25,777,7.7,20,0.18
2001,5,31,7,402,786,63,16,-5,22,779,7.2,20,0.18
2001,5,31,8,613,891,73,17,-3,25,780,8.2,40,0.18
2001,5,31,9,774,891,101,19,-4,20,781,6.7,10,0.18
2001,5,31,10,943,946,120,20,-3,20,782,4.1,360,0.18
2001,5,31,11,1040,1011,89,21,-1,23,782,3.1,360,0.18
2001,5,31,12,1054,1003,88,22,-2,20,783,3.6,360,0.18
2001,5,31,13,1032,1015,84,23,-2,18,783,7.2,300,0.18
2001,5,31,14,935,942,126,24,-3,16,783,6.2,320,0.18
2001,5,31,15,784,910,111,23,-7,12,782,8.7,290,0.18
2001,5,31,16,604,917,67,23,-8,11,782,6.7,300,0.18
2001,5,31,17,414,869,59,22,-7,13,782,7.2,310,0.18
2001,5,31,18,235,716,78,20,-7,14,779,5.1,310,0.18
2001,5,31,19,11,221,4,17,-7,17,777,6.2,310,0.18
2001,5,31,20,0,0,0,15,-6,22,777,7.2,310,0.18
2001,5,31,21,0,0,0,13.2,-4.8,28,775,6.3,340,0.18
2001,5,31,22,0,0,0,11.3,-3.8,46,771,5.4,270,0.18
2001,5,31,23,0,0,0,9.5,-2.7,39,771,4.5,310,0.18
1999,6,1,0,0,0,0,7.7,-1.7,77,775,3.5,360,0.19
1999,6,1,1,0,0,0,5.9,-0.6,70,773,2.6,20,0.19
1999,6,1,2,0,0,0,4,0.3,84,772,1.7,20,0.19
1999,6,1,3,0,0,0,2.2,1.4,94,772,0.8,20,0.19
1999,6,1,4,0,0,0,2.2,1.9,98,771,0.9,30,0.19
1999,6,1,5,22,279,7,2.1,2.1,100,770,2.5,50,0.19
1999,6,1,6,193,663,33,8,5,81,769,2.6,60,0.19
1999,6,1,7,407,803,61,13,-10,17,772,1.5,250,0.19
1999,6,1,8,608,867,82,15,-10,15,774,4.6,130,0.19
1999,6,1,9,791,962,63,16,-9,16,774,5.1,160,0.19
1999,6,1,10,909,916,111,17,-9,15,775,6.2,220,0.19
1999,6,1,11,1034,969,122,18,-9,14,775,5.7,150,0.19
1999,6,1,12,1066,943,158,19,-6,17,776,5.7,210,0.19
1999,6,1,13,944,773,222,20,-6,16,776,7.7,230,0.19
1999,6,1,14,727,492,304,19,-8,14,776,6.2,220,0.19
1999,6,1,15,634,504,261,18,-8.4,14,775,7.5,150,0.19
1999,6,1,16,611,722,187,17,-5.8,19,775,12.3,280,0.19
1999,6,1,17,172,33,159,16,-5.1,22,774,11.5,260,0.19
1999,6,1,18,175,191,133,17,-2.5,26,773,10.7,270,0.19
1999,6,1,19,9,60,7,11,-3.9,34,772,8.2,290,0.19
1999,6,1,20,0,0,0,6,-3.3,50,771,5.9,300,0.19
1999,6,1,21,0,0,0,3,-2.6,65,771,5.2,300,0.19
1999,6,1,22,0,0,0,2,-2,73,770,4.6,310,0.19
1999,6,1,23,0,0,0,1,-1.4,83,769,4,300,0.19
1999,6,2,0,0,0,0,1,-0.8,87,768,5.6,340,0.19
1999,6,2,1,0,0,0,-2,-2,100,768,4.3,340,0.19
1999,6,2,2,0,0,0,-2,-2,100,767,3.5,340,0.19
1999,6,2,3,0,0,0,-1,-1,100,766,3.6,340,0.19
1999,6,2,4,0,0,0,-3,-3,100,765,4.4,360,0.19
1999,6,2,5,4,0,4,-1,-1,100,765,3,20,0.19
1999,6,2,6,34,0,34,6,5,93,764,2.1,180,0.19
1999,6,2,7,75,0,75,7,5,87,764,6.7,160,0.19
1999,6,2,8,103,0,103,6,5,93,763,7.7,170,0.19
1999,6,2,9,125,0,125,6,5,93,763,8.2,130,0.19
1999,6,2,10,148,0,148,6,5,93,763,7.2,150,0.19
1999,6,2,11,159,0,159,5,4,93,763,7.7,210,0.19
1999,6,2,12,188,0,188,4,0,75,763,5.7,210,0.19
1999,6,2,13,294,6,288,5,3,87,765,6.7,170,0.19
1999,6,2,14,370,24,349,6,1,70,766,8.2,220,0.19
1999,6,2,15,150,0,150,6.8,2.8,76,766,6.2,230,0.19
1999,6,2,16,140,0,140,9.5,0.5,53,766,7.6,200,0.19
1999,6,2,17,137,0,137,10.3,-0.8,46,766,7.1,200,0.19
1999,6,2,18,245,421,152,6,2,75,766,5.5,230,0.19
1999,6,2,19,13,135,8,0.8,0.8,100,765,3.4,220,0.19
1999,6,2,20,0,0,0,1.5,-1.5,79,765,10.1,250,0.19
1999,6,2,21,0,0,0,-1.8,-1.8,100,765,7,230,0.19
1999,6,2,22,0,0,0,-2,-2,100,765,3.9,310,0.19
1999,6,2,23,0,0,0,-3.3,-3.3,100,765,4.8,230,0.19
1999,6,3,0,0,0,0,-2.5,-2.5,100,765,0.2,270,0.19
1999,6,3,1,0,0,0,-2.8,-2.8,100,765,4.8,200,0.19
1999,6,3,2,0,0,0,-3,-3,100,765,6.8,200,0.19
1999,6,3,3,0,0,0,-3.3,-3.3,100,765,6.3,160,0.19
1999,6,3,4,0,0,0,-2.5,-2.5,100,765,4.2,180,0.19
1999,6,3,5,23,277,7,-0.8,-1.8,92,765,5.7,190,0.19
1999,6,3,6,187,592,42,5,0,70,764,4.6,160,0.19
1999,6,3,7,365,554,125,6,0,65,766,5.7,180,0.19
1999,6,3,8,443,297,263,8,-1,52,767,6.7,180,0.19
1999,6,3,9,665,561,241,10,-3,39,768,7.7,160,0.19
1999,6,3,10,915,862,163,10,-5,33,769,7.7,170,0.19
1999,6,3,11,1034,963,127,11,-5,31,769,7.7,180,0.19
1999,6,3,12,1060,1015,81,13,-5,27,770,8.2,190,0.19
1999,6,3,13,1025,1014,75,14,-7,21,770,8.7,180,0.19
1999,6,3,14,928,991,75,14,-6,23,770,7.2,180,0.19
1999,6,3,15,783,922,99,14.5,-7.4,20,770,9.8,190,0.19
1999,6,3,16,603,878,85,14,-5.8,23,769,8.8,200,0.19
1999,6,3,17,420,860,65,14.5,-4.2,26,768,7.7,230,0.19
1999,6,3,18,242,690,88,11.3,1.1,49,768,6.7,260,0.19
1999,6,3,19,14,227,5,9,-0.7,50,767,4.1,280,0.19
1999,6,3,20,0,0,0,7.9,0.6,60,766,3.6,270,0.19
1999,6,3,21,0,0,0,7.7,-1.2,53,766,3.6,300,0.19
1999,6,3,22,0,0,0,3.5,-3,61,765,2.5,50,0.19
1999,6,3,23,0,0,0,2.3,-2.8,67,764,3.1,300,0.19
1999,6,4,0,0,0,0,0.2,-3.5,74,764,1,280,0.19
1999,6,4,1,0,0,0,0,-4.3,70,763,3.1,350,0.19
1999,6,4,2,0,0,0,-0.2,-3,79,762,3.6,360,0.19
1999,6,4,3,0,0,0,-3.5,-3.8,97,762,1.6,100,0.19
1999,6,4,4,0,0,0,-3.6,-3.6,100,761,0,0,0.19
1999,6,4,5,7,0,7,0.2,-1.3,88,760,0,0,0.19
1999,6,4,6,64,0,64,5,0,70,760,2.1,150,0.19
1999,6,4,7,154,11,150,7,-4,44,761,4.6,150,0.19
1999,6,4,8,124,0,124,6,-6,39,761,6.7,160,0.19
1999,6,4,9,158,0,158,2,0,87,760,8.2,220,0.19
1999,6,4,10,187,0,187,0,-1,92,760,4.1,200,0.19
1999,6,4,11,235,6,229,0,-2,85,761,9.3,200,0.19
1999,6,4,12,369,30,340,-1,-2,92,761,4.1,160,0.19
1999,6,4,13,263,6,257,2,-1,80,762,3.1,170,0.19
1999,6,4,14,493,109,399,2,0,87,763,9.3,180,0.19
1999,6,4,15,436,123,344,3,0.7,85,763,6.4,180,0.19
1999,6,4,16,499,420,251,2.9,0.4,84,763,8.2,170,0.19
1999,6,4,17,154,0,154,3.9,0,76,763,6.9,140,0.19
1999,6,4,18,127,90,107,2.7,-0.3,80,763,6.2,170,0.19
1999,6,4,19,8,30,6,0.7,-0.6,90,763,5.9,210,0.19
1999,6,4,20,0,0,0,-5.4,-5.4,100,763,5.6,150,0.19
1999,6,4,21,0,0,0,-2.4,-2.4,100,763,7.3,180,0.19
1999,6,4,22,0,0,0,-4.5,-4.5,100,764,6.5,160,0.19
1999,6,4,23,0,0,0,-8.5,-8.5,100,764,6.7,160,0.19
1999,6,5,0,0,0,0,-6.6,-6.6,100,764,4.9,160,0.19
1999,6,5,1,0,0,0,-8.6,-8.6,100,764,4.6,170,0.19
1999,6,5,2,0,0,0,-6.8,-6.8,100,764,4.9,180,0.19
1999,6,5,3,0,0,0,-6.8,-6.8,100,764,3,140,0.19
1999,6,5,4,0,0,0,-6.9,-6.9,100,764,2.7,150,0.19
1999,6,5,5,4,0,4,-4.9,-4.9,100,764,3.5,160,0.19
1999,6,5,6,34,0,34,3,1,87,764,2.1,140,0.19
1999,6,5,7,122,0,122,4,1,81,765,4.1,290,0.19
1999,6,5,8,160,0,160,5,2,81,766,5.1,290,0.19
1999,6,5,9,142,0,142,6,2,75,767,8.7,280,0.19
1999,6,5,10,148,0,148,6,2,75,768,5.7,290,0.19
1999,6,5,11,170,6,165,7,2,70,769,7.7,300,0.19
1999,6,5,12,599,174,431,8,1,61,770,9.3,300,0.19
1999,6,5,13,738,320,437,9,6,81,771,6.2,310,0.19
1999,6,5,14,402,61,350,9,5,76,772,9.3,300,0.19
1999,6,5,15,204,12,195,11,5.2,67,773,8.2,290,0.19
1999,6,5,16,609,633,234,11,4.3,63,773,6.4,310,0.19
1999,6,5,17,392,700,101,10,2.5,60,773,8.4,280,0.19
1999,6,5,18,209,505,95,10,1.7,56,772,6.8,280,0.19
1999,6,5,19,13,174,6,9,-0.2,52,771,7.1,290,0.19
1999,6,5,20,0,0,0,8,-2,48,770,6.5,300,0.19
1999,6,5,21,0,0,0,8,-2.8,45,770,4.3,320,0.19
1999,6,5,22,0,0,0,7,-3.7,45,770,2.6,120,0.19
1999,6,5,23,0,0,0,6,-4.5,45,769,2.5,130,0.19
1999,6,6,0,0,0,0,6,-4.3,46,769,2.9,100,0.19
1999,6,6,1,0,0,0,7,-6.2,36,770,3.2,60,0.19
1999,6,6,2,0,0,0,6,-6,39,769,2.9,340,0.19
1999,6,6,3,0,0,0,2,-6,52,767,2.6,250,0.19
1999,6,6,4,0,0,0,3,-6,49,768,3.6,280,0.19
1999,6,6,5,25,314,7,7,-5,40,771,2.1,270,0.19
1999,6,6,6,202,671,38,12,-1,40,775,2.6,320,0.19
1999,6,6,7,408,814,54,17,-1,29,778,3.1,350,0.19
1999,6,6,8,603,774,132,19,-3,22,779,4.1,300,0.19
1999,6,6,9,622,460,273,21,-1,23,781,4.6,290,0.19
1999,6,6,10,880,755,221,22,1,25,781,5.1,330,0.19
1999,6,6,11,252,12,241,23,1,23,782,1.5,50,0.19
1999,6,6,12,212,12,200,24,1,22,783,1.5,120,0.19
1999,6,6,13,837,513,356,24,2,24,782,6.2,130,0.19
1999,6,6,14,765,547,293,23,1,23,782,4.1,170,0.19
1999,6,6,15,415,104,337,23,2,25,783,3.1,290,0.19
1999,6,6,16,594,683,188,24,2,24,783,5.7,270,0.19
1999,6,6,17,417,845,65,24,2,24,782,4.6,290,0.19
1999,6,6,18,249,714,86,22.9,0.3,22,781,6.2,310,0.19
1999,6,6,19,17,251,6,19.8,-0.5,25,779,4.6,290,0.19
1999,6,6,20,0,0,0,13.7,-0.2,38,776,3.1,40,0.19
1999,6,6,21,0,0,0,10.5,1,52,775,2.1,290,0.19
1999,6,6,22,0,0,0,8.4,0.3,57,773,4.6,280,0.19
1999,6,6,23,0,0,0,8.3,1.6,63,773,1.5,260,0.19
1999,6,7,0,0,0,0,6.2,1.8,73,772,3.1,270,0.19
1999,6,7,1,0,0,0,6.1,2.1,76,772,4.1,280,0.19
1999,6,7,2,0,0,0,5,1.4,78,771,4.1,280,0.19
1999,6,7,3,0,0,0,4.8,1.6,80,772,3.1,280,0.19
1999,6,7,4,0,0,0,2.7,1.9,94,770,3.1,280,0.19
1999,6,7,5,26,315,7,4.6,3.1,90,772,1.5,280,0.19
1999,6,7,6,195,645,37,10.5,4.4,66,776,1.5,350,0.19
1999,6,7,7,408,798,62,13.8,-1.2,35,779,5.7,50,0.19
1999,6,7,8,603,885,64,16.1,-1.7,29,781,2.6,30,0.19
1999,6,7,9,786,909,96,18.3,0,29,783,2.6,60,0.19
1999,6,7,10,943,999,71,18.8,0,28,784,2.6,90,0.19
1999,6,7,11,1033,1011,80,20.1,-0.3,25,785,4.1,100,0.19
1999,6,7,12,1059,1015,78,21.1,-0.6,23,783,2.1,50,0.19
1999,6,7,13,1031,1014,78,20.5,-1.2,23,781,9.8,350,0.19
1999,6,7,14,933,991,77,19.2,2.4,33,781,3.1,60,0.19
1999,6,7,15,782,915,99,19.9,4,35,781,4.6,20,0.19
1999,6,7,16,615,915,71,22.6,3.7,29,782,3.6,360,0.19
1999,6,7,17,425,858,66,19.3,4.3,37,780,3.2,10,0.19
1999,6,7,18,247,711,83,18,5.3,43,778,2.9,360,0.19
1999,6,7,19,17,255,6,13.7,3.4,50,775,2.5,350,0.19
1999,6,7,20,0,0,0,12.3,1.4,47,773,2.1,340,0.19
1999,6,7,21,0,0,0,7,-0.5,59,770,3.6,240,0.19
1999,6,7,22,0,0,0,6.6,-0.4,61,769,3.6,230,0.19
1999,6,7,23,0,0,0,6.3,-1.4,57,768,3.1,190,0.19
1999,6,8,0,0,0,0,4.9,-2.3,58,767,2.6,180,0.19
1999,6,8,1,0,0,0,4.6,-2.3,60,766,3.6,180,0.19
1999,6,8,2,0,0,0,4.3,-2.3,61,766,3.6,140,0.19
1999,6,8,3,0,0,0,3,-3.2,62,765,4.1,150,0.19
1999,6,8,4,0,0,0,2.6,-3.1,64,764,2.1,150,0.19
1999,6,8,5,27,336,7,3.3,-3,61,764,3.6,110,0.19
1999,6,8,6,207,692,36,8,-1,52,767,2.6,110,0.19
1999,6,8,7,412,832,51,12,-5,29,770,6.2,130,0.19
1999,6,8,8,614,908,60,13,-7,23,771,8.2,130,0.19
1999,6,8,9,796,968,62,16,-6,20,773,7.2,130,0.19
1999,6,8,10,943,999,71,18,-8,15,775,7.2,220,0.19
1999,6,8,11,1033,1011,79,18,-7,16,775,7.2,230,0.19
1999,6,8,12,1059,1015,78,19,-6,17,775,9.3,230,0.19
1999,6,8,13,1031,1014,78,19,-6,17,775,10.3,230,0.19
1999,6,8,14,933,991,76,20,-5,17,775,9.3,240,0.19
1999,6,8,15,789,958,72,19.9,-4.9,17,775,10,250,0.19
1999,6,8,16,622,921,73,18.9,-6.8,16,774,10.6,270,0.19
1999,6,8,17,433,870,67,18.8,-4.6,19,774,9.6,280,0.19
1999,6,8,18,244,765,68,16.8,-4.5,22,773,8.6,280,0.19
1999,6,8,19,18,279,5,11.7,-4.4,31,773,4.6,270,0.19
1999,6,8,20,0,0,0,7.3,-5.8,37,772,4.2,290,0.19
1999,6,8,21,0,0,0,4.6,-6.1,43,772,3.8,300,0.19
1999,6,8,22,0,0,0,0.5,-5,63,772,2.4,270,0.19
1999,6,8,23,0,0,0,1.4,-4.9,60,771,4,290,0.19
1999,6,9,0,0,0,0,0.4,-4.8,65,771,4.6,290,0.19
1999,6,9,1,0,0,0,-0.7,-2.6,85,770,0,0,0.19
1999,6,9,2,0,0,0,0.3,-5.5,62,770,0,0,0.19
1999,6,9,3,0,0,0,0.2,-5.4,63,769,1.8,260,0.19
1999,6,9,4,0,0,0,-3.9,-5.3,89,769,0.8,260,0.19
1999,6,9,5,27,340,7,-0.9,-3.1,83,768,0.9,260,0.19
1999,6,9,6,207,692,36,6,-3,51,768,2.6,260,0.19
1999,6,9,7,413,832,51,10,-2,42,771,3.6,60,0.19
1999,6,9,8,608,897,62,13,-3,32,773,2.6,10,0.19
1999,6,9,9,791,956,66,15,-7,20,774,2.6,240,0.19
1999,6,9,10,943,999,70,17,-7,17,776,3.1,210,0.19
1999,6,9,11,1033,963,124,17,-8,16,776,5.1,180,0.19
1999,6,9,12,1029,937,123,18.3,-7.7,15,776,6,200,0.19
1999,6,9,13,1024,1008,76,19.2,-7.4,15,776,6.8,220,0.19
1999,6,9,14,933,991,75,20,-7,14,777,7.7,240,0.19
1999,6,9,15,788,921,98,19.1,-5.6,17,776,5.5,230,0.19
1999,6,9,16,607,871,87,19.3,-6.1,16,776,6,240,0.19
1999,6,9,17,432,870,66,18.4,-5.7,18,775,5.4,220,0.19
1999,6,9,18,243,754,67,17.6,-6.3,18,775,7.5,220,0.19
1999,6,9,19,18,279,5,13.6,-7.8,20,774,5.8,230,0.19
1999,6,9,20,0,0,0,8.7,-9.4,24,774,5.3,240,0.19
1999,6,9,21,0,0,0,3.9,-8,38,773,4.2,240,0.19
1999,6,9,22,0,0,0,0,-6.6,57,772,3.1,230,0.19
1999,6,9,23,0,0,0,-1.9,-8,59,772,2,230,0.19
1999,6,10,0,0,0,0,-1.7,-7.6,60,771,3,260,0.19
1999,6,10,1,0,0,0,-2.6,-7.2,68,771,2.6,260,0.19
1999,6,10,2,0,0,0,-1.4,-6.7,64,770,2.2,250,0.19
1999,6,10,3,0,0,0,-3.4,-6.3,78,770,1.8,250,0.19
1999,6,10,4,0,0,0,-1.3,-5.9,68,769,3.3,270,0.19
1999,6,10,5,26,311,7,-0.1,-3.4,76,769,2.8,290,0.19
1999,6,10,6,203,677,36,7,-1,56,768,2.1,310,0.19
1999,6,10,7,408,798,61,13,-1,38,772,2.1,310,0.19
1999,6,10,8,608,897,62,15,-6,22,774,3.1,330,0.19
1999,6,10,9,786,950,65,17,-8,16,775,4.1,310,0.19
1999,6,10,10,920,839,188,17,-8,16,776,4.6,300,0.19
1999,6,10,11,411,72,343,18,-5,19,776,2.6,290,0.19
1999,6,10,12,999,793,231,18,-6,18,776,2.6,270,0.19
1999,6,10,13,450,97,359,19,-6,17,777,6.2,260,0.19
1999,6,10,14,913,729,281,18,-6,18,776,7.2,270,0.19
1999,6,10,15,346,98,273,16.7,-6,19,776,6.3,290,0.19
1999,6,10,16,468,363,251,18.3,-5,19,775,7,310,0.19
1999,6,10,17,338,408,166,16,-5.9,20,775,5.1,290,0.19
1999,6,10,18,241,424,141,13.9,-4.8,26,775,4.1,290,0.19
1999,6,10,19,19,159,11,12,-3.6,32,775,3.8,300,0.19
1999,6,10,20,0,0,0,7.9,-4.5,39,774,3.6,300,0.19
1999,6,10,21,0,0,0,5,-4.4,48,774,3.3,290,0.19
1999,6,10,22,0,0,0,5,-4.2,49,774,3.1,300,0.19
1999,6,10,23,0,0,0,2,-4,62,774,3.3,300,0.19
1999,6,11,0,0,0,0,4,-3.9,54,773,4.9,270,0.19
1999,6,11,1,0,0,0,0,-4.8,67,773,2.5,240,0.19
1999,6,11,2,0,0,0,0,-4.6,68,773,4.2,190,0.19
1999,6,11,3,0,0,0,0,-4.5,69,773,2.8,170,0.19
1999,6,11,4,0,0,0,0,-4.3,70,772,3.9,150,0.19
1999,6,11,5,26,312,7,1,-3.1,72,772,3.3,240,0.19
1999,6,11,6,196,645,36,8,-1,52,772,2.6,320,0.19
1999,6,11,7,403,786,62,12,-1,40,775,2.6,20,0.19
1999,6,11,8,608,868,80,14,-1,35,776,3.6,50,0.19
1999,6,11,9,785,785,190,17,-2,27,777,0,0,0.19
1999,6,11,10,443,125,334,18,-5,19,779,1.5,300,0.19
1999,6,11,11,798,490,335,18,-6,18,779,3.1,240,0.19
1999,6,11,12,823,493,346,18,-4,21,779,3.6,200,0.19
1999,6,11,13,643,229,427,20,-2,22,780,4.1,170,0.19
1999,6,11,14,719,456,323,21,-4,18,781,5.1,230,0.19
1999,6,11,15,645,479,286,21.2,-2.6,20,781,9.3,240,0.19
1999,6,11,16,110,0,110,20.4,-3.1,20,780,9.1,220,0.19
1999,6,11,17,397,494,188,20.5,-2.6,20,780,7.7,230,0.19
1999,6,11,18,80,0,80,19.8,-3.3,20,780,3.6,270,0.19
1999,6,11,19,7,0,7,16,-5.9,20,779,4.6,260,0.19
1999,6,11,20,0,0,0,7.2,-9.4,27,779,1.4,140,0.19
1999,6,11,21,0,0,0,6.4,-7,35,779,1.5,160,0.19
1999,6,11,22,0,0,0,4.5,-8.5,35,778,1.7,300,0.19
1999,6,11,23,0,0,0,4.1,-7.5,40,778,1.6,180,0.19
1999,6,12,0,0,0,0,3.8,-6.6,44,777,3.6,260,0.19
1999,6,12,1,0,0,0,2,-7.2,47,777,1.8,210,0.19
1999,6,12,2,0,0,0,2.3,-5.8,52,777,1.8,230,0.19
1999,6,12,3,0,0,0,1.5,-4.3,63,776,1.9,240,0.19
1999,6,12,4,0,0,0,1.6,-3.9,64,776,2,250,0.19
1999,6,12,5,26,312,7,2.8,-3.5,61,775,2,270,0.19
1999,6,12,6,196,651,35,9,0,53,775,2.1,280,0.19
1999,6,12,7,413,809,61,14,-6,23,779,2.6,60,0.19
1999,6,12,8,608,897,62,17,-3,25,781,4.1,40,0.19
1999,6,12,9,791,956,66,18,-4,21,782,3.1,20,0.19
1999,6,12,10,937,886,163,19,-7,15,783,2.6,100,0.19
1999,6,12,11,716,287,445,21,-6,15,784,3.6,180,0.19
1999,6,12,12,889,541,366,21.1,-5,16,784,4.4,240,0.19
1999,6,12,13,443,91,358,21,-4,18,784,5.1,300,0.19
1999,6,12,14,861,644,302,23,-3,17,785,3.1,20,0.19
1999,6,12,15,421,104,342,24.3,-0.3,20,783,8,30,0.19
1999,6,12,16,248,25,233,23.5,-0.5,20,781,6.3,80,0.19
1999,6,12,17,413,592,162,22.8,-1.8,19,780,6,80,0.19
1999,6,12,18,251,731,77,21,-4,18,778,3.8,100,0.19
1999,6,12,19,21,283,7,19.3,-6.3,16,776,1,110,0.19
1999,6,12,20,0,0,0,15.5,-9.5,15,774,1.8,140,0.19
1999,6,12,21,0,0,0,9.8,-11.8,18,772,1.6,160,0.19
1999,6,12,22,0,0,0,13,-9,19,771,0,0,0.19
1999,6,12,23,0,0,0,6.3,-12.3,22,769,1.2,200,0.19
1999,6,13,0,0,0,0,5.5,-12.5,23,767,3.5,220,0.19
1999,6,13,1,0,0,0,3.8,-12.8,25,766,1.2,240,0.19
1999,6,13,2,0,0,0,4,-13,24,764,2.1,250,0.19
1999,6,13,3,0,0,0,3,-12,29,763,3.1,270,0.19
1999,6,13,4,0,0,0,2,-12,31,763,0,0,0.19
1999,6,13,5,26,312,7,4,-11,29,762,4.1,280,0.19
1999,6,13,6,203,677,36,10,-9,23,761,2.6,360,0.19
1999,6,13,7,408,815,54,16,-8,17,760,5.1,20,0.19
1999,6,13,8,603,885,64,20,-6,16,764,4.1,360,0.19
1999,6,13,9,785,950,65,22,-7,13,764,3.1,350,0.19
1999,6,13,10,920,969,73,24,-5,13,765,4.6,340,0.19
1999,6,13,11,1033,969,118,24,-5,13,766,4.6,310,0.19
1999,6,13,12,1041,991,81,27,-3,13,766,6.2,300,0.19
1999,6,13,13,1018,996,79,26,-3,14,766,3.6,270,0.19
1999,6,13,14,926,978,76,26.6,-1.8,15,767,6.7,290,0.19
1999,6,13,15,787,951,71,28,-1,15,767,5.7,310,0.19
1999,6,13,16,628,902,86,27.5,-0.8,16,767,5.7,290,0.19
1999,6,13,17,421,789,85,27,-1,16,767,5.1,310,0.19
1999,6,13,18,249,729,75,24.3,-4.8,13,767,4.1,310,0.19
1999,6,13,19,22,286,7,19.6,-8.5,13,766,4.1,310,0.19
1999,6,13,20,0,0,0,15,-13,12,766,0,0,0.19
1999,6,13,21,0,0,0,16,-12,12,766,3.1,90,0.19
1999,6,13,22,0,0,0,9,-13,17,766,1.5,280,0.19
1999,6,13,23,0,0,0,9,-13,17,766,3.1,300,0.19
1999,6,14,0,0,0,0,7,-13,20,766,4.1,270,0.19
1999,6,14,1,0,0,0,7,-13,20,766,4.1,270,0.19
1999,6,14,2,0,0,0,5.9,-12,23,766,4.1,270,0.19
1999,6,14,3,0,0,0,5,-11,27,766,4.1,270,0.19
1999,6,14,4,0,0,0,4,-10,32,766,5.1,280,0.19
1999,6,14,5,26,312,7,6,-9,30,766,4.1,270,0.19
1999,6,14,6,192,625,38,11,-7,26,766,2.6,260,0.19
1999,6,14,7,398,730,82,17,-7,17,766,1.5,40,0.19
1999,6,14,8,526,559,186,23,-5,14,767,5.7,150,0.19
1999,6,14,9,753,820,131,24,-4,15,769,6.7,150,0.19
1999,6,14,10,920,928,110,26,-3,14,767,5.7,150,0.19
1999,6,14,11,968,801,211,27,-3,13,769,9.3,150,0.19
1999,6,14,12,278,12,267,28,-2,14,770,6.2,120,0.19
1999,6,14,13,268,12,257,28,-2,14,771,6.2,170,0.19
1999,6,14,14,861,693,259,29,-2,13,770,6.2,140,0.19
1999,6,14,15,794,878,133,28,-3,13,770,5.1,150,0.19
1999,6,14,16,620,908,73,28,-3,13,770,9.8,140,0.19
1999,6,14,17,445,867,75,27,-4,12,770,3.1,150,0.19
1999,6,14,18,248,767,64,24.9,-6.2,12,771,8.1,180,0.19
1999,6,14,19,22,304,6,21.8,-6.3,14,771,4.4,150,0.19
1999,6,14,20,0,0,0,15.8,-10.5,14,772,1.3,320,0.19
1999,6,14,21,0,0,0,15.7,-9.6,15,772,2.8,240,0.19
1999,6,14,22,0,0,0,11.6,-8.8,21,773,3.7,270,0.19
1999,6,14,23,0,0,0,10.5,-8.9,23,773,3.6,270,0.19
1999,6,15,0,0,0,0,6.5,-9.1,29,773,1.6,240,0.19
1999,6,15,1,0,0,0,3.4,-9.2,36,774,0,0,0.19
1999,6,15,2,0,0,0,1.3,-9.4,41,774,1.4,270,0.19
1999,6,15,3,0,0,0,0.2,-7.5,52,774,3.3,260,0.19
1999,6,15,4,0,0,0,1.2,-3.7,67,774,3.3,260,0.19
1999,6,15,5,25,237,11,5.1,-0.8,65,774,2.7,260,0.19
1999,6,15,6,188,593,42,13,2,47,775,2.6,260,0.19
1999,6,15,7,403,747,79,18,-1,27,778,0,0,0.19
1999,6,15,8,608,868,81,21,1,26,779,2.1,70,0.19
1999,6,15,9,785,785,190,23,-1,20,781,3.6,140,0.19
1999,6,15,10,307,42,270,24,-2,17,782,3.1,190,0.19
1999,6,15,11,757,359,418,23,-3,17,781,5.7,230,0.19
1999,6,15,12,883,529,371,24,-2,17,782,7.2,260,0.19
1999,6,15,13,493,139,362,25,-1,18,782,6.7,230,0.19
1999,6,15,14,938,814,230,24.9,-0.3,19,782,8.2,230,0.19
1999,6,15,15,794,957,72,24.9,0.4,20,781,5.8,170,0.19
1999,6,15,16,627,895,87,24.8,3.1,24,781,5.3,190,0.19
1999,6,15,17,420,775,88,23.8,1.8,24,780,6.4,180,0.19
1999,6,15,18,259,623,109,22.7,1.5,25,780,4.3,180,0.19
1999,6,15,19,24,250,10,18.6,0.2,29,779,1.9,180,0.19
1999,6,15,20,0,0,0,15.6,-5.1,22,779,1.9,240,0.19
1999,6,15,21,0,0,0,15.5,-3.4,26,778,4.1,230,0.19
1999,6,15,22,0,0,0,10.5,-7.6,25,777,4.6,230,0.19
1999,6,15,23,0,0,0,9.4,-7.9,27,777,3.7,240,0.19
1999,6,16,0,0,0,0,7.4,-8.2,30,776,3.7,250,0.19
1999,6,16,1,0,0,0,4.8,-6.4,41,776,2.3,260,0.19
1999,6,16,2,0,0,0,2.2,-4.8,57,775,1.2,130,0.19
1999,6,16,3,0,0,0,2.2,-3.1,66,775,2,210,0.19
1999,6,16,4,0,0,0,2.1,-3.4,65,774,2,220,0.19
1999,6,16,5,16,36,14,3.1,-1.7,70,773,0,0,0.19
1999,6,16,6,124,120,95,10,2,57,773,0,0,0.19
1999,6,16,7,347,486,136,17,1,34,777,0,0,0.19
1999,6,16,8,557,652,160,21,-1,23,780,4.6,280,0.19
1999,6,16,9,573,313,335,22,0,23,782,7.2,240,0.19
1999,6,16,10,891,797,196,23,0,22,782,5.1,230,0.19
1999,6,16,11,604,203,412,23,0,22,782,5.7,250,0.19
1999,6,16,12,659,222,444,24,0,20,782,8.2,230,0.19
1999,6,16,13,849,586,296,23.6,0.4,22,782,5.1,210,0.19
1999,6,16,14,776,601,253,23,1,23,782,5.1,200,0.19
1999,6,16,15,664,583,225,26.2,4.9,25,781,6.6,220,0.19
1999,6,16,16,539,557,203,24.4,3.9,26,781,4.7,250,0.19
1999,6,16,17,260,158,192,24.6,5.8,30,781,6.2,230,0.19
1999,6,16,18,219,417,119,23.8,4.8,29,780,4.3,240,0.19
1999,6,16,19,21,169,11,18.9,1.7,32,780,3.2,230,0.19
1999,6,16,20,0,0,0,17.1,0.6,33,779,3.2,230,0.19
1999,6,16,21,0,0,0,14.3,-1.4,33,779,4.9,230,0.19
1999,6,16,22,0,0,0,11.5,-2.5,37,779,3.8,240,0.19
1999,6,16,23,0,0,0,8.7,-4.6,37,778,3.8,240,0.19
1999,6,17,0,0,0,0,3.9,-3.6,56,778,2.9,220,0.19
1999,6,17,1,0,0,0,5.1,-0.7,66,778,2.9,190,0.19
1999,6,17,2,0,0,0,4.3,-0.8,69,777,2.4,170,0.19
1999,6,17,3,0,0,0,4.4,1.2,80,777,3.5,150,0.19
1999,6,17,4,0,0,0,2.6,2.1,96,777,0,0,0.19
1999,6,17,5,25,236,11,5.8,3.1,83,776,0,0,0.19
1999,6,17,6,188,593,42,13,7,67,776,3.1,160,0.19
1999,6,17,7,394,758,65,14.8,7.8,63,777,5.1,140,0.19
1999,6,17,8,577,792,96,15,8,63,779,7.2,120,0.19
1999,6,17,9,769,856,120,17,6,48,780,6.7,150,0.19
1999,6,17,10,857,755,198,19,7,46,780,9.3,130,0.19
1999,6,17,11,991,921,121,18,6,45,780,5.1,170,0.19
1999,6,17,12,1022,955,96,22,1,25,781,8.2,230,0.19
1999,6,17,13,986,851,183,23,-1,20,782,7.7,250,0.19
1999,6,17,14,731,413,371,19,8,49,780,5.1,190,0.19
1999,6,17,15,129,0,129,20.4,10.3,52,780,6.1,210,0.19
1999,6,17,16,168,0,168,19.8,8.5,48,779,3.5,220,0.19
1999,6,17,17,419,597,162,20.1,9.8,51,779,2.5,180,0.19
1999,6,17,18,244,738,65,18.5,8,50,779,3.5,210,0.19
1999,6,17,19,24,302,6,14.9,4.3,49,778,0.5,170,0.19
1999,6,17,20,0,0,0,13.3,2.5,48,778,1,160,0.19
1999,6,17,21,0,0,0,11.6,1.8,51,778,0,0,0.19
1999,6,17,22,0,0,0,11,1,50,777,0,0,0.19
1999,6,17,23,0,0,0,7.4,-2.8,47,777,1.1,110,0.19
1999,6,18,0,0,0,0,4.8,-4.5,49,777,1.6,130,0.19
1999,6,18,1,0,0,0,1.1,-5.3,59,776,0.6,120,0.19
1999,6,18,2,0,0,0,-1.5,-6,68,776,0,0,0.19
1999,6,18,3,0,0,0,-1.1,-1.8,94,776,0,0,0.19
1999,6,18,4,0,0,0,1.3,-1.5,80,775,0.6,20,0.19
1999,6,18,5,26,317,7,2.6,-0.3,81,775,0,0,0.19
1999,6,18,6,195,660,33,10,2,57,775,0,0,0.19
1999,6,18,7,412,814,60,16,5,48,779,0,0,0.19
1999,6,18,8,603,891,62,20,0,26,782,1.5,90,0.19
1999,6,18,9,785,909,97,21,3,30,782,4.6,170,0.19
1999,6,18,10,942,999,70,23,-3,17,784,7.2,210,0.19
1999,6,18,11,1032,1011,78,23,-3,17,784,6.2,250,0.19
1999,6,18,12,1064,1015,80,24,-2,17,784,3.1,250,0.19
1999,6,18,13,1036,1008,84,26,-2,15,785,5.1,250,0.19
1999,6,18,14,938,990,75,24,-1,19,784,2.6,130,0.19
1999,6,18,15,793,951,74,24.4,1.5,22,783,9.3,150,0.19
1999,6,18,16,626,913,73,23.1,2.1,25,783,5.9,150,0.19
1999,6,18,17,452,873,76,22.3,-1.8,20,782,6,170,0.19
1999,6,18,18,256,807,59,20.6,-1.7,22,782,3.1,180,0.19
1999,6,18,19,25,333,6,17.8,-4.7,20,781,2.7,190,0.19
1999,6,18,20,0,0,0,14.9,-6.7,20,781,1.8,210,0.19
1999,6,18,21,0,0,0,13.2,-8.6,19,780,0,0,0.19
1999,6,18,22,0,0,0,13.4,-8.5,19,780,2.1,250,0.19
1999,6,18,23,0,0,0,11.5,-8.4,22,779,1.7,250,0.19
1999,6,19,0,0,0,0,11.8,-7.4,24,779,2.3,230,0.19
1999,6,19,1,0,0,0,10,-9.3,23,778,0.9,270,0.19
1999,6,19,2,0,0,0,7.2,-9.2,27,778,1.6,340,0.19
1999,6,19,3,0,0,0,4.4,-10.2,31,777,1.2,360,0.19
1999,6,19,4,0,0,0,2.6,-9.2,38,777,0.8,340,0.19
1999,6,19,5,26,319,7,4.9,-7.1,39,776,1,280,0.19
1999,6,19,6,203,676,37,12,-2,37,776,3.1,280,0.19
1999,6,19,7,407,820,53,16,-1,31,778,0,0,0.19
1999,6,19,8,598,879,64,21,-1,23,781,0,0,0.19
1999,6,19,9,774,867,117,24,-1,19,783,4.1,200,0.19
1999,6,19,10,783,595,264,24,-6,12,783,3.6,200,0.19
1999,6,19,11,1032,915,168,25,-6,12,784,4.1,210,0.19
1999,6,19,12,1052,1003,80,26,-6,11,784,4.1,270,0.19
1999,6,19,13,1035,1008,84,28,-3,13,785,7.2,210,0.19
1999,6,19,14,938,942,117,28,-7,9,784,4.1,220,0.19
1999,6,19,15,752,798,149,26.7,-4.6,12,784,5.8,260,0.19
1999,6,19,16,633,901,87,24,-2,17,783,7.6,300,0.19
1999,6,19,17,443,853,75,24,-2.5,17,783,4.7,30,0.19
1999,6,19,18,255,798,60,23,-1,20,782,5.4,50,0.19
1999,6,19,19,26,331,6,19,-2.5,23,782,9.7,90,0.19
1999,6,19,20,0,0,0,17,-2,27,781,5.8,80,0.19
1999,6,19,21,0,0,0,14.7,-1.8,31,781,6.2,70,0.19
1999,6,19,22,0,0,0,12.4,-1.7,37,780,6.5,60,0.19
1999,6,19,23,0,0,0,11,-1.5,41,780,6.8,50,0.19
1999,6,20,0,0,0,0,10,0,50,779,7.6,80,0.19
1999,6,20,1,0,0,0,8,-0.5,55,779,6.7,90,0.19
1999,6,20,2,0,0,0,8,0,57,778,6.5,110,0.19
1999,6,20,3,0,0,0,7,0,61,777,8.4,140,0.19
1999,6,20,4,0,0,0,7,0,61,776,8.3,160,0.19
1999,6,20,5,26,318,7,8,0,57,775,7.8,180,0.19
1999,6,20,6,195,655,35,14,2,44,774,3.6,280,0.19
1999,6,20,7,402,809,54,18,2,34,776,2.6,150,0.19
1999,6,20,8,592,867,67,22,-1,21,778,6.2,170,0.19
1999,6,20,9,763,909,76,24,-2,17,778,4.1,170,0.19
1999,6,20,10,902,904,114,26,-4,13,779,2.6,150,0.19
1999,6,20,11,950,759,233,25,-3,15,779,6.2,170,0.19
1999,6,20,12,169,12,158,27,-3,13,779,3.1,160,0.19
1999,6,20,13,936,688,286,28,-4,12,779,1.5,300,0.19
1999,6,20,14,459,97,374,28,-1,15,779,7.2,250,0.19
1999,6,20,15,494,172,364,28,-2,14,778,6.7,270,0.19
1999,6,20,16,422,238,278,27,-2,15,778,5.8,260,0.19
1999,6,20,17,92,0,92,26.4,-3.1,14,777,4.5,290,0.19
1999,6,20,18,101,0,101,25,-4,14,777,3.2,300,0.19
1999,6,20,19,10,0,10,21,-4,18,776,2.3,280,0.19
1999,6,20,20,0,0,0,22,-3,18,776,2.8,310,0.19
1999,6,20,21,0,0,0,22,-2,20,776,3.8,300,0.19
1999,6,20,22,0,0,0,15,-3,28,775,0.3,320,0.19
1999,6,20,23,0,0,0,12.7,-3.1,32,775,0.6,330,0.19
1999,6,21,0,0,0,0,10.3,-3.5,36,774,0.9,340,0.19
1999,6,21,1,0,0,0,8.1,-3.6,42,774,1.1,350,0.19
1999,6,21,2,0,0,0,6,-4,47,773,1.5,350,0.19
1999,6,21,3,0,0,0,7.1,-4,43,773,1,360,0.19
1999,6,21,4,0,0,0,8.4,-4.6,38,773,1.7,330,0.19
1999,6,21,5,24,281,8,11.4,-4.2,32,772,2.4,320,0.19
1999,6,21,6,187,608,39,18,-2,25,772,3.1,290,0.19
1999,6,21,7,398,780,62,19,-2,24,773,1.5,150,0.19
1999,6,21,8,592,838,85,21,-1,23,775,4.1,140,0.19
1999,6,21,9,774,820,154,22,-4,17,776,5.7,160,0.19
1999,6,21,10,686,375,360,23,-4,16,776,7.2,160,0.19
1999,6,21,11,850,562,319,24,-4,15,778,5.1,220,0.19
1999,6,21,12,937,691,267,26,-3,14,778,5.1,180,0.19
1999,6,21,13,904,652,288,26.1,-3.1,14,779,6.7,180,0.19
1999,6,21,14,937,911,142,26,-3,14,779,9.3,160,0.19
1999,6,21,15,792,914,100,22,-4,17,777,5.3,190,0.19
1999,6,21,16,604,794,121,22,-4,17,777,5.3,170,0.19
1999,6,21,17,451,865,76,22,-6,14,776,7,200,0.19
1999,6,21,18,253,796,58,21,-4.8,16,774,5.9,250,0.19
1999,6,21,19,26,334,6,18,-3.7,22,773,2.8,240,0.19
1999,6,21,20,0,0,0,17,-3.5,24,772,3.4,330,0.19
1999,6,21,21,0,0,0,18,-3.4,22,773,3.8,180,0.19
1999,6,21,22,0,0,0,10,-5.2,32,769,2.2,250,0.19
1999,6,21,23,0,0,0,8,-4.1,40,768,2.2,250,0.19
1999,6,22,0,0,0,0,8,-2.9,45,767,5.8,270,0.19
1999,6,22,1,0,0,0,7,-3.8,44,767,4.3,270,0.19
1999,6,22,2,0,0,0,6,-2.6,53,766,4.3,250,0.19
1999,6,22,3,0,0,0,7,-2.5,50,768,5.2,250,0.19
1999,6,22,4,0,0,0,6,-2.3,54,768,4.8,270,0.19
1999,6,22,5,25,325,6,6,-2.2,54,767,3.7,270,0.19
1999,6,22,6,202,680,37,11,-1,43,771,2.1,250,0.19
1999,6,22,7,407,825,52,17,-1,29,774,0,0,0.19
1999,6,22,8,602,896,60,21,-7,14,778,7.2,220,0.19
1999,6,22,9,784,956,62,22,-7,13,778,3.6,200,0.19
1999,6,22,10,925,981,70,23,-7,12,780,4.6,230,0.19
1999,6,22,11,1032,1010,78,24,-8,10,780,5.7,260,0.19
1999,6,22,12,1064,943,150,24.6,-8.5,10,781,4.9,240,0.19
1999,6,22,13,942,767,217,25,-9,9,781,4.1,220,0.19
1999,6,22,14,937,856,190,25,-8,10,781,5.1,200,0.19
1999,6,22,15,576,294,352,26.1,-7.3,10,781,2.7,180,0.19
1999,6,22,16,254,63,216,26,-6.8,10,780,3.9,110,0.19
1999,6,22,17,442,636,167,25.1,-6.2,11,780,5.1,60,0.19
1999,6,22,18,227,631,72,24.1,-6.5,12,780,5.6,350,0.19
1999,6,22,19,24,267,7,20.1,-9.8,11,779,6,280,0.19
1999,6,22,20,0,0,0,12.1,-12.3,15,779,6.1,290,0.19
1999,6,22,21,0,0,0,12.2,-9.6,19,778,7.3,280,0.19
1999,6,22,22,0,0,0,10.3,-9,23,778,8.6,260,0.19
1999,6,22,23,0,0,0,9.2,-8.3,26,778,7.3,290,0.19
1999,6,23,0,0,0,0,8.3,-7.8,29,777,5.4,320,0.19
1999,6,23,1,0,0,0,7.3,-7.1,33,777,6.6,300,0.19
1999,6,23,2,0,0,0,7.3,-6.4,35,777,7.8,320,0.19
1999,6,23,3,0,0,0,4.2,-6,45,776,3.7,280,0.19
1999,6,23,4,0,0,0,5.2,-5.8,42,776,4.7,280,0.19
1999,6,23,5,23,282,7,6,-5.4,42,776,4.7,280,0.19
1999,6,23,6,190,643,35,12,-2,37,775,2.6,260,0.19
1999,6,23,7,397,786,60,18,-6,18,779,1.5,270,0.19
1999,6,23,8,602,861,82,21,-8,12,781,4.1,280,0.19
1999,6,23,9,768,926,69,22.2,-5.1,15,781,4.1,290,0.19
1999,6,23,10,924,940,106,23,-2,18,782,4.1,300,0.19
1999,6,23,11,1032,1010,78,24,-5,13,783,3.1,290,0.19
1999,6,23,12,1064,1015,80,25,-4,14,783,4.1,320,0.19
1999,6,23,13,1035,966,122,26,-5,12,783,3.1,280,0.19
1999,6,23,14,905,905,114,27,-3,13,783,1.5,350,0.19
1999,6,23,15,799,920,101,27.1,-2.3,14,783,3.7,50,0.19
1999,6,23,16,618,869,89,26.3,-1.6,16,782,0.3,320,0.19
1999,6,23,17,442,845,75,26.4,-0.9,16,782,3,20,0.19
1999,6,23,18,264,770,74,25.5,-1.3,17,781,4.1,360,0.19
1999,6,23,19,28,327,8,21.6,-4.6,16,781,1.7,340,0.19
1999,6,23,20,0,0,0,13.8,-8.9,18,780,2.9,250,0.19
1999,6,23,21,0,0,0,11.9,-7.2,24,780,0,0,0.19
1999,6,23,22,0,0,0,12,-6.5,25,779,0.6,40,0.19
1999,6,23,23,0,0,0,9.1,-5.8,32,779,0,0,0.19
1999,6,24,0,0,0,0,8.3,-5.1,36,778,0,0,0.19
1999,6,24,1,0,0,0,7.4,-4.4,41,777,0,0,0.19
1999,6,24,2,0,0,0,7.5,-3.8,43,777,0.6,30,0.19
1999,6,24,3,0,0,0,6.6,-3.1,48,776,0.6,360,0.19
1999,6,24,4,0,0,0,5.8,-2.4,54,776,0.4,320,0.19
1999,6,24,5,23,287,7,7.9,-0.7,54,775,0.6,340,0.19
1999,6,24,6,190,648,34,13,2,47,775,1.5,270,0.19
1999,6,24,7,406,808,60,19,3,34,778,0,0,0.19
1999,6,24,8,597,885,63,22,0,23,780,1.5,70,0.19
1999,6,24,9,768,926,69,24,-1,19,782,6.2,140,0.19
1999,6,24,10,873,815,164,24,-1,19,782,4.1,120,0.19
1999,6,24,11,1032,963,123,25,1,21,782,8.7,200,0.19
1999,6,24,12,1063,1015,80,27,0,17,783,8.2,170,0.19
1999,6,24,13,1035,1008,82,27,2,20,783,8.7,220,0.19
1999,6,24,14,943,996,73,27,0,17,782,8.2,180,0.19
1999,6,24,15,799,957,73,27,0.6,18,782,10.4,190,0.19
1999,6,24,16,632,894,88,26,-0.8,17,781,8.6,170,0.19
1999,6,24,17,425,773,89,25,-1.1,18,780,8.8,170,0.19
1999,6,24,18,264,630,108,23,-1.5,19,780,6.4,150,0.19
1999,6,24,19,28,268,12,17,-5.9,19,779,4.6,130,0.19
1999,6,24,20,0,0,0,12,-9.3,20,778,4.3,140,0.19
1999,6,24,21,0,0,0,10,-8.6,24,778,3.3,170,0.19
1999,6,24,22,0,0,0,8,-8,29,777,2.3,180,0.19
1999,6,24,23,0,0,0,9,-6.4,31,776,1.4,140,0.19
1999,6,25,0,0,0,0,6,-5.8,40,776,1,100,0.19
1999,6,25,1,0,0,0,6,-4.1,46,775,1.3,80,0.19
1999,6,25,2,0,0,0,6,-3.5,49,774,0.5,100,0.19
1999,6,25,3,0,0,0,5,-2.9,55,774,0.1,110,0.19
1999,6,25,4,0,0,0,3,-2.3,67,773,0,0,0.19
1999,6,25,5,24,323,6,5,-0.6,67,772,0,0,0.19
1999,6,25,6,201,689,35,12,1,47,772,0,0,0.19
1999,6,25,7,411,847,48,18,2,34,776,2.1,180,0.19
1999,6,25,8,602,896,61,21,-4,18,777,6.2,210,0.19
1999,6,25,9,784,956,64,22,-3,18,778,5.1,230,0.19
1999,6,25,10,935,993,72,23,-5,14,778,7.2,190,0.19
1999,6,25,11,1031,1010,78,25,-3,15,779,6.7,190,0.19
1999,6,25,12,1051,1003,79,25,-6,12,779,9.8,220,0.19
1999,6,25,13,1035,1008,82,26,-4,13,780,8.7,260,0.19
1999,6,25,14,943,996,73,26,-6,11,780,7.2,260,0.19
1999,6,25,15,799,957,72,27,-4.4,12,779,4.5,250,0.19
1999,6,25,16,632,894,87,27,-3.9,12,778,7,220,0.19
1999,6,25,17,441,805,91,26,-3.3,14,778,4.4,210,0.19
1999,6,25,18,263,769,73,25,-3.8,14,777,2.2,190,0.19
1999,6,25,19,28,329,8,20,-8.2,13,777,2.1,180,0.19
1999,6,25,20,0,0,0,15,-9.6,16,776,1.5,210,0.19
1999,6,25,21,0,0,0,15,-9.1,17,775,2.9,190,0.19
1999,6,25,22,0,0,0,14,-6.5,22,775,2.4,160,0.19
1999,6,25,23,0,0,0,10,-6.9,28,774,2.2,150,0.19
1999,6,26,0,0,0,0,11,-6.4,27,774,3.2,130,0.19
1999,6,26,1,0,0,0,9,-5.8,33,773,0,0,0.19
1999,6,26,2,0,0,0,10,-5.3,32,772,2.4,90,0.19
1999,6,26,3,0,0,0,7,-4.7,41,772,1.7,40,0.19
1999,6,26,4,0,0,0,7,-5.1,40,771,1.3,60,0.19
1999,6,26,5,22,286,7,6,-3.6,48,771,1.1,10,0.19
1999,6,26,6,193,678,31,13,-1,38,770,0,0,0.19
1999,6,26,7,401,819,52,19,-5,18,775,2.6,140,0.19
1999,6,26,8,586,861,68,21,-2,21,777,6.2,210,0.19
1999,6,26,9,751,891,80,24,-4,15,779,7.2,220,0.19
1999,6,26,10,884,898,104,24,-4,15,779,7.2,220,0.19
1999,6,26,11,967,897,121,26,-3,14,780,7.2,190,0.19
1999,6,26,12,1003,913,118,26,-3,14,780,6.7,210,0.19
1999,6,26,13,979,917,111,25,-4,14,779,7.7,220,0.19
1999,6,26,14,898,917,97,24.3,-3.8,15,780,5.7,190,0.19
1999,6,26,15,771,902,87,24.7,-3.7,14,780,7.1,170,0.19
1999,6,26,16,625,900,76,24,-3.5,15,779,4.8,110,0.19
1999,6,26,17,449,864,73,24.3,-4.3,14,779,7.7,10,0.19
1999,6,26,18,263,769,72,23.7,-5.2,13,778,8.1,340,0.19
1999,6,26,19,28,329,8,19,-8,14,778,5.4,330,0.19
1999,6,26,20,0,0,0,12.3,-10.8,17,777,5.3,40,0.19
1999,6,26,21,0,0,0,10.7,-9.7,21,777,4,330,0.19
1999,6,26,22,0,0,0,11,-9.5,21,777,4.5,80,0.19
1999,6,26,23,0,0,0,8.3,-9.3,25,776,4.4,20,0.19
1999,6,27,0,0,0,0,9.7,-9.2,23,776,3.6,360,0.19
1999,6,27,1,0,0,0,9,-9,25,775,4.1,360,0.19
1999,6,27,2,0,0,0,8,-9,26,775,3.3,10,0.19
1999,6,27,3,0,0,0,7,-9,28,774,4.3,360,0.19
1999,6,27,4,0,0,0,7,-8,31,774,3.9,330,0.19
1999,6,27,5,22,293,6,8,-8,29,774,3.4,310,0.19
1999,6,27,6,192,672,32,14,-6,23,773,5.1,260,0.19
1999,6,27,7,401,819,52,21,-4,18,776,5.1,30,0.19
1999,6,27,8,596,890,61,23,-5,14,779,5.1,50,0.19
1999,6,27,9,773,938,67,24,-6,12,780,3.6,40,0.19
1999,6,27,10,930,987,72,26,-4,13,781,5.7,270,0.19
1999,6,27,11,1025,1010,73,26,-4,13,782,7.2,310,0.19
1999,6,27,12,1063,1015,80,27,-4,12,782,4.1,310,0.19
1999,6,27,13,1035,1008,82,28,-3,13,783,3.6,310,0.19
1999,6,27,14,943,947,115,27,-3,13,783,7.2,270,0.19
1999,6,27,15,778,889,102,28,-2,14,783,6.7,320,0.19
1999,6,27,16,632,913,75,27,-2,15,783,4.7,210,0.19
1999,6,27,17,449,858,76,27,-2,15,781,2.3,360,0.19
1999,6,27,18,263,768,72,26,-4,13,780,2.1,360,0.19
1999,6,27,19,28,329,8,19.9,-7.2,14,777,1.8,360,0.19
1999,6,27,20,0,0,0,14,-11,15,776,1.6,360,0.19
1999,6,27,21,0,0,0,14,-11,15,775,1.3,360,0.19
1999,6,27,22,0,0,0,12,-11,17,776,1,360,0.19
1999,6,27,23,0,0,0,11,-11,18,776,1.1,270,0.19
1999,6,28,0,0,0,0,10,-11,19,773,2,270,0.19
1999,6,28,1,0,0,0,9,-11,21,771,1.1,240,0.19
1999,6,28,2,0,0,0,8,-12,20,772,1,260,0.19
1999,6,28,3,0,0,0,6,-12,23,769,2.3,270,0.19
1999,6,28,4,0,0,0,6,-12,23,769,1.5,300,0.19
1999,6,28,5,21,297,6,9,-13,17,769,0,0,0.19
1999,6,28,6,188,651,34,13,-11,16,771,3,260,0.19
1999,6,28,7,396,790,60,21,-9,11,773,3,240,0.19
1999,6,28,8,596,861,79,24,-7,11,773,3.6,40,0.19
1999,6,28,9,784,956,65,26,-4,13,775,2,170,0.19
1999,6,28,10,929,987,72,27,-4,12,775,2,130,0.19
1999,6,28,11,1025,1010,73,27,-4,12,774,3,240,0.19
1999,6,28,12,1063,1015,80,28,-3,13,774,7.7,50,0.19
1999,6,28,13,1034,1008,82,29,-4,11,775,2.5,160,0.19
1999,6,28,14,943,990,78,27,-3,13,775,4.1,170,0.19
1999,6,28,15,798,920,99,29,-3,12,776,7.7,170,0.19
1999,6,28,16,632,913,75,27,-3,13,775,6.3,120,0.19
1999,6,28,17,449,858,76,27,-4,12,776,5.8,120,0.19
1999,6,28,18,263,768,72,26.4,-3.5,13,775,4.8,130,0.19
1999,6,28,19,28,330,8,19.8,-8.1,13,773,3.4,130,0.19
1999,6,28,20,0,0,0,16.2,-10.6,13,772,4.2,220,0.19
1999,6,28,21,0,0,0,14.5,-10.2,15,771,2.8,220,0.19
1999,6,28,22,0,0,0,10.9,-8.7,22,770,3.9,230,0.19
1999,6,28,23,0,0,0,12.3,-9.2,20,770,5.5,230,0.19
1999,6,29,0,0,0,0,11.7,-8.8,21,770,5.8,260,0.19
1999,6,29,1,0,0,0,11.1,-7.3,25,770,5.9,270,0.19
1999,6,29,2,0,0,0,10.5,-7.8,25,770,6,270,0.19
1999,6,29,3,0,0,0,9.8,-7.4,27,770,3.6,270,0.19
1999,6,29,4,0,0,0,9.2,-6.9,29,771,4.9,290,0.19
1999,6,29,5,20,254,7,10.6,-5.5,30,772,6,300,0.19
1999,6,29,6,184,635,34,17,-3,25,777,4.1,310,0.19
1999,6,29,7,396,796,58,20,-2,22,780,4.6,280,0.19
1999,6,29,8,591,878,64,21,-2,21,781,4.1,310,0.19
1999,6,29,9,767,897,94,23,-1,20,782,6.2,310,0.19
1999,6,29,10,929,945,109,24,-2,17,782,7.7,290,0.19
1999,6,29,11,1025,1010,74,26,-6,11,783,8.7,310,0.19
1999,6,29,12,1063,1015,80,26,-6,11,782,10.3,290,0.19
1999,6,29,13,1034,1008,82,27,-7,9,783,8.7,320,0.19
1999,6,29,14,930,978,75,26,-5,12,783,8.7,290,0.19
1999,6,29,15,798,957,71,26.1,-3.6,13,783,9,310,0.19
1999,6,29,16,632,913,74,25.1,-3.1,15,782,10.9,280,0.19
1999,6,29,17,449,858,75,26.2,-4.7,12,781,11.2,300,0.19
1999,6,29,18,263,768,72,25.3,-4.3,13,781,9.3,260,0.19
1999,6,29,19,28,330,8,21.3,-4.8,16,780,7.9,270,0.19
1999,6,29,20,0,0,0,16.4,-7.4,18,780,7,280,0.19
1999,6,29,21,0,0,0,12.4,-7.9,22,779,6.6,240,0.19
1999,6,29,22,0,0,0,10.5,-7.5,26,778,4.1,50,0.19
1999,6,29,23,0,0,0,10.6,-7.1,26,778,6.8,200,0.19
1999,6,30,0,0,0,0,7.6,-8.6,28,777,5.9,160,0.19
1999,6,30,1,0,0,0,7.7,-8.2,29,777,3.5,40,0.19
1999,6,30,2,0,0,0,6.8,-7.8,32,776,4.2,110,0.19
1999,6,30,3,0,0,0,6.8,-7.3,33,775,3.2,30,0.19
1999,6,30,4,0,0,0,7.9,-5.9,35,775,4.9,80,0.19
1999,6,30,5,20,297,6,7.9,-4.4,40,774,3,40,0.19
1999,6,30,6,191,680,31,13,-2,35,774,2.6,20,0.19
1999,6,30,7,391,795,54,18.8,-1.2,25,777,4.4,340,0.19
1999,6,30,8,585,867,67,23,-1,20,780,6.2,290,0.19
1999,6,30,9,761,920,71,24,-1,19,781,5.7,300,0.19
1999,6,30,10,918,933,108,26,0,18,782,6.7,310,0.19
1999,6,30,11,1025,962,119,27,-1,16,783,4.6,330,0.19
1999,6,30,12,1045,997,80,28,-1,15,782,8.2,330,0.19
1999,6,30,13,1034,1008,82,28,-1,15,782,9.8,310,0.19
1999,6,30,14,943,990,78,29,0,15,782,8.2,300,0.19
1999,6,30,15,798,920,99,27.1,0.3,17,782,10.8,300,0.19
1999,6,30,16,632,906,78,28.1,0.5,17,781,11.3,230,0.19
1999,6,30,17,441,871,61,27.2,-0.3,17,780,8.7,210,0.19
1999,6,30,18,250,807,50,25.3,0,19,780,7.2,190,0.19
1999,6,30,19,27,346,5,22.3,0.3,23,779,6.2,150,0.19
1999,6,30,20,0,0,0,20.4,0.5,26,779,4.6,160,0.19
1999,6,30,21,0,0,0,17.8,-0.3,32,778,4.3,220,0.19
1999,6,30,22,0,0,0,15.1,-1.3,38,778,4,290,0.19
1999,6,30,23,0,0,0,12.5,-2.2,38,777,3.7,180,0.19
2004,7,1,0,0,0,0,9.9,-3.1,47,771,3.5,260,0.19
2004,7,1,1,0,0,0,7.3,-4,49,770,3.2,260,0.19
2004,7,1,2,0,0,0,4.6,-5,52,769,2.9,260,0.19
2004,7,1,3,0,0,0,2,-6,52,769,2.6,260,0.19
2004,7,1,4,0,0,0,2,-7,48,769,3.6,260,0.19
2004,7,1,5,17,259,5,3,-7,45,770,4.6,260,0.19
2004,7,1,6,179,638,31,8,-7,32,774,2.6,280,0.19
2004,7,1,7,390,823,44,14,-7,21,778,1.5,340,0.19
2004,7,1,8,585,878,61,18,-9,14,781,4.1,130,0.19
2004,7,1,9,761,944,55,20,-13,8,782,8.2,140,0.19
2004,7,1,10,878,921,80,20,-11,10,782,5.1,100,0.19
2004,7,1,11,984,956,84,22,-12,8,783,6.7,130,0.19
2004,7,1,12,1014,961,85,23,-13,7,783,8.2,170,0.19
2004,7,1,13,1015,1002,69,24,-12,7,784,6.2,200,0.19
2004,7,1,14,930,996,59,24,-12,7,784,4.1,230,0.19
2004,7,1,15,798,945,80,24,-12,7,783,7.2,200,0.19
2004,7,1,16,624,913,67,23,-12,8,783,5.1,180,0.19
2004,7,1,17,424,622,153,23,-12,8,783,3.6,170,0.19
2004,7,1,18,113,70,95,22,-12,8,782,3.6,180,0.19
2004,7,1,19,12,30,10,16,-8,17,777,2.6,180,0.19
2004,7,1,20,0,0,0,9,-9,25,773,2.6,240,0.19
2004,7,1,21,0,0,0,9.3,-8.9,24,774,1.8,330,0.19
2004,7,1,22,0,0,0,8.5,-8.8,26,774,0.9,210,0.19
2004,7,1,23,0,0,0,7.3,-8.3,30,775,2.6,250,0.19
2004,7,2,0,0,0,0,5.5,-7.2,37,776,2.6,10,0.19
2004,7,2,1,0,0,0,3.7,-6.1,46,776,4.1,20,0.19
2004,7,2,2,0,0,0,2.5,-6,50,777,2,260,0.19
2004,7,2,3,0,0,0,3.3,-5.9,48,778,2.6,80,0.19
2004,7,2,4,0,0,0,3,-6.3,47,778,3.3,90,0.19
2004,7,2,5,18,291,4,3.2,-4.8,53,779,5.8,80,0.19
2004,7,2,6,182,673,27,10,-4.2,35,780,3.8,110,0.19
2004,7,2,7,380,795,47,14.8,-3.1,28,780,3.7,160,0.19
2004,7,2,8,569,826,77,19,-5,18,781,3.6,300,0.19
2004,7,2,9,761,914,77,20,-7,14,782,0,0,0.19
2004,7,2,10,906,987,52,21,-6,15,783,2.1,320,0.19
2004,7,2,11,995,986,68,23,-7,12,783,2.1,290,0.19
2004,7,2,12,1038,1003,69,23,-8,11,783,5.1,250,0.19
2004,7,2,13,1015,1002,69,23,-11,8,783,3.1,240,0.19
2004,7,2,14,930,996,59,24,-9,10,783,1.5,240,0.19
2004,7,2,15,805,975,64,24,-10,9,783,4.1,230,0.19
2004,7,2,16,632,925,67,23,-11,8,782,4.1,240,0.19
2004,7,2,17,441,655,156,23,-10,9,782,6.2,210,0.19
2004,7,2,18,151,117,122,22,-9,11,780,6.2,240,0.19
2004,7,2,19,16,50,13,19,-9,13,778,2.6,260,0.19
2004,7,2,20,0,0,0,16,-8,17,776,4.6,250,0.19
2004,7,2,21,0,0,0,17,-9,15,777,2.6,300,0.19
2004,7,2,22,0,0,0,16,-9,16,776,2.6,290,0.19
2004,7,2,23,0,0,0,13,-9,19,774,1.5,70,0.19
2004,7,3,0,0,0,0,10,-8,25,773,2.1,280,0.19
2004,7,3,1,0,0,0,8,-6,34,771,4.6,270,0.19
2004,7,3,2,0,0,0,7,-6,37,770,0,0,0.19
2004,7,3,3,0,0,0,8,-7,32,770,1.5,330,0.19
2004,7,3,4,0,0,0,7,-8,31,770,1.5,300,0.19
2004,7,3,5,5,0,5,6,-6,39,770,5.1,260,0.19
2004,7,3,6,62,0,62,14,-6,23,774,2.6,260,0.19
2004,7,3,7,375,614,118,17,-5,21,776,3.1,260,0.19
2004,7,3,8,589,878,67,21,-8,12,779,0,0,0.19
2004,7,3,9,761,837,135,21,-8,12,779,3.6,260,0.19
2004,7,3,10,589,285,342,23,-8,11,780,3.1,200,0.19
2004,7,3,11,544,137,415,23,-10,9,780,3.1,130,0.19
2004,7,3,12,942,667,297,24,-12,7,780,4.6,170,0.19
2004,7,3,13,399,66,336,25,-11,8,781,6.7,140,0.19
2004,7,3,14,736,468,327,24,-12,7,780,6.2,170,0.19
2004,7,3,15,785,834,151,25,-12,7,780,8.7,170,0.19
2004,7,3,16,617,900,68,24,-13,7,780,7.2,190,0.19
2004,7,3,17,450,897,59,23,-14,6,779,4.1,230,0.19
2004,7,3,18,251,809,51,20.9,-10.7,10,777,4.1,270,0.19
2004,7,3,19,27,343,5,17,-8,16,775,4.1,300,0.19
2004,7,3,20,0,0,0,13,-8,21,773,3.1,20,0.19
2004,7,3,21,0,0,0,9,-8,27,771,2.6,270,0.19
2004,7,3,22,0,0,0,8,-7,32,770,4.1,270,0.19
2004,7,3,23,0,0,0,7,-7,34,769,5.1,260,0.19
2004,7,4,0,0,0,0,6,-7,36,768,3.1,290,0.19
2004,7,4,1,0,0,0,7,-7,34,769,3.6,270,0.19
2004,7,4,2,0,0,0,4,-7,42,767,3.6,260,0.19
2004,7,4,3,0,0,0,5,-7,39,768,4.1,270,0.19
2004,7,4,4,0,0,0,3,-7,45,767,5.1,270,0.19
2004,7,4,5,16,277,4,4,-7,42,768,3.6,260,0.19
2004,7,4,6,177,656,28,11,-5,31,772,2.6,260,0.19
2004,7,4,7,379,794,48,18,-6,18,777,3.6,270,0.19
2004,7,4,8,584,883,60,21,-6,15,779,5.1,280,0.19
2004,7,4,9,755,932,60,22,-7,13,780,6.2,320,0.19
2004,7,4,10,894,909,109,23,-8,11,781,3.6,320,0.19
2004,7,4,11,901,699,245,23,-8,11,781,5.1,330,0.19
2004,7,4,12,930,649,303,25,-7,11,782,8.7,300,0.19
2004,7,4,13,529,121,416,23,-7,12,781,6.2,280,0.19
2004,7,4,14,161,0,161,24,-6,12,781,4.6,310,0.19
2004,7,4,15,460,147,348,23,-6,13,781,3.1,260,0.19
2004,7,4,16,102,0,102,23,-5,14,781,3.6,210,0.19
2004,7,4,17,366,432,178,23,-5,14,781,6.2,280,0.19
2004,7,4,18,214,521,85,22,-3,18,779,8.7,310,0.19
2004,7,4,19,22,220,9,20,-3,20,777,5.7,290,0.19
2004,7,4,20,0,0,0,17,-3,25,776,2.1,280,0.19
2004,7,4,21,0,0,0,11,-3,36,773,0,0,0.19
2004,7,4,22,0,0,0,10,-3,39,772,3.1,250,0.19
2004,7,4,23,0,0,0,9,-3,41,772,3.6,270,0.19
2004,7,5,0,0,0,0,11,-3,36,773,3.6,270,0.19
2004,7,5,1,0,0,0,9,-3,41,772,1.5,310,0.19
2004,7,5,2,0,0,0,7,-3,48,771,2.1,340,0.19
2004,7,5,3,0,0,0,5,-4,50,770,0,0,0.19
2004,7,5,4,0,0,0,4,-4,54,770,1.5,250,0.19
2004,7,5,5,14,200,6,6,-3,51,771,1.5,330,0.19
2004,7,5,6,170,604,33,14,-1,35,776,0,0,0.19
2004,7,5,7,374,777,52,21,-3,19,780,5.1,290,0.19
2004,7,5,8,573,854,67,22,-3,18,781,5.1,280,0.19
2004,7,5,9,749,920,64,24,-3,16,784,3.6,300,0.19
2004,7,5,10,860,880,101,25,-3,15,784,2.6,300,0.19
2004,7,5,11,966,867,153,26,-3,14,784,6.7,300,0.19
2004,7,5,12,833,522,328,27,-3,13,784,6.7,310,0.19
2004,7,5,13,1015,899,167,26,-3,14,784,5.1,310,0.19
2004,7,5,14,878,875,114,27,-4,12,784,5.1,320,0.19
2004,7,5,15,764,883,93,27.2,-3.9,12,785,7.2,310,0.19
2004,7,5,16,603,844,88,27,-3,13,785,9.3,290,0.19
2004,7,5,17,408,655,123,23,0,22,783,11.3,340,0.19
2004,7,5,18,189,351,103,21,0,25,782,6.7,360,0.19
2004,7,5,19,20,147,11,19,1,30,779,4.6,360,0.19
2004,7,5,20,0,0,0,16,1,36,778,4.1,320,0.19
2004,7,5,21,0,0,0,13,1,44,777,2.6,270,0.19
2004,7,5,22,0,0,0,12,-1,40,776,3.1,280,0.19
2004,7,5,23,0,0,0,9,-1,49,774,2.1,240,0.19
2004,7,6,0,0,0,0,8,-1,52,774,3.1,260,0.19
2004,7,6,1,0,0,0,8,-1,52,773,3.6,270,0.19
2004,7,6,2,0,0,0,7,-1,56,772,4.1,250,0.19
2004,7,6,3,0,0,0,6,-1,60,772,3.1,270,0.19
2004,7,6,4,0,0,0,5,-1,64,772,2.6,260,0.19
2004,7,6,5,14,205,5,7,-1,56,774,3.6,280,0.19
2004,7,6,6,169,608,32,13,1,44,778,0,0,0.19
2004,7,6,7,369,760,55,18,2,34,781,0,0,0.19
2004,7,6,8,573,854,68,22,1,25,783,0,0,0.19
2004,7,6,9,765,931,72,24,-1,19,784,5.1,310,0.19
2004,7,6,10,883,862,140,26,-2,15,786,3.1,310,0.19
2004,7,6,11,761,442,346,26,-3,14,786,6.2,300,0.19
2004,7,6,12,887,613,296,26,-2,15,785,5.7,310,0.19
2004,7,6,13,984,893,142,27,-2,15,786,4.6,270,0.19
2004,7,6,14,878,711,258,28,-2,14,786,8.2,260,0.19
2004,7,6,15,122,0,122,26,-3,14,784,4.1,280,0.19
2004,7,6,16,363,125,287,25.2,-0.9,18,784,4.6,240,0.19
2004,7,6,17,259,98,216,24,1,22,783,5.1,190,0.19
2004,7,6,18,190,359,101,23,1,23,782,2.6,150,0.19
2004,7,6,19,19,150,10,18,3,37,778,3.6,210,0.19
2004,7,6,20,0,0,0,14,1,41,776,3.1,250,0.19
2004,7,6,21,0,0,0,12,0,44,775,4.1,250,0.19
2004,7,6,22,0,0,0,11,1,50,774,1.5,250,0.19
2004,7,6,23,0,0,0,10,0,50,773,0,0,0.19
2004,7,7,0,0,0,0,8,-1,52,772,4.1,280,0.19
2004,7,7,1,0,0,0,8.2,-1.5,50,771,3.9,280,0.19
2004,7,7,2,0,0,0,8,-2,48,771,3.6,270,0.19
2004,7,7,3,0,0,0,7,-2,52,771,1.5,290,0.19
2004,7,7,4,0,0,0,5,-4,50,770,3.1,300,0.19
2004,7,7,5,13,210,5,6,-3,51,771,2.6,280,0.19
2004,7,7,6,168,556,44,12,-1,40,774,2.6,270,0.19
2004,7,7,7,360,709,67,19,-1,26,779,0,0,0.19
2004,7,7,8,568,842,71,23,-4,16,781,2.6,180,0.19
2004,7,7,9,743,908,69,24,-4,15,782,4.6,140,0.19
2004,7,7,10,883,945,69,26,-4,13,783,3.6,180,0.19
2004,7,7,11,989,980,70,27,-7,9,783,4.6,190,0.19
2004,7,7,12,1020,973,81,28,-9,8,783,7.2,200,0.19
2004,7,7,13,990,966,80,28,-8,8,783,7.7,220,0.19
2004,7,7,14,917,981,61,28,-10,7,783,8.7,210,0.19
2004,7,7,15,792,932,84,27,-9,8,782,7.7,210,0.19
2004,7,7,16,589,750,131,27,-8,9,782,8.2,240,0.19
2004,7,7,17,451,878,69,25,-8,10,781,6.2,240,0.19
2004,7,7,18,229,687,59,24,-7,11,779,6.2,250,0.19
2004,7,7,19,23,285,6,21,-7,14,776,5.7,250,0.19
2004,7,7,20,0,0,0,17,-7,17,774,3.6,240,0.19
2004,7,7,21,0,0,0,19,-6,17,775,5.7,270,0.19
2004,7,7,22,0,0,0,16,-6,20,773,2.6,320,0.19
2004,7,7,23,0,0,0,11,-6,28,770,0,0,0.19
2004,7,8,0,0,0,0,14,-3,30,771,3.1,250,0.19
2004,7,8,1,0,0,0,9,-4,38,769,0,0,0.19
2004,7,8,2,0,0,0,12,-2,37,770,2.6,200,0.19
2004,7,8,3,0,0,0,9,-2,45,769,0,0,0.19
2004,7,8,4,0,0,0,6,-4,47,768,0,0,0.19
2004,7,8,5,13,246,3,6,-3,51,768,1.5,210,0.19
2004,7,8,6,168,499,57,12,-1,40,772,1.5,30,0.19
2004,7,8,7,216,107,173,17,-1,29,775,1.5,40,0.19
2004,7,8,8,567,720,143,20,-2,22,777,2.1,270,0.19
2004,7,8,9,743,890,83,22,-2,20,778,2.6,260,0.19
2004,7,8,10,911,903,133,22,-4,17,778,6.2,250,0.19
2004,7,8,11,796,466,359,22,-3,18,779,8.2,210,0.19
2004,7,8,12,1026,901,157,24,-6,12,779,5.1,220,0.19
2004,7,8,13,1009,996,70,26,-4,13,781,4.6,210,0.19
2004,7,8,14,930,953,98,27,-4,12,781,7.2,260,0.19
2004,7,8,15,697,626,222,26,-6,11,780,8.2,250,0.19
2004,7,8,16,603,850,85,26,-4,13,781,8.7,250,0.19
2004,7,8,17,426,852,56,26,-5,12,781,8.2,260,0.19
2004,7,8,18,255,790,61,24,-7,11,779,5.7,260,0.19
2004,7,8,19,25,326,6,18,-7,16,775,4.1,250,0.19
2004,7,8,20,0,0,0,14,-7,21,773,2.1,240,0.19
2004,7,8,21,0,0,0,12,-7,24,772,1.5,250,0.19
2004,7,8,22,0,0,0,12,-6,26,772,4.6,260,0.19
2004,7,8,23,0,0,0,9,-6,32,770,1.5,230,0.19
2004,7,9,0,0,0,0,7,-6,37,770,1.5,190,0.19
2004,7,9,1,0,0,0,7,-6,37,769,2.1,260,0.19
2004,7,9,2,0,0,0,7,-6,37,769,2.1,270,0.19
2004,7,9,3,0,0,0,6,-6,39,769,0,0,0.19
2004,7,9,4,0,0,0,7,-4,44,769,0,0,0.19
2004,7,9,5,3,0,3,10,-3,39,771,1.5,200,0.19
2004,7,9,6,53,0,53,13,-1,38,773,1.5,280,0.19
2004,7,9,7,359,573,124,18,-3,23,777,0,0,0.19
2004,7,9,8,567,801,96,21,-4,18,780,2.1,80,0.19
2004,7,9,9,635,530,242,23,-4,16,781,5.7,150,0.19
2004,7,9,10,899,891,133,23,-4,16,781,2.6,200,0.19
2004,7,9,11,983,891,150,25,-7,11,782,4.1,250,0.19
2004,7,9,12,718,372,359,26,-4,13,783,8.2,230,0.19
2004,7,9,13,604,181,434,26,-4,13,783,5.7,220,0.19
2004,7,9,14,588,219,397,26,-4,13,782,6.7,230,0.19
2004,7,9,15,406,110,322,24,-6,12,781,7.7,230,0.19
2004,7,9,16,509,425,250,24,-6,12,781,5.1,180,0.19
2004,7,9,17,443,852,74,25,-5,13,781,7.7,210,0.19
2004,7,9,18,243,768,55,23,-5,14,779,7.2,230,0.19
2004,7,9,19,23,314,5,19,-4,20,777,3.6,220,0.19
2004,7,9,20,0,0,0,17,-3,25,776,3.1,240,0.19
2004,7,9,21,0,0,0,14,-3,30,774,2.1,240,0.19
2004,7,9,22,0,0,0,12,-3,34,774,2.6,270,0.19
2004,7,9,23,0,0,0,12,-3,34,773,4.6,270,0.19
2004,7,10,0,0,0,0,10,-3,39,772,3.6,260,0.19
2004,7,10,1,0,0,0,9,-4,38,772,4.1,270,0.19
2004,7,10,2,0,0,0,6,-4,47,770,2.6,260,0.19
2004,7,10,3,0,0,0,6,-4,47,771,3.6,260,0.19
2004,7,10,4,0,0,0,6,-4,47,771,0,0,0.19
2004,7,10,5,11,242,3,7,-3,48,772,3.6,270,0.19
2004,7,10,6,173,675,25,13,-1,38,776,2.1,290,0.19
2004,7,10,7,372,815,39,18,0,30,779,1.5,340,0.19
2004,7,10,8,572,865,65,22,-2,20,782,2.1,70,0.19
2004,7,10,9,710,725,174,23,-1,20,782,5.7,150,0.19
2004,7,10,10,690,404,343,24,-1,19,783,6.2,140,0.19
2004,7,10,11,971,849,178,25,-7,11,784,5.7,220,0.19
2004,7,10,12,507,120,391,26,-3,14,784,5.7,210,0.19
2004,7,10,13,554,133,429,24,-2,17,783,2.6,200,0.19
2004,7,10,14,730,474,317,26,-2,15,785,3.6,190,0.19
2004,7,10,15,745,699,215,26,-1,17,784,6.2,190,0.19
2004,7,10,16,196,25,181,24,-1,19,783,6.2,220,0.19
2004,7,10,17,410,623,140,26,0,18,783,5.1,210,0.19
2004,7,10,18,245,746,63,24,-1,19,781,4.6,240,0.19
2004,7,10,19,23,302,6,19,-1,26,778,3.6,260,0.19
2004,7,10,20,0,0,0,14,-2,32,775,3.6,250,0.19
2004,7,10,21,0,0,0,13,-2,35,775,3.1,260,0.19
2004,7,10,22,0,0,0,11,-2,39,774,4.1,260,0.19
2004,7,10,23,0,0,0,12,-1,40,775,4.1,270,0.19
2004,7,11,0,0,0,0,12,-1,40,774,2.1,290,0.19
2004,7,11,1,0,0,0,8,-2,48,772,3.1,260,0.19
2004,7,11,2,0,0,0,8,-2,48,772,4.1,270,0.19
2004,7,11,3,0,0,0,8,-2,48,772,4.1,270,0.19
2004,7,11,4,0,0,0,8,-1,52,773,4.1,280,0.19
2004,7,11,5,10,227,3,8,-1,52,773,2.6,270,0.19
2004,7,11,6,169,673,23,14,1,41,777,2.6,260,0.19
2004,7,11,7,362,769,49,21,1,26,782,0,0,0.19
2004,7,11,8,561,836,72,23,1,23,784,2.1,300,0.19
2004,7,11,9,748,908,78,24,1,22,784,7.2,230,0.19
2004,7,11,10,899,987,53,25,1,21,785,7.7,250,0.19
2004,7,11,11,988,986,67,26,-1,17,785,7.2,250,0.19
2004,7,11,12,1020,979,78,27,-1,16,785,4.6,230,0.19
2004,7,11,13,996,978,77,26,-2,15,785,5.1,220,0.19
2004,7,11,14,898,941,78,28,-1,15,785,6.7,210,0.19
2004,7,11,15,758,847,117,28,-1,15,785,5.1,270,0.19
2004,7,11,16,626,920,67,28,-2,14,784,5.1,250,0.19
2004,7,11,17,427,866,53,27,-1,16,784,5.7,240,0.19
2004,7,11,18,246,795,53,26,-1,17,783,4.6,260,0.19
2004,7,11,19,22,318,5,21,-1,23,779,3.6,270,0.19
2004,7,11,20,0,0,0,17,-2,27,777,2.6,230,0.19
2004,7,11,21,0,0,0,13,-2,35,775,3.1,260,0.19
2004,7,11,22,0,0,0,13,-2,35,775,4.1,270,0.19
2004,7,11,23,0,0,0,12,-2,37,775,3.1,260,0.19
2004,7,12,0,0,0,0,10,-2,42,773,3.6,260,0.19
2004,7,12,1,0,0,0,9,-2,45,773,0,0,0.19
2004,7,12,2,0,0,0,9,-2,45,772,3.1,260,0.19
2004,7,12,3,0,0,0,9,-2,45,773,4.6,270,0.19
2004,7,12,4,0,0,0,8,-2,48,772,3.6,260,0.19
2004,7,12,5,9,217,3,8,-2,48,773,3.6,270,0.19
2004,7,12,6,168,672,23,14,-1,35,777,0,0,0.19
2004,7,12,7,366,803,41,20,-1,24,781,0,0,0.19
2004,7,12,8,571,894,50,25,0,19,784,2.6,310,0.19
2004,7,12,9,737,843,116,27,1,18,785,2.6,260,0.19
2004,7,12,10,735,481,322,28,1,17,785,5.1,210,0.19
2004,7,12,11,380,48,336,29,1,16,786,5.1,150,0.19
2004,7,12,12,169,0,169,29,1,16,786,6.7,130,0.19
2004,7,12,13,187,12,175,29,0,15,785,4.6,140,0.19
2004,7,12,14,872,698,264,29,1,16,785,5.7,150,0.19
2004,7,12,15,779,828,152,30,0,14,785,6.7,130,0.19
2004,7,12,16,459,325,261,28,-1,15,784,3.6,190,0.19
2004,7,12,17,403,591,148,28,0,16,783,3.1,160,0.19
2004,7,12,18,130,87,109,26,0,18,782,3.6,170,0.19
2004,7,12,19,12,34,10,25,2,22,781,6.2,150,0.19
2004,7,12,20,0,0,0,22,2,27,779,1.5,140,0.19
2004,7,12,21,0,0,0,20,2,30,778,2.6,160,0.19
2004,7,12,22,0,0,0,21,3,30,779,2.6,150,0.19
2004,7,12,23,0,0,0,16,2,39,776,4.1,130,0.19
2004,7,13,0,0,0,0,16,3,42,776,2.6,150,0.19
2004,7,13,1,0,0,0,15.7,3.5,44,776,1.3,80,0.19
2004,7,13,2,0,0,0,15,4,48,776,0,0,0.19
2004,7,13,3,0,0,0,12,4,58,774,2.1,30,0.19
2004,7,13,4,0,0,0,11,3,58,774,0,0,0.19
2004,7,13,5,6,43,5,11,4,62,774,2.6,240,0.19
2004,7,13,6,108,156,75,17,6,48,778,1.5,190,0.19
2004,7,13,7,357,595,117,20,7,43,780,3.1,130,0.19
2004,7,13,8,280,139,199,23,7,36,782,2.6,150,0.19
2004,7,13,9,726,737,184,24,6,31,783,4.1,160,0.19
2004,7,13,10,870,909,92,26,5,26,784,4.1,160,0.19
2004,7,13,11,947,885,123,28,5,23,785,5.7,130,0.19
2004,7,13,12,971,793,209,28,4,22,785,6.7,140,0.19
2004,7,13,13,654,344,331,29,3,19,785,5.7,130,0.19
2004,7,13,14,142,0,142,28,2,19,784,3.1,180,0.19
2004,7,13,15,264,18,250,27,5,24,784,5.1,250,0.19
2004,7,13,16,553,563,212,23,7,36,783,7.7,290,0.19
2004,7,13,17,420,795,78,24,6,31,783,7.2,280,0.19
2004,7,13,18,249,768,64,23,6,33,782,2.1,280,0.19
2004,7,13,19,21,299,5,19,6,43,779,2.6,270,0.19
2004,7,13,20,0,0,0,17,6,48,778,4.1,270,0.19
2004,7,13,21,0,0,0,15.3,5.6,52,777,3.6,270,0.19
2004,7,13,22,0,0,0,14,5,55,777,3.1,260,0.19
2004,7,13,23,0,0,0,14.7,5.7,55,777,3.3,260,0.19
2004,7,14,0,0,0,0,15.6,6.2,53,777,3.4,260,0.19
2004,7,14,1,0,0,0,17,7,52,777,3.6,260,0.19
2004,7,14,2,0,0,0,16,6,51,777,3.1,260,0.19
2004,7,14,3,0,0,0,15,6,55,777,2.1,280,0.19
2004,7,14,4,0,0,0,14,6,59,777,2.6,290,0.19
2004,7,14,5,4,0,4,15,7,59,778,2.1,270,0.19
2004,7,14,6,76,25,71,18,8,52,780,3.6,260,0.19
2004,7,14,7,274,292,157,22,7,38,783,7.2,280,0.19
2004,7,14,8,525,662,141,23,7,36,784,5.7,310,0.19
2004,7,14,9,688,731,151,24.9,7.1,32,785,5.4,290,0.19
2004,7,14,10,808,677,229,26,7,30,786,5.1,260,0.19
2004,7,14,11,772,436,365,24,8,36,785,7.2,230,0.19
2004,7,14,12,271,12,260,26,6,28,785,3.6,210,0.19
2004,7,14,13,480,109,378,24,8,36,783,6.2,280,0.19
2004,7,14,14,652,322,373,24,8,36,783,6.7,280,0.19
2004,7,14,15,691,595,241,26,7,30,784,3.1,310,0.19
2004,7,14,16,124,0,124,23,9,41,783,3.6,20,0.19
2004,7,14,17,84,0,84,22,9,43,783,7.2,310,0.19
2004,7,14,18,172,294,101,21,9,46,781,5.1,320,0.19
2004,7,14,19,14,113,8,19,9,52,780,2.6,290,0.19
2004,7,14,20,0,0,0,19,9,52,780,3.6,290,0.19
2004,7,14,21,0,0,0,17,9,59,779,3.6,260,0.19
2004,7,14,22,0,0,0,14,8,67,777,2.6,260,0.19
2004,7,14,23,0,0,0,14,8,67,778,0,0,0.19
2004,7,15,0,0,0,0,12,7,71,776,2.6,240,0.19
2004,7,15,1,0,0,0,12,7,71,777,2.1,270,0.19
2004,7,15,2,0,0,0,12,7,71,777,1.5,290,0.19
2004,7,15,3,0,0,0,12,7,71,776,1.5,260,0.19
2004,7,15,4,0,0,0,12,7,71,777,0,0,0.19
2004,7,15,5,1,0,1,11,7,76,777,2.6,290,0.19
2004,7,15,6,45,0,45,17,9,59,780,0,0,0.19
2004,7,15,7,105,0,105,19,11,60,781,4.6,310,0.19
2004,7,15,8,545,673,155,22,10,46,783,4.6,300,0.19
2004,7,15,9,720,866,85,24,10,41,784,3.1,230,0.19
2004,7,15,10,847,737,218,25,8,34,785,4.1,160,0.19
2004,7,15,11,158,12,147,24,11,44,784,5.1,110,0.19
2004,7,15,12,163,0,163,17,10,63,782,5.7,10,0.19
2004,7,15,13,156,0,156,16,12,77,782,2.6,340,0.19
2004,7,15,14,769,504,331,16,13,82,781,2.6,20,0.19
2004,7,15,15,495,196,346,16,12,77,780,5.1,40,0.19
2004,7,15,16,219,6,215,18,12,68,781,3.6,10,0.19
2004,7,15,17,177,13,171,19,11,60,781,4.6,290,0.19
2004,7,15,18,226,358,141,18,11,64,780,3.1,310,0.19
2004,7,15,19,18,136,11,16,11,72,779,4.6,270,0.19
2004,7,15,20,0,0,0,16,12,77,779,3.1,260,0.19
2004,7,15,21,0,0,0,16,11,72,778,4.1,300,0.19
2004,7,15,22,0,0,0,14,11,82,777,2.6,290,0.19
2004,7,15,23,0,0,0,13,11,88,776,2.6,270,0.19
2004,7,16,0,0,0,0,12,11,94,777,2.6,320,0.19
2004,7,16,1,0,0,0,13,11,88,777,3.1,270,0.19
2004,7,16,2,0,0,0,13,11,88,777,1.5,270,0.19
2004,7,16,3,0,0,0,13,11,88,777,1.5,350,0.19
2004,7,16,4,0,0,0,12,11,94,776,3.6,280,0.19
2004,7,16,5,5,111,2,12,10,88,776,0,0,0.19
2004,7,16,6,134,391,52,12,10,88,777,2.1,360,0.19
2004,7,16,7,360,745,63,17,11,68,780,1.5,360,0.19
2004,7,16,8,565,870,62,20,11,56,782,1.5,360,0.19
2004,7,16,9,757,937,72,23,8,38,783,0,0,0.19
2004,7,16,10,875,820,176,23,8,38,783,2.1,320,0.19
2004,7,16,11,415,66,354,26,8,32,784,2.1,290,0.19
2004,7,16,12,247,6,242,25,8,34,784,2.6,250,0.19
2004,7,16,13,367,42,328,24.8,8,34,783,2.7,290,0.19
2004,7,16,14,905,826,188,24.7,7.7,34,783,2.9,340,0.19
2004,7,16,15,773,626,301,24.6,6.9,32,782,3,20,0.19
2004,7,16,16,95,0,95,24,7,34,781,3.1,60,0.19
2004,7,16,17,278,191,197,21,9,46,780,8.2,330,0.19
2004,7,16,18,241,440,137,19,10,56,780,6.2,310,0.19
2004,7,16,19,18,164,10,17,10,63,779,3.6,330,0.19
2004,7,16,20,0,0,0,17,10,63,779,0,0,0.19
2004,7,16,21,0,0,0,16,10,68,779,0,0,0.19
2004,7,16,22,0,0,0,16,11,72,779,0,0,0.19
2004,7,16,23,0,0,0,15,11,77,777,0,0,0.19
2004,7,17,0,0,0,0,13,11,88,775,3.1,290,0.19
2004,7,17,1,0,0,0,13,10,82,776,2.1,250,0.19
2004,7,17,2,0,0,0,12,10,88,775,3.1,260,0.19
2004,7,17,3,0,0,0,12,9,82,775,4.1,270,0.19
2004,7,17,4,0,0,0,12,10,88,776,0,0,0.19
2004,7,17,5,5,151,2,13,9,77,777,1.5,290,0.19
2004,7,17,6,147,595,24,13,10,82,778,1.5,250,0.19
2004,7,17,7,318,538,105,18,11,64,781,2.1,200,0.19
2004,7,17,8,544,760,106,21,11,53,782,4.1,140,0.19
2004,7,17,9,719,813,125,21,9,46,782,3.1,140,0.19
2004,7,17,10,762,570,277,22,10,46,783,5.7,140,0.19
2004,7,17,11,935,807,186,24,10,41,784,5.1,170,0.19
2004,7,17,12,929,655,302,25,10,39,784,6.7,160,0.19
2004,7,17,13,417,66,355,24,10,41,783,7.2,150,0.19
2004,7,17,14,375,24,354,24,8,36,783,4.1,140,0.19
2004,7,17,15,183,0,183,22,9,43,782,6.2,290,0.19
2004,7,17,16,438,275,272,19,11,60,780,5.7,290,0.19
2004,7,17,17,414,606,156,19,12,64,781,4.1,290,0.19
2004,7,17,18,108,48,97,19,11,60,781,3.6,350,0.19
2004,7,17,19,8,18,7,18,10,59,779,4.1,10,0.19
2004,7,17,20,0,0,0,17,11,68,779,2.1,300,0.19
2004,7,17,21,0,0,0,16,12,77,779,2.6,280,0.19
2004,7,17,22,0,0,0,14,12,88,778,1.5,270,0.19
2004,7,17,23,0,0,0,13,11,88,777,1.5,290,0.19
2004,7,18,0,0,0,0,12,10,88,776,2.6,260,0.19
2004,7,18,1,0,0,0,12,10,88,776,2.6,300,0.19
2004,7,18,2,0,0,0,11,9,87,776,3.6,270,0.19
2004,7,18,3,0,0,0,11,8,82,776,3.1,280,0.19
2004,7,18,4,0,0,0,10,8,87,776,2.6,270,0.19
2004,7,18,5,4,138,2,9,8,93,776,2.6,260,0.19
2004,7,18,6,146,593,25,13,9,77,778,0,0,0.19
2004,7,18,7,359,800,43,18,10,59,781,2.1,290,0.19
2004,7,18,8,548,847,62,22,9,43,783,0,0,0.19
2004,7,18,9,719,878,79,23,7,36,784,3.1,80,0.19
2004,7,18,10,830,707,229,21,10,49,783,4.1,150,0.19
2004,7,18,11,532,155,388,22,7,38,784,6.7,150,0.19
2004,7,18,12,977,799,213,22,6,35,784,3.6,300,0.19
2004,7,18,13,604,217,401,23,7,36,784,5.7,310,0.19
2004,7,18,14,672,346,372,23,6,33,784,0,0,0.19
2004,7,18,15,420,98,347,24,6,31,784,1.5,300,0.19
2004,7,18,16,124,0,124,20,9,49,782,6.7,230,0.19
2004,7,18,17,364,369,208,22,8,41,784,3.6,270,0.19
2004,7,18,18,41,0,41,20,9,49,782,4.1,270,0.19
2004,7,18,19,3,0,3,18,8,52,780,3.6,280,0.19
2004,7,18,20,0,0,0,17,8,55,779,2.1,290,0.19
2004,7,18,21,0,0,0,14,10,77,778,2.6,260,0.19
2004,7,18,22,0,0,0,13,10,82,778,3.1,260,0.19
2004,7,18,23,0,0,0,12,9,82,777,3.6,270,0.19
2004,7,19,0,0,0,0,13,10,82,778,3.1,290,0.19
2004,7,19,1,0,0,0,13,9,77,777,2.6,270,0.19
2004,7,19,2,0,0,0,13,9,77,777,2.1,280,0.19
2004,7,19,3,0,0,0,13,9,77,777,3.1,270,0.19
2004,7,19,4,0,0,0,11,9,87,776,2.6,260,0.19
2004,7,19,5,4,164,1,12,8,76,777,3.1,270,0.19
2004,7,19,6,141,562,28,14,9,72,779,2.1,40,0.19
2004,7,19,7,349,716,68,19,9,52,782,2.1,40,0.19
2004,7,19,8,497,620,142,22,8,41,784,3.1,80,0.19
2004,7,19,9,676,719,152,24,7,34,785,4.1,260,0.19
2004,7,19,10,892,790,221,24,4,27,785,2.6,310,0.19
2004,7,19,11,158,6,152,24,4,27,785,0,0,0.19
2004,7,19,12,247,6,242,17,11,68,782,7.2,280,0.19
2004,7,19,13,293,6,287,19,9,52,782,5.1,270,0.19
2004,7,19,14,498,128,387,22,8,41,783,2.6,320,0.19
2004,7,19,15,577,295,355,24,6,31,784,2.1,360,0.19
2004,7,19,16,614,645,227,23,7,36,783,3.6,40,0.19
2004,7,19,17,170,20,161,25,6,30,784,0,0,0.19
2004,7,19,18,234,405,140,21,8,43,782,5.7,300,0.19
2004,7,19,19,15,142,9,19,7,46,779,2.1,280,0.19
2004,7,19,20,0,0,0,17,8,55,779,4.1,260,0.19
2004,7,19,21,0,0,0,13,7,67,776,2.6,240,0.19
2004,7,19,22,0,0,0,13,8,72,776,3.6,270,0.19
2004,7,19,23,0,0,0,12,8,76,776,4.1,270,0.19
2004,7,20,0,0,0,0,12,8,76,777,4.1,280,0.19
2004,7,20,1,0,0,0,12,8,76,776,3.6,270,0.19
2004,7,20,2,0,0,0,12,8,76,776,3.6,280,0.19
2004,7,20,3,0,0,0,14,7,63,777,5.7,270,0.19
2004,7,20,4,0,0,0,14,8,67,778,6.7,310,0.19
2004,7,20,5,3,111,1,14,8,67,778,4.1,310,0.19
2004,7,20,6,134,392,56,17,8,55,780,3.6,360,0.19
2004,7,20,7,158,78,128,18,8,52,780,6.7,20,0.19
2004,7,20,8,568,753,138,19,7,46,781,5.1,10,0.19
2004,7,20,9,735,907,76,22,7,38,784,2.1,330,0.19
2004,7,20,10,892,855,166,24,5,29,784,6.2,280,0.19
2004,7,20,11,456,96,367,25,4,26,784,3.6,280,0.19
2004,7,20,12,694,336,372,24,5,29,784,4.6,300,0.19
2004,7,20,13,505,103,409,24,3,25,784,8.2,280,0.19
2004,7,20,14,149,0,149,23,3,27,784,8.2,260,0.19
2004,7,20,15,353,61,307,23,4,29,783,9.3,20,0.19
2004,7,20,16,132,0,132,22,4,31,782,2.1,30,0.19
2004,7,20,17,425,666,144,24,4,27,783,2.1,30,0.19
2004,7,20,18,237,740,66,21,4,33,781,4.6,40,0.19
2004,7,20,19,15,253,4,18,6,45,780,2.1,340,0.19
2004,7,20,20,0,0,0,14,5,55,777,3.6,20,0.19
2004,7,20,21,0,0,0,13,6,62,777,1.5,260,0.19
2004,7,20,22,0,0,0,12,6,67,776,3.1,270,0.19
2004,7,20,23,0,0,0,14,7,63,777,2.1,290,0.19
2004,7,21,0,0,0,0,12,6,67,776,5.1,330,0.19
2004,7,21,1,0,0,0,13,6,62,777,4.1,340,0.19
2004,7,21,2,0,0,0,9,5,76,774,3.6,280,0.19
2004,7,21,3,0,0,0,9,6,81,774,3.6,260,0.19
2004,7,21,4,0,0,0,8,5,81,774,4.1,280,0.19
2004,7,21,5,3,114,1,7,5,87,773,3.6,270,0.19
2004,7,21,6,136,544,29,12,6,67,777,2.6,270,0.19
2004,7,21,7,348,771,48,18,6,45,780,1.5,280,0.19
2004,7,21,8,542,823,74,22,6,35,783,2.1,300,0.19
2004,7,21,9,740,919,73,25,3,24,784,5.7,310,0.19
2004,7,21,10,835,737,211,27,2,20,785,3.1,300,0.19
2004,7,21,11,508,114,403,24,1,22,784,6.7,290,0.19
2004,7,21,12,241,24,218,26,2,21,785,6.7,290,0.19
2004,7,21,13,953,785,221,23,3,27,783,4.1,200,0.19
2004,7,21,14,886,954,63,27,2,20,785,6.7,280,0.19
2004,7,21,15,774,939,71,27,1,18,785,2.1,280,0.19
2004,7,21,16,600,834,103,27,-1,16,784,4.1,280,0.19
2004,7,21,17,375,588,128,26,1,20,784,4.6,330,0.19
2004,7,21,18,225,490,113,24,2,24,782,3.6,360,0.19
2004,7,21,19,13,164,7,21,3,30,780,4.1,20,0.19
2004,7,21,20,0,0,0,16,2,39,777,2.6,20,0.19
2004,7,21,21,0,0,0,13,4,54,775,3.1,270,0.19
2004,7,21,22,0,0,0,13,4,54,775,3.1,270,0.19
2004,7,21,23,0,0,0,12,4,58,774,4.6,270,0.19
2004,7,22,0,0,0,0,10.7,3.4,61,774,4.6,270,0.19
2004,7,22,1,0,0,0,10,3,62,774,4.6,270,0.19
2004,7,22,2,0,0,0,9,3,66,772,5.1,280,0.19
2004,7,22,3,0,0,0,8,3,71,772,2.6,260,0.19
2004,7,22,4,0,0,0,8,3,71,772,4.6,270,0.19
2004,7,22,5,2,115,1,8,3,71,772,4.1,270,0.19
2004,7,22,6,139,587,24,12,4,58,774,3.1,280,0.19
2004,7,22,7,352,798,42,18,4,39,778,0,0,0.19
2004,7,22,8,547,863,57,23,3,27,781,0,0,0.19
2004,7,22,9,734,913,73,26,0,18,783,2.1,60,0.19
2004,7,22,10,840,737,218,27,-2,15,784,2.6,110,0.19
2004,7,22,11,175,12,164,27,-3,13,784,4.6,240,0.19
2004,7,22,12,458,84,378,25,-1,18,783,3.6,180,0.19
2004,7,22,13,879,610,310,25,1,21,783,6.2,260,0.19
2004,7,22,14,589,255,369,27,-1,16,784,2.6,280,0.19
2004,7,22,15,177,0,177,24,1,22,782,8.7,280,0.19
2004,7,22,16,586,664,190,27,-1,16,783,3.6,20,0.19
2004,7,22,17,402,582,158,26,0,18,782,4.1,310,0.19
2004,7,22,18,43,0,43,24,1,22,781,5.1,30,0.19
2004,7,22,19,2,0,2,22,1,25,779,1.5,250,0.19
2004,7,22,20,0,0,0,20,1,28,778,2.6,320,0.19
2004,7,22,21,0,0,0,17,2,36,776,3.1,30,0.19
2004,7,22,22,0,0,0,12,1,47,773,0,0,0.19
2004,7,22,23,0,0,0,12,1,47,773,2.1,250,0.19
2004,7,23,0,0,0,0,10,2,57,772,3.6,280,0.19
2004,7,23,1,0,0,0,9,1,57,772,1.5,240,0.19
2004,7,23,2,0,0,0,8,2,66,771,2.6,280,0.19
2004,7,23,3,0,0,0,8,2,66,771,4.6,280,0.19
2004,7,23,4,0,0,0,7,2,70,770,3.6,270,0.19
2004,7,23,5,2,140,0,8,2,66,772,3.6,270,0.19
2004,7,23,6,138,595,23,12,3,54,774,2.6,290,0.19
2004,7,23,7,351,803,41,17,3,39,777,2.6,360,0.19
2004,7,23,8,536,834,64,21,3,30,780,4.1,50,0.19
2004,7,23,9,712,789,142,24,3,25,782,3.1,30,0.19
2004,7,23,10,581,410,235,25,2,22,783,3.1,80,0.19
2004,7,23,11,152,6,146,24,2,24,782,2.1,140,0.19
2004,7,23,12,326,36,291,21,2,28,781,8.2,190,0.19
2004,7,23,13,629,223,422,20,3,32,781,9.8,210,0.19
2004,7,23,14,388,55,341,24,2,24,781,5.1,60,0.19
2004,7,23,15,747,737,198,24,1,22,782,2.6,10,0.19
2004,7,23,16,565,640,185,26,1,20,782,2.1,330,0.19
2004,7,23,17,188,79,155,22,2,27,781,12.9,280,0.19
2004,7,23,18,188,297,121,22,2,27,781,8.2,320,0.19
2004,7,23,19,9,94,6,19,2,32,779,7.2,30,0.19
2004,7,23,20,0,0,0,15,2,41,776,3.1,60,0.19
2004,7,23,21,0,0,0,11,1,50,774,0,0,0.19
2004,7,23,22,0,0,0,13,3,51,775,3.1,250,0.19
2004,7,23,23,0,0,0,14,4,51,776,2.6,250,0.19
2004,7,24,0,0,0,0,13,4,54,777,1.5,320,0.19
2004,7,24,1,0,0,0,11,3,58,775,2.1,260,0.19
2004,7,24,2,0,0,0,9,3,66,774,1.5,190,0.19
2004,7,24,3,0,0,0,7,2,70,773,2.6,250,0.19
2004,7,24,4,0,0,0,7,3,76,773,2.6,230,0.19
2004,7,24,5,1,65,1,7,2,70,774,0,0,0.19
2004,7,24,6,114,348,47,12,5,62,777,2.1,260,0.19
2004,7,24,7,332,619,95,18,3,37,781,0,0,0.19
2004,7,24,8,541,793,93,21,3,30,783,2.1,360,0.19
2004,7,24,9,647,618,202,23,3,27,785,0,0,0.19
2004,7,24,10,846,849,130,24,2,24,785,6.2,280,0.19
2004,7,24,11,970,866,172,25,-1,18,785,4.6,330,0.19
2004,7,24,12,615,252,375,24,4,27,784,5.7,150,0.19
2004,7,24,13,156,6,150,22,4,31,784,6.7,100,0.19
2004,7,24,14,751,486,333,21,8,43,785,8.2,150,0.19
2004,7,24,15,748,829,131,20,6,40,784,6.2,140,0.19
2004,7,24,16,602,903,67,21,5,35,785,4.6,140,0.19
2004,7,24,17,412,642,146,22,4,31,785,3.6,140,0.19
2004,7,24,18,73,0,73,22,4,31,784,2.6,140,0.19
2004,7,24,19,3,0,3,18,3,37,781,2.6,100,0.19
2004,7,24,20,0,0,0,16,4,45,780,3.6,240,0.19
2004,7,24,21,0,0,0,14,4,51,779,1.5,290,0.19
2004,7,24,22,0,0,0,11,3,58,777,2.1,320,0.19
2004,7,24,23,0,0,0,8,3,71,776,2.1,250,0.19
2004,7,25,0,0,0,0,7,2,70,775,0,0,0.19
2004,7,25,1,0,0,0,9,4,71,777,3.6,270,0.19
2004,7,25,2,0,0,0,10,4,66,777,2.6,270,0.19
2004,7,25,3,0,0,0,9,3,66,777,4.1,270,0.19
2004,7,25,4,0,0,0,8,3,71,776,1.5,310,0.19
2004,7,25,5,0,0,0,8,3,71,776,2.1,230,0.19
2004,7,25,6,48,0,48,12,4,58,779,3.1,270,0.19
2004,7,25,7,269,306,152,16,4,45,782,0,0,0.19
2004,7,25,8,525,660,154,21,3,30,784,0,0,0.19
2004,7,25,9,528,330,291,23,3,27,786,0,0,0.19
2004,7,25,10,761,564,286,25,1,21,787,0,0,0.19
2004,7,25,11,456,96,368,27,1,18,788,5.1,350,0.19
2004,7,25,12,163,0,163,22,1,25,786,8.7,220,0.19
2004,7,25,13,156,0,156,17,7,52,785,8.2,290,0.19
2004,7,25,14,142,0,142,16,7,55,783,11.3,290,0.19
2004,7,25,15,476,178,344,19,7,46,784,6.7,20,0.19
2004,7,25,16,198,0,198,20,6,40,785,6.2,360,0.19
2004,7,25,17,129,0,129,19,5,40,784,4.1,30,0.19
2004,7,25,18,223,368,142,19,4,37,783,2.6,50,0.19
2004,7,25,19,9,109,6,14,6,59,779,2.6,240,0.19
2004,7,25,20,0,0,0,14,6,59,779,0,0,0.19
2004,7,25,21,0,0,0,14,6,59,779,1.5,280,0.19
2004,7,25,22,0,0,0,12,6,67,777,3.1,280,0.19
2004,7,25,23,0,0,0,11,6,71,777,1.5,360,0.19
2004,7,26,0,0,0,0,12,6,67,778,2.6,260,0.19
2004,7,26,1,0,0,0,10,5,71,777,1.5,120,0.19
2004,7,26,2,0,0,0,11,5,66,778,3.6,240,0.19
2004,7,26,3,0,0,0,11,6,71,777,2.6,260,0.19
2004,7,26,4,0,0,0,9,4,71,776,0,0,0.19
2004,7,26,5,0,111,0,9,4,71,776,3.6,270,0.19
2004,7,26,6,128,550,25,14,6,59,779,0,0,0.19
2004,7,26,7,335,752,50,18,6,45,782,0,0,0.19
2004,7,26,8,540,868,53,20,4,35,783,4.6,140,0.19
2004,7,26,9,717,883,83,22,6,35,784,3.6,130,0.19
2004,7,26,10,806,647,262,23,5,31,784,3.1,160,0.19
2004,7,26,11,175,12,164,23,5,31,784,5.7,190,0.19
2004,7,26,12,519,108,416,22,2,27,783,9.8,240,0.19
2004,7,26,13,293,6,287,21,3,30,782,14.9,270,0.19
2004,7,26,14,220,6,215,19,6,43,782,6.7,40,0.19
2004,7,26,15,735,584,302,21,3,30,782,5.1,360,0.19
2004,7,26,16,419,232,283,19,5,40,781,6.7,30,0.19
2004,7,26,17,320,398,156,20,5,37,781,4.1,20,0.19
2004,7,26,18,227,396,140,19,2,32,779,4.6,280,0.19
2004,7,26,19,9,113,5,18,4,39,779,5.1,230,0.19
2004,7,26,20,0,0,0,16,6,51,777,2.6,130,0.19
2004,7,26,21,0,0,0,15,7,59,777,2.1,320,0.19
2004,7,26,22,0,0,0,15,6,55,777,3.1,350,0.19
2004,7,26,23,0,0,0,13,6,62,776,0,0,0.19
2004,7,27,0,0,0,0,13,6,62,776,3.1,340,0.19
2004,7,27,1,0,0,0,13,7,67,776,7.7,30,0.19
2004,7,27,2,0,0,0,12,8,76,776,6.7,350,0.19
2004,7,27,3,0,0,0,11,7,76,775,2.6,20,0.19
2004,7,27,4,0,0,0,8,6,87,773,2.1,260,0.19
2004,7,27,5,0,0,0,9,7,87,774,3.1,270,0.19
2004,7,27,6,118,349,53,11,7,76,775,3.1,290,0.19
2004,7,27,7,156,89,123,12,8,76,776,2.1,240,0.19
2004,7,27,8,525,666,152,17,7,52,779,2.1,360,0.19
2004,7,27,9,711,753,171,21,5,35,781,3.1,210,0.19
2004,7,27,10,214,24,194,22,5,33,781,4.6,260,0.19
2004,7,27,11,152,0,152,19,6,43,780,7.2,50,0.19
2004,7,27,12,157,0,157,19,4,37,779,1.5,270,0.19
2004,7,27,13,156,0,156,15,8,63,777,3.6,180,0.19
2004,7,27,14,142,0,142,14,7,63,777,9.8,240,0.19
2004,7,27,15,123,0,123,14,5,55,778,11.3,270,0.19
2004,7,27,16,96,0,96,11,7,76,778,8.7,290,0.19
2004,7,27,17,87,0,87,12,7,71,776,5.7,320,0.19
2004,7,27,18,92,0,92,13,7,67,777,0,0,0.19
2004,7,27,19,3,0,3,12,6,67,776,4.6,350,0.19
2004,7,27,20,0,0,0,11,6,71,775,3.6,20,0.19
2004,7,27,21,0,0,0,9,7,87,773,0,0,0.19
2004,7,27,22,0,0,0,8,6,87,772,3.6,270,0.19
2004,7,27,23,0,0,0,8,6,87,773,2.1,270,0.19
2004,7,28,0,0,0,0,7,5,87,772,3.1,280,0.19
2004,7,28,1,0,0,0,6,4,87,772,3.1,270,0.19
2004,7,28,2,0,0,0,7,4,81,773,3.1,260,0.19
2004,7,28,3,0,0,0,6,4,87,772,3.6,290,0.19
2004,7,28,4,0,0,0,5,3,87,772,3.6,270,0.19
2004,7,28,5,0,0,0,4,3,93,772,3.1,270,0.19
2004,7,28,6,129,595,21,8,4,76,774,3.1,260,0.19
2004,7,28,7,334,767,46,13,6,62,777,1.5,330,0.19
2004,7,28,8,544,874,57,18,4,39,780,1.5,350,0.19
2004,7,28,9,706,859,91,21,4,33,782,0,0,0.19
2004,7,28,10,873,944,83,23,2,25,783,3.1,300,0.19
2004,7,28,11,981,998,67,23,1,23,783,3.6,280,0.19
2004,7,28,12,1019,1003,71,23,0,22,782,2.6,270,0.19
2004,7,28,13,998,857,205,25,0,19,783,3.6,40,0.19
2004,7,28,14,505,146,381,23,1,23,782,11.8,20,0.19
2004,7,28,15,415,98,343,19,6,43,781,5.7,40,0.19
2004,7,28,16,531,415,288,22,2,27,781,1.5,30,0.19
2004,7,28,17,139,0,139,23,1,23,782,0,0,0.19
2004,7,28,18,235,428,143,22,1,25,781,5.1,110,0.19
2004,7,28,19,7,112,4,17,4,42,778,4.1,130,0.19
2004,7,28,20,0,0,0,11,3,58,774,0,0,0.19
2004,7,28,21,0,0,0,9,3,66,773,2.6,260,0.19
2004,7,28,22,0,0,0,10,4,66,773,2.1,290,0.19
2004,7,28,23,0,0,0,11,3,58,774,5.1,270,0.19
2004,7,29,0,0,0,0,9,2,61,773,1.5,320,0.19
2004,7,29,1,0,0,0,8,3,71,772,2.6,260,0.19
2004,7,29,2,0,0,0,7,2,70,771,4.1,270,0.19
2004,7,29,3,0,0,0,7,2,70,772,3.6,270,0.19
2004,7,29,4,0,0,0,7,2,70,771,3.1,260,0.19
2004,7,29,5,0,0,0,6,2,75,771,2.6,260,0.19
2004,7,29,6,122,540,25,12,3,54,775,0,0,0.19
2004,7,29,7,329,750,49,17,3,39,778,0,0,0.19
2004,7,29,8,534,845,65,22,-1,21,782,4.1,280,0.19
2004,7,29,9,716,918,61,24,-2,17,783,2.6,280,0.19
2004,7,29,10,862,903,107,25,-2,16,784,4.1,280,0.19
2004,7,29,11,818,580,287,25,-3,15,783,6.2,250,0.19
2004,7,29,12,766,384,403,27,-4,12,784,5.1,250,0.19
2004,7,29,13,430,54,380,25,-3,15,783,7.2,270,0.19
2004,7,29,14,227,18,211,25,-2,16,783,5.1,220,0.19
2004,7,29,15,777,651,297,26,-2,15,783,3.1,260,0.19
2004,7,29,16,561,741,129,26,-2,15,782,5.1,250,0.19
2004,7,29,17,393,806,67,26,-2,15,782,7.7,230,0.19
2004,7,29,18,224,690,78,24,-3,16,780,6.7,240,0.19
2004,7,29,19,6,173,2,19,-3,22,777,3.6,230,0.19
2004,7,29,20,0,0,0,18,-3,23,776,3.1,270,0.19
2004,7,29,21,0,0,0,12,-4,31,773,4.1,60,0.19
2004,7,29,22,0,0,0,13,-4,29,773,2.6,50,0.19
2004,7,29,23,0,0,0,11,-4,33,772,2.1,50,0.19
2004,7,30,0,0,0,0,12,-3,34,772,1.5,30,0.19
2004,7,30,1,0,0,0,9,-4,38,771,1.5,20,0.19
2004,7,30,2,0,0,0,8,-4,41,770,0,0,0.19
2004,7,30,3,0,0,0,5,-4,50,769,1.5,260,0.19
2004,7,30,4,0,0,0,6,-3,51,769,0,0,0.19
2004,7,30,5,0,0,0,9,-1,49,771,0,0,0.19
2004,7,30,6,87,178,55,12,0,44,774,0,0,0.19
2004,7,30,7,319,611,93,19,1,30,778,1.5,350,0.19
2004,7,30,8,523,815,72,22,-3,18,780,2.6,320,0.19
2004,7,30,9,721,912,72,24,-3,16,782,4.6,280,0.19
2004,7,30,10,850,938,68,25,-4,14,783,6.2,290,0.19
2004,7,30,11,952,950,84,27,-7,9,784,4.1,200,0.19
2004,7,30,12,983,943,94,27,-5,11,783,9.8,280,0.19
2004,7,30,13,979,984,72,27,-5,11,784,4.6,270,0.19
2004,7,30,14,901,991,58,26,-6,11,783,6.2,260,0.19
2004,7,30,15,771,940,80,27,-4,12,783,5.7,290,0.19
2004,7,30,16,584,874,76,27,-4,12,783,4.1,300,0.19
2004,7,30,17,403,860,57,26,-3,14,782,7.7,250,0.19
2004,7,30,18,212,644,77,24,-3,16,780,7.2,270,0.19
2004,7,30,19,5,153,2,19,-3,22,777,4.1,260,0.19
2004,7,30,20,0,0,0,14,-3,30,775,3.1,240,0.19
2004,7,30,21,0,0,0,14,-2,32,774,4.1,260,0.19
2004,7,30,22,0,0,0,12,-2,37,774,4.1,260,0.19
2004,7,30,23,0,0,0,11,-1,43,773,4.1,260,0.19
2004,7,31,0,0,0,0,11,-1,43,773,4.1,270,0.19
2004,7,31,1,0,0,0,9,-1,49,771,0,0,0.19
2004,7,31,2,0,0,0,9,-1,49,771,3.1,300,0.19
2004,7,31,3,0,0,0,9,-2,45,771,4.1,260,0.19
2004,7,31,4,0,0,0,7,-2,52,770,1.5,310,0.19
2004,7,31,5,0,0,0,6,-2,55,770,0,0,0.19
2004,7,31,6,83,158,55,12,1,47,774,0,0,0.19
2004,7,31,7,323,638,87,18,-1,27,778,0,0,0.19
2004,7,31,8,523,833,63,21,0,25,781,1.5,80,0.19
2004,7,31,9,699,853,94,24,-1,19,782,3.6,250,0.19
2004,7,31,10,867,944,81,26,1,20,784,5.1,120,0.19
2004,7,31,11,981,950,115,26,-2,15,784,7.7,210,0.19
2004,7,31,12,935,721,257,27,0,17,784,7.2,210,0.19
2004,7,31,13,437,60,381,28,-1,15,785,7.2,250,0.19
2004,7,31,14,298,12,288,28,-1,15,784,6.2,240,0.19
2004,7,31,15,205,0,205,26,-1,17,783,7.2,210,0.19
2004,7,31,16,207,6,204,27,-1,16,784,6.7,200,0.19
2004,7,31,17,369,461,185,26,0,18,784,5.1,250,0.19
2004,7,31,18,133,176,97,23,1,23,781,2.6,230,0.19
2004,7,31,19,2,40,2,21,1,26,780,4.1,240,0.19
2004,7,31,20,0,0,0,19,5,40,779,4.6,100,0.19
2004,7,31,21,0,0,0,18.2,5.4,28,780,4.3,320,0.19
2004,7,31,22,0,0,0,17.4,5.8,34,779,4,250,0.19
2004,7,31,23,0,0,0,16.6,6.2,34,778,3.7,300,0.19
1994,8,1,0,0,0,0,15.9,6.5,63,781,3.5,310,0.18
1994,8,1,1,0,0,0,15.1,6.9,56,780,3.2,20,0.18
1994,8,1,2,0,0,0,14.3,7.3,59,780,2.9,330,0.18
1994,8,1,3,0,0,0,13.5,7.7,68,779,2.6,300,0.18
1994,8,1,4,0,0,0,11.5,7.7,77,779,3.1,310,0.18
1994,8,1,5,5,23,4,10.5,7.8,83,778,3.1,350,0.18
1994,8,1,6,70,127,48,10.5,8.8,89,778,1.5,320,0.18
1994,8,1,7,163,242,74,17.2,7.2,52,781,3.1,10,0.18
1994,8,1,8,516,762,96,22.2,5.5,34,782,4.1,300,0.18
1994,8,1,9,703,830,115,25,6.1,30,784,3.6,320,0.18
1994,8,1,10,784,626,264,26.1,5,26,785,5.1,290,0.18
1994,8,1,11,891,828,138,27.7,3.8,22,784,4.1,280,0.18
1994,8,1,12,919,816,152,27.7,3.3,21,785,5.1,290,0.18
1994,8,1,13,899,824,143,27.7,2.2,19,785,4.1,70,0.18
1994,8,1,14,713,573,228,28.3,3.3,20,784,6.2,290,0.18
1994,8,1,15,671,678,175,28.1,3.4,20,784,7.7,290,0.18
1994,8,1,16,488,567,161,28.1,3.4,20,783,6.7,300,0.18
1994,8,1,17,331,642,76,27.7,3.5,21,783,4.1,310,0.18
1994,8,1,18,129,374,52,23.5,4.5,29,783,3.6,320,0.18
1994,8,1,19,9,10,8,19.3,5.7,41,782,2,300,0.18
1994,8,1,20,0,0,0,20.2,3.8,34,782,3.5,270,0.18
1994,8,1,21,0,0,0,16.1,3.9,44,781,2.9,270,0.18
1994,8,1,22,0,0,0,13.9,4,51,781,2.4,260,0.18
1994,8,1,23,0,0,0,11.7,3.1,56,780,2.8,300,0.18
1994,8,2,0,0,0,0,10.5,3.2,61,780,1.8,340,0.18
1994,8,2,1,0,0,0,9.3,3.3,66,779,3.7,280,0.18
1994,8,2,2,0,0,0,9.1,4.4,72,779,4.7,170,0.18
1994,8,2,3,0,0,0,8.2,4.5,77,778,1.6,270,0.18
1994,8,2,4,0,0,0,7.2,3.5,77,778,1.9,230,0.18
1994,8,2,5,4,25,3,8.2,4.6,78,777,2,180,0.18
1994,8,2,6,109,390,42,12.2,6.6,69,777,3,290,0.18
1994,8,2,7,308,653,69,17.7,6.1,46,780,1.5,340,0.18
1994,8,2,8,519,777,93,21.6,7.2,39,783,1.5,320,0.18
1994,8,2,9,668,750,138,26.1,5.5,27,785,1.5,110,0.18
1994,8,2,10,767,768,130,25.5,4.4,26,785,2,230,0.18
1994,8,2,11,894,824,146,25.5,5.5,28,785,3.6,170,0.18
1994,8,2,12,907,821,136,26.6,5,25,786,2.5,100,0.18
1994,8,2,13,948,878,144,27.7,4.4,23,786,4.1,100,0.18
1994,8,2,14,810,804,131,28.8,3.8,20,786,3,150,0.18
1994,8,2,15,721,828,118,27.4,2.1,19,786,0.6,200,0.18
1994,8,2,16,544,776,97,25.8,2.9,23,785,2.3,280,0.18
1994,8,2,17,342,681,73,23.7,3.7,27,784,2.4,350,0.18
1994,8,2,18,137,448,46,22.4,3.4,29,784,0,0,0.18
1994,8,2,19,10,52,8,21,5,35,783,1.6,280,0.18
1994,8,2,20,0,0,0,19.7,4.7,37,783,1.8,190,0.18
1994,8,2,21,0,0,0,17.3,4.3,42,782,1.9,100,0.18
1994,8,2,22,0,0,0,15,2.9,44,781,2,40,0.18
1994,8,2,23,0,0,0,14.6,2.6,44,781,1.6,60,0.18
1994,8,3,0,0,0,0,13.2,1.2,44,780,1.8,290,0.18
1994,8,3,1,0,0,0,13.9,0.9,41,779,3.4,340,0.18
1994,8,3,2,0,0,0,12.5,1.5,47,779,2.5,300,0.18
1994,8,3,3,0,0,0,13.2,1.2,44,778,1.6,340,0.18
1994,8,3,4,0,0,0,13.8,-0.2,38,778,1.8,280,0.18
1994,8,3,5,6,86,3,12.5,0.5,44,777,2.4,240,0.18
1994,8,3,6,127,612,23,12.7,1.1,45,776,3,260,0.18
1994,8,3,7,334,815,37,17.7,0,30,780,2.5,30,0.18
1994,8,3,8,544,903,50,23.3,0,21,784,1.5,250,0.18
1994,8,3,9,730,949,61,26.6,0,18,786,3.6,120,0.18
1994,8,3,10,876,976,68,28.3,0.5,16,787,3,140,0.18
1994,8,3,11,950,965,75,29.4,1.6,17,787,6.6,160,0.18
1994,8,3,12,923,895,85,30,1.1,16,787,4.1,210,0.18
1994,8,3,13,949,955,76,31.1,1.6,15,788,5.1,300,0.18
1994,8,3,14,820,879,79,31.1,2.2,16,788,4.6,320,0.18
1994,8,3,15,650,797,71,32.2,1.5,14,787,7.1,60,0.18
1994,8,3,16,564,887,56,31.2,2.8,16,786,3.5,350,0.18
1994,8,3,17,317,687,47,28.3,3.1,20,786,2.3,240,0.18
1994,8,3,18,142,545,33,26.6,3.1,22,785,2.8,300,0.18
1994,8,3,19,14,170,5,23.9,3.2,26,784,1.7,340,0.18
1994,8,3,20,0,0,0,21.2,3.2,31,784,0,0,0.18
1994,8,3,21,0,0,0,18.5,2.3,34,783,1.1,80,0.18
1994,8,3,22,0,0,0,16.8,1.3,35,782,0,0,0.18
1994,8,3,23,0,0,0,14.1,-0.7,36,781,1.4,120,0.18
1994,8,4,0,0,0,0,12.4,-0.6,40,781,1.8,120,0.18
1994,8,4,1,0,0,0,10.7,-1.6,42,780,3.4,120,0.18
1994,8,4,2,0,0,0,10,-1.6,44,779,3.3,140,0.18
1994,8,4,3,0,0,0,10.3,-0.5,47,779,3.2,120,0.18
1994,8,4,4,0,0,0,9.6,-1.5,45,778,2.1,260,0.18
1994,8,4,5,4,25,3,8.9,-1.4,48,777,4.7,180,0.18
1994,8,4,6,107,399,40,12.2,1.6,48,776,3,270,0.18
1994,8,4,7,305,663,65,20.5,1.6,28,782,2.5,20,0.18
1994,8,4,8,516,785,88,25,0,19,785,3.6,50,0.18
1994,8,4,9,705,851,106,27.2,-1.2,15,787,1.5,50,0.18
1994,8,4,10,853,889,118,29.4,0,15,788,5.1,160,0.18
1994,8,4,11,948,908,126,30.5,0.5,15,789,5.6,160,0.18
1994,8,4,12,969,897,131,31.1,0,14,790,3.6,170,0.18
1994,8,4,13,904,840,137,30,1.1,16,789,3,210,0.18
1994,8,4,14,827,811,145,30.5,0.5,15,789,4.6,230,0.18
1994,8,4,15,697,776,134,32.3,-4.2,9,789,4.4,210,0.18
1994,8,4,16,491,692,96,33.2,-6.9,7,788,3.6,250,0.18
1994,8,4,17,337,686,69,32,-3.6,10,787,2.4,290,0.18
1994,8,4,18,105,240,58,28.9,0.8,16,787,5.3,310,0.18
1994,8,4,19,7,18,6,26.7,2.1,20,786,2.9,330,0.18
1994,8,4,20,0,0,0,23.6,2.4,25,785,1.1,350,0.18
1994,8,4,21,0,0,0,23.4,2.7,26,785,0,0,0.18
1994,8,4,22,0,0,0,20.3,2,30,784,2.8,60,0.18
1994,8,4,23,0,0,0,16.1,-0.7,32,783,2.6,80,0.18
1994,8,5,0,0,0,0,14.9,-1.4,32,783,2.9,60,0.18
1994,8,5,1,0,0,0,13.8,-1.1,35,782,3.7,70,0.18
1994,8,5,2,0,0,0,12.6,0.3,43,781,3.5,70,0.18
1994,8,5,3,0,0,0,12.5,-0.4,41,781,3.7,110,0.18
1994,8,5,4,0,0,0,11.3,-1.1,42,780,4.5,120,0.18
1994,8,5,5,4,52,3,11.2,-1.8,40,779,4.8,150,0.18
1994,8,5,6,101,423,31,15,0.5,37,779,2.5,250,0.18
1994,8,5,7,284,615,62,21.1,1.1,26,784,1.5,130,0.18
1994,8,5,8,489,780,66,24.4,0.5,21,786,3,130,0.18
1994,8,5,9,664,843,73,26.1,0,18,787,4.6,150,0.18
1994,8,5,10,797,837,107,27.7,0.5,17,789,5.6,160,0.18
1994,8,5,11,883,881,87,29.4,0,15,790,6.1,200,0.18
1994,8,5,12,914,875,98,29.4,0,15,790,6.6,240,0.18
1994,8,5,13,897,879,96,30.3,0.6,15,790,7.4,250,0.18
1994,8,5,14,822,865,96,31.1,1.1,15,790,8.2,260,0.18
1994,8,5,15,611,656,137,28,2.3,19,789,9.6,240,0.18
1994,8,5,16,545,851,61,27,4.4,23,789,11.1,260,0.18
1994,8,5,17,321,570,100,25.9,4.6,25,788,6.9,260,0.18
1994,8,5,18,75,185,39,25.8,4.7,26,787,5.9,300,0.18
1994,8,5,19,9,54,7,21.8,4.9,33,787,6.3,340,0.18
1994,8,5,20,0,0,0,17.7,5,43,786,4.2,70,0.18
1994,8,5,21,0,0,0,17.6,4.2,41,785,2.1,150,0.18
1994,8,5,22,0,0,0,16.6,4.3,44,784,2,170,0.18
1994,8,5,23,0,0,0,15.5,4.5,48,784,4,100,0.18
1994,8,6,0,0,0,0,15.4,4.6,48,783,3.4,90,0.18
1994,8,6,1,0,0,0,14.3,3.8,49,782,4.4,110,0.18
1994,8,6,2,0,0,0,13.3,2.9,49,782,3.3,110,0.18
1994,8,6,3,0,0,0,11.2,3.1,57,781,3.8,160,0.18
1994,8,6,4,0,0,0,10.1,3.2,62,780,1.6,270,0.18
1994,8,6,5,4,62,2,12.1,3.4,55,780,3.7,180,0.18
1994,8,6,6,106,430,37,15,5.5,53,779,1.5,300,0.18
1994,8,6,7,278,502,98,19.4,5,39,783,1.5,360,0.18
1994,8,6,8,448,651,96,25,5,28,786,4.1,290,0.18
1994,8,6,9,649,739,132,26.6,3.8,23,787,5.6,300,0.18
1994,8,6,10,785,760,159,28.3,3.8,21,788,5.1,300,0.18
1994,8,6,11,896,889,95,27.7,3.3,21,788,8.7,290,0.18
1994,8,6,12,1002,966,102,27.7,5,23,788,9.2,220,0.18
1994,8,6,13,461,40,424,27.2,5.5,25,787,6.6,220,0.18
1994,8,6,14,601,535,153,29.4,4.4,20,787,3,150,0.18
1994,8,6,15,679,819,89,28,3.6,21,786,5.8,140,0.18
1994,8,6,16,547,846,68,25.5,5.8,28,786,5,150,0.18
1994,8,6,17,319,687,55,23.1,7.1,36,785,6.9,170,0.18
1994,8,6,18,132,475,42,20.6,4.3,34,784,2.5,120,0.18
1994,8,6,19,9,48,7,18.2,5.5,43,783,4.3,150,0.18
1994,8,6,20,0,0,0,15.7,5.7,51,782,1.5,140,0.18
1994,8,6,21,0,0,0,14.3,5.9,57,782,0.8,90,0.18
1994,8,6,22,0,0,0,11.8,6.1,68,781,1,350,0.18
1994,8,6,23,0,0,0,8.4,4.4,76,780,0,0,0.18
1994,8,7,0,0,0,0,7.9,4.6,80,779,0,0,0.18
1994,8,7,1,0,0,0,7.5,4.8,83,778,2.3,280,0.18
1994,8,7,2,0,0,0,6,4,87,778,3.1,260,0.18
1994,8,7,3,0,0,0,6,4,87,777,3.1,270,0.18
1994,8,7,4,0,0,0,5,3,87,777,2.1,260,0.18
1994,8,7,5,4,46,3,4,3,93,777,2.6,270,0.18
1994,8,7,6,107,449,35,9,6,81,777,3.6,260,0.18
1994,8,7,7,309,765,37,16,8,59,780,1.5,290,0.18
1994,8,7,8,528,886,51,21,2,28,782,4.6,310,0.18
1994,8,7,9,704,921,61,22,1,25,783,5.7,310,0.18
1994,8,7,10,643,520,215,23,-1,20,785,3.1,300,0.18
1994,8,7,11,868,782,164,24,-2,17,786,2.1,300,0.18
1994,8,7,12,824,583,282,25,-2,16,786,4.6,290,0.18
1994,8,7,13,726,468,301,26,-3,14,786,3.1,280,0.18
1994,8,7,14,799,684,228,27,-1,16,786,4.6,270,0.18
1994,8,7,15,594,560,192,27,-3,13,785,2.6,280,0.18
1994,8,7,16,425,437,178,26,-3,14,785,3.1,280,0.18
1994,8,7,17,262,462,85,26,-1,17,784,6.2,310,0.18
1994,8,7,18,87,57,76,24,-3,16,784,4.1,310,0.18
1994,8,7,19,6,19,5,20,-4,19,783,3.6,300,0.18
1994,8,7,20,0,0,0,14,-3,30,783,4.1,80,0.18
1994,8,7,21,0,0,0,16,-3,26,782,2.1,20,0.18
1994,8,7,22,0,0,0,10,-1,46,782,3.1,270,0.18
1994,8,7,23,0,0,0,11,-1,43,782,4.6,270,0.18
1994,8,8,0,0,0,0,9,-2,45,781,3.6,270,0.18
1994,8,8,1,0,0,0,8,-1,52,781,4.1,270,0.18
1994,8,8,2,0,0,0,8,-1,52,780,2.1,260,0.18
1994,8,8,3,0,0,0,7,-2,52,780,2.6,290,0.18
1994,8,8,4,0,0,0,7,-2,52,779,4.6,270,0.18
1994,8,8,5,2,8,2,7,-2,52,779,3.6,270,0.18
1994,8,8,6,100,138,78,11,-1,43,778,3.6,270,0.18
1994,8,8,7,268,516,86,16,-1,31,782,1.5,40,0.18
1994,8,8,8,474,606,149,20,-1,24,786,2.1,40,0.18
1994,8,8,9,695,881,82,24,-2,17,788,1.5,340,0.18
1994,8,8,10,804,778,166,25,-6,12,789,3.1,270,0.18
1994,8,8,11,868,859,96,26,-5,12,789,2.1,250,0.18
1994,8,8,12,913,876,100,28,-4,12,789,2.1,230,0.18
1994,8,8,13,527,430,138,27,-4,12,789,2.6,200,0.18
1994,8,8,14,247,0,247,29,-3,12,788,5.7,180,0.18
1994,8,8,15,209,0,209,27,-2,15,787,5.1,200,0.18
1994,8,8,16,198,0,198,28,-1,15,786,3.1,200,0.18
1994,8,8,17,124,0,124,27,-3,13,786,3.6,250,0.18
1994,8,8,18,131,236,88,26.3,0,18,785,3.1,170,0.18
1994,8,8,19,8,3,8,20.6,2.1,29,785,0,0,0.18
1994,8,8,20,0,0,0,20.9,2.1,29,784,5.6,20,0.18
1994,8,8,21,0,0,0,19.2,2.2,32,784,3.4,20,0.18
1994,8,8,22,0,0,0,17.5,3.2,38,784,2.9,340,0.18
1994,8,8,23,0,0,0,13.8,4.3,53,783,2.3,210,0.18
1994,8,9,0,0,0,0,11.2,6.3,72,783,2.8,180,0.18
1994,8,9,1,0,0,0,11.5,6.4,71,782,4.2,180,0.18
1994,8,9,2,0,0,0,11.8,7.4,74,782,4.2,170,0.18
1994,8,9,3,0,0,0,11.1,8.5,84,782,4.1,170,0.18
1994,8,9,4,0,0,0,10.4,9.5,94,781,4.1,140,0.18
1994,8,9,5,0,0,0,10.7,9.6,93,781,3,140,0.18
1994,8,9,6,68,234,32,15,11.6,80,780,3,120,0.18
1994,8,9,7,283,659,52,16.1,13.3,83,781,4.3,120,0.18
1994,8,9,8,473,779,56,17.7,12.2,70,783,5.6,120,0.18
1994,8,9,9,629,800,74,19.4,12.2,63,784,5.1,160,0.18
1994,8,9,10,802,655,267,21.1,11.6,55,785,4.1,140,0.18
1994,8,9,11,763,450,359,19.4,10,54,784,2.5,40,0.18
1994,8,9,12,828,598,275,16.6,12.7,78,783,5.1,110,0.18
1994,8,9,13,880,738,213,21.1,13.3,61,785,3,60,0.18
1994,8,9,14,693,552,234,20,13.3,65,784,2,80,0.18
1994,8,9,15,468,423,167,20.5,13,62,784,1.1,330,0.18
1994,8,9,16,434,555,124,23,13.7,56,784,3.8,130,0.18
1994,8,9,17,314,656,67,20.6,13.4,63,784,2.4,130,0.18
1994,8,9,18,96,116,75,21.1,12.1,56,783,3.5,140,0.18
1994,8,9,19,3,0,3,18.6,10.8,60,783,2.7,160,0.18
1994,8,9,20,0,0,0,13.1,12.5,96,783,2.8,140,0.18
1994,8,9,21,0,0,0,11.6,11.6,100,783,2.9,140,0.18
1994,8,9,22,0,0,0,9.2,9.2,100,783,0,0,0.18
1994,8,9,23,0,0,0,5.7,5.7,100,783,1.7,170,0.18
1994,8,10,0,0,0,0,8.2,8.2,100,782,3.3,190,0.18
1994,8,10,1,0,0,0,8.7,8.7,100,782,2.9,200,0.18
1994,8,10,2,0,0,0,8.3,8.3,100,782,2.9,220,0.18
1994,8,10,3,0,0,0,7.7,7.7,100,782,2.7,230,0.18
1994,8,10,4,0,0,0,7.3,7.3,100,782,2.8,220,0.18
1994,8,10,5,0,0,0,7.8,7.8,100,782,1.9,240,0.18
1994,8,10,6,68,29,64,13.3,11.6,89,782,2,250,0.18
1994,8,10,7,136,86,106,15,11.6,80,783,2,260,0.18
1994,8,10,8,348,126,280,18.3,12.2,68,785,2,70,0.18
1994,8,10,9,335,56,296,18.8,11.1,61,785,3.6,150,0.18
1994,8,10,10,507,276,282,19.4,11.1,59,786,4.1,130,0.18
1994,8,10,11,468,110,369,18.8,12.2,65,786,2,120,0.18
1994,8,10,12,838,639,247,20.9,11.2,54,786,2.3,140,0.18
1994,8,10,13,882,888,81,22.7,10.5,46,786,2.5,150,0.18
1994,8,10,14,823,911,69,23.3,9.4,41,786,2.5,120,0.18
1994,8,10,15,700,894,65,21.6,10.1,48,786,6.2,40,0.18
1994,8,10,16,541,879,54,21.8,9.7,46,785,10.8,60,0.18
1994,8,10,17,340,814,37,19.1,14.4,74,785,5.8,80,0.18
1994,8,10,18,133,621,23,19.3,12,63,784,3.3,100,0.18
1994,8,10,19,7,88,4,14.6,11.7,83,784,0,0,0.18
1994,8,10,20,0,0,0,9.9,9.9,100,784,1.9,80,0.18
1994,8,10,21,0,0,0,15.1,10,72,783,1.4,260,0.18
1994,8,10,22,0,0,0,9.4,9.4,100,783,3,130,0.18
1994,8,10,23,0,0,0,9.7,9.7,100,782,0,0,0.18
1994,8,11,0,0,0,0,8.9,8.9,100,782,2.6,120,0.18
1994,8,11,1,0,0,0,7.2,7.2,100,781,1.1,220,0.18
1994,8,11,2,0,0,0,7.5,7.5,100,781,3.3,180,0.18
1994,8,11,3,0,0,0,5.7,5.7,100,781,3.3,190,0.18
1994,8,11,4,0,0,0,7,7,100,780,3.4,210,0.18
1994,8,11,5,2,50,1,7.2,7.2,100,780,3.4,220,0.18
1994,8,11,6,104,530,24,11.6,9.4,86,779,2.5,270,0.18
1994,8,11,7,305,766,39,15.5,11.1,75,782,1.5,240,0.18
1994,8,11,8,455,716,75,20.5,11.1,55,785,1.5,130,0.18
1994,8,11,9,644,831,70,23.3,12.2,50,787,5.1,140,0.18
1994,8,11,10,829,916,84,23.8,11.6,46,787,3.6,120,0.18
1994,8,11,11,564,272,321,26.6,10.5,36,788,4.1,160,0.18
1994,8,11,12,541,121,429,20.5,8.8,47,785,5.1,350,0.18
1994,8,11,13,716,408,348,18.3,13.8,75,784,2.5,360,0.18
1994,8,11,14,603,408,266,21.6,12.7,57,785,4.6,70,0.18
1994,8,11,15,453,323,224,20.4,11.1,55,785,2.6,360,0.18
1994,8,11,16,316,272,166,21.1,11.4,54,784,5,20,0.18
1994,8,11,17,193,139,141,21.9,12.8,56,784,4.5,60,0.18
1994,8,11,18,58,64,47,20.7,10.2,51,784,4,30,0.18
1994,8,11,19,5,5,5,17.4,7.5,52,784,3.9,40,0.18
1994,8,11,20,0,0,0,12.2,3.9,57,783,2.9,360,0.18
1994,8,11,21,0,0,0,12.9,4.3,56,783,0,0,0.18
1994,8,11,22,0,0,0,7.7,4.6,81,783,0,0,0.18
1994,8,11,23,0,0,0,5.5,5,97,782,1.2,340,0.18
1994,8,12,0,0,0,0,9.2,5.4,77,782,0,0,0.18
1994,8,12,1,0,0,0,8,5.8,86,782,2.2,10,0.18
1994,8,12,2,0,0,0,8.8,7.1,89,782,4.2,10,0.18
1994,8,12,3,0,0,0,8.5,8.5,100,781,3.1,10,0.18
1994,8,12,4,0,0,0,8.3,8.3,100,781,3.1,10,0.18
1994,8,12,5,1,3,1,9,9,100,781,1.5,30,0.18
1994,8,12,6,38,30,34,13.8,11.6,87,780,3,20,0.18
1994,8,12,7,146,143,97,15,12.7,86,782,2.5,330,0.18
1994,8,12,8,475,720,94,17.7,12.7,73,784,2.5,40,0.18
1994,8,12,9,642,791,97,20,11.1,57,784,1.5,50,0.18
1994,8,12,10,778,833,101,21.6,12.7,57,785,3,160,0.18
1994,8,12,11,848,821,116,22.7,11.6,49,785,3.6,150,0.18
1994,8,12,12,908,868,110,23.3,12.2,50,785,2,160,0.18
1994,8,12,13,714,435,323,20,12.7,63,784,5.6,270,0.18
1994,8,12,14,562,356,269,22.7,10,44,785,7.4,260,0.18
1994,8,12,15,410,106,335,21.4,9.3,46,785,7.2,270,0.18
1994,8,12,16,205,56,174,22.2,10.6,48,785,7.4,290,0.18
1994,8,12,17,110,56,89,21.9,9.9,46,784,5.6,340,0.18
1994,8,12,18,92,35,86,20.6,10.2,51,784,3.7,30,0.18
1994,8,12,19,3,1,3,16.3,6.4,52,784,2.4,50,0.18
1994,8,12,20,0,0,0,12.1,7.7,74,783,1.2,150,0.18
1994,8,12,21,0,0,0,8.8,8,95,783,0,0,0.18
1994,8,12,22,0,0,0,8.5,7.3,92,783,2.2,30,0.18
1994,8,12,23,0,0,0,6.2,6.2,100,782,1.9,50,0.18
1994,8,13,0,0,0,0,7,7,100,782,2.7,80,0.18
1994,8,13,1,0,0,0,7.7,7.7,100,782,3.9,110,0.18
1994,8,13,2,0,0,0,7.4,7.4,100,781,3.6,110,0.18
1994,8,13,3,0,0,0,7.1,7.1,100,781,4.4,160,0.18
1994,8,13,4,0,0,0,6.9,6.9,100,781,4.6,170,0.18
1994,8,13,5,0,0,0,7.6,7.6,100,780,4.9,190,0.18
1994,8,13,6,30,5,29,13.3,11.6,89,780,1.5,300,0.18
1994,8,13,7,215,214,142,15.5,12.7,83,782,3.6,300,0.18
1994,8,13,8,261,90,214,15.5,13.3,87,783,4.1,280,0.18
1994,8,13,9,561,502,216,18.3,11.6,65,784,3.6,20,0.18
1994,8,13,10,824,888,104,21.1,10.5,51,786,5.1,40,0.18
1994,8,13,11,871,865,102,22.7,11.1,48,788,4.6,40,0.18
1994,8,13,12,906,864,113,24.4,9.4,39,788,1.5,160,0.18
1994,8,13,13,918,887,124,24.9,9.4,37,789,4.4,150,0.18
1994,8,13,14,708,726,112,24.3,11.1,43,788,3.7,170,0.18
1994,8,13,15,615,665,148,24.7,12.1,45,787,1.5,150,0.18
1994,8,13,16,482,708,95,24.9,12.1,45,787,3.4,210,0.18
1994,8,13,17,303,680,57,23.3,11,46,786,5.8,230,0.18
1994,8,13,18,111,473,33,22.6,9,42,786,5.1,240,0.18
1994,8,13,19,4,42,2,16.9,6,49,785,2.9,290,0.18
1994,8,13,20,0,0,0,12.2,4,57,785,0.7,320,0.18
1994,8,13,21,0,0,0,9.5,4,69,784,1.6,240,0.18
1994,8,13,22,0,0,0,9.9,4,67,784,0.8,260,0.18
1994,8,13,23,0,0,0,14.1,6.9,62,783,4.8,300,0.18
1994,8,14,0,0,0,0,7.5,4.9,84,783,0,0,0.18
1994,8,14,1,0,0,0,4.8,4.8,100,782,3.1,230,0.18
1994,8,14,2,0,0,0,4.2,4.2,100,782,2.1,240,0.18
1994,8,14,3,0,0,0,4.5,4.5,100,781,1.5,250,0.18
1994,8,14,4,0,0,0,3.9,3.9,100,781,2.6,260,0.18
1994,8,14,5,1,29,1,6.2,6.2,100,780,4.6,280,0.18
1994,8,14,6,94,473,27,10.6,7.8,83,780,3.6,270,0.18
1994,8,14,7,293,733,44,13.3,9.4,77,784,2.1,300,0.18
1994,8,14,8,503,843,61,19.4,10,54,787,2.1,60,0.18
1994,8,14,9,690,900,74,22.2,10,46,788,4.1,280,0.18
1994,8,14,10,830,925,82,23.9,9.4,40,788,5.1,300,0.18
1994,8,14,11,842,852,86,26.1,10,36,789,6.2,310,0.18
1994,8,14,12,854,834,90,26.1,10,36,789,8.2,300,0.18
1994,8,14,13,886,892,91,25.6,10,37,788,9.8,310,0.18
1994,8,14,14,782,814,115,25.6,10,37,787,7.7,300,0.18
1994,8,14,15,503,395,227,25.7,9.2,35,787,7.2,310,0.18
1994,8,14,16,492,731,95,24.8,9.5,38,787,6.7,330,0.18
1994,8,14,17,205,160,148,23.8,9.7,41,786,6.2,310,0.18
1994,8,14,18,101,302,52,22.9,8,38,786,6.7,340,0.18
1994,8,14,19,4,53,2,16,3.2,42,785,3.6,330,0.18
1994,8,14,20,0,0,0,14.1,1.4,42,785,3.6,40,0.18
1994,8,14,21,0,0,0,9.2,0.7,55,784,3.6,300,0.18
1994,8,14,22,0,0,0,8.3,0.9,60,784,3.1,260,0.18
1994,8,14,23,0,0,0,8.3,3.1,70,783,5.1,280,0.18
1994,8,15,0,0,0,0,5.4,2.4,81,783,4.1,270,0.18
1994,8,15,1,0,0,0,4.5,3.6,94,782,0,0,0.18
1994,8,15,2,0,0,0,4.6,4.6,100,782,3.1,260,0.18
1994,8,15,3,0,0,0,3.7,3.7,100,781,0,0,0.18
1994,8,15,4,0,0,0,3.7,3.7,100,781,1.5,260,0.18
1994,8,15,5,0,0,0,4.8,4.8,100,780,3.1,280,0.18
1994,8,15,6,31,0,31,8.9,7.8,93,780,3.6,270,0.18
1994,8,15,7,255,525,78,15,11.7,81,783,3.1,270,0.18
1994,8,15,8,476,684,118,19.4,11.1,59,785,3.6,290,0.18
1994,8,15,9,662,827,97,20,11.7,59,786,5.1,310,0.18
1994,8,15,10,786,839,110,21.1,11.7,55,787,3.1,310,0.18
1994,8,15,11,867,819,141,23.9,12.8,50,787,4.1,300,0.18
1994,8,15,12,808,668,198,25,8.3,35,787,5.7,280,0.18
1994,8,15,13,715,521,251,23.9,7.8,36,786,6.2,320,0.18
1994,8,15,14,708,450,341,25,7.2,32,785,7.7,340,0.18
1994,8,15,15,486,298,278,25.1,6.9,31,785,6.7,330,0.18
1994,8,15,16,344,100,289,24.3,5.6,30,785,7.2,320,0.18
1994,8,15,17,291,507,111,24.4,4.4,27,784,4.6,300,0.18
1994,8,15,18,91,209,58,22.6,3.1,28,784,4.6,300,0.18
1994,8,15,19,2,13,2,19.7,-1.2,24,783,4.1,300,0.18
1994,8,15,20,0,0,0,11.9,-6.5,25,783,2.1,360,0.18
1994,8,15,21,0,0,0,8,-5.8,35,782,3.6,260,0.18
1994,8,15,22,0,0,0,9.2,-6.1,31,782,3.1,270,0.18
1994,8,15,23,0,0,0,9.3,-3.3,40,781,5.7,270,0.18
1994,8,16,0,0,0,0,7.4,-4.6,40,781,2.6,300,0.18
1994,8,16,1,0,0,0,4.6,-3.9,52,780,2.1,240,0.18
1994,8,16,2,0,0,0,3.7,-4.2,54,780,0,0,0.18
1994,8,16,3,0,0,0,3.9,-1.5,67,780,3.1,250,0.18
1994,8,16,4,0,0,0,4,-1.7,65,779,2.1,280,0.18
1994,8,16,5,1,8,1,3.2,-2,67,779,2.1,260,0.18
1994,8,16,6,60,213,30,8.3,1.7,63,778,2.1,270,0.18
1994,8,16,7,276,600,75,15.6,2.8,42,780,2.6,290,0.18
1994,8,16,8,500,868,49,19.4,1.7,31,784,4.1,300,0.18
1994,8,16,9,685,920,60,21.1,2.2,29,786,4.1,280,0.18
1994,8,16,10,799,911,67,22.2,2.8,28,785,5.1,260,0.18
1994,8,16,11,877,913,71,23.9,2.8,25,785,1.5,260,0.18
1994,8,16,12,896,888,86,25,3.9,25,785,4.1,260,0.18
1994,8,16,13,843,779,151,25.6,3.9,25,785,5.1,290,0.18
1994,8,16,14,562,409,229,26.7,4.4,24,784,7.7,300,0.18
1994,8,16,15,646,698,162,25.9,4.2,25,783,6.7,310,0.18
1994,8,16,16,326,374,126,26.1,2.9,22,783,4.6,280,0.18
1994,8,16,17,271,520,88,25.2,2.7,23,782,6.2,290,0.18
1994,8,16,18,57,190,27,23.7,2.1,24,782,5.3,340,0.18
1994,8,16,19,3,32,2,21.2,2.6,29,782,5,350,0.18
1994,8,16,20,0,0,0,18.7,2.2,33,782,5.2,330,0.18
1994,8,16,21,0,0,0,16.2,4.6,46,782,4.4,10,0.18
1994,8,16,22,0,0,0,17.7,5.1,43,781,6.1,360,0.18
1994,8,16,23,0,0,0,16.1,4.6,46,781,3.8,80,0.18
1994,8,17,0,0,0,0,14.5,5.1,53,781,3.4,60,0.18
1994,8,17,1,0,0,0,13,5.6,61,781,3,350,0.18
1994,8,17,2,0,0,0,14.5,6,57,781,1.7,180,0.18
1994,8,17,3,0,0,0,10,5.5,74,780,1.9,200,0.18
1994,8,17,4,0,0,0,8.4,6.1,85,780,2.1,220,0.18
1994,8,17,5,1,54,0,10.9,7.5,80,780,7.4,160,0.18
1994,8,17,6,95,567,18,14.4,10,75,780,2.5,260,0.18
1994,8,17,7,295,797,30,21.1,10,49,783,4.1,310,0.18
1994,8,17,8,504,890,43,23.8,9.4,40,785,5.1,280,0.18
1994,8,17,9,689,938,52,25,8.3,35,786,5.1,290,0.18
1994,8,17,10,749,847,70,27.2,6.6,27,787,6.1,310,0.18
1994,8,17,11,867,909,66,28.3,6.1,24,787,3.6,340,0.18
1994,8,17,12,693,603,145,25.5,5,27,785,3.6,260,0.18
1994,8,17,13,793,637,230,22.2,7.7,39,785,3.6,240,0.18
1994,8,17,14,766,750,158,23.3,7.2,35,785,4.1,300,0.18
1994,8,17,15,503,367,249,25.6,9.2,35,784,7,330,0.18
1994,8,17,16,159,0,159,26,7.2,30,784,3.8,340,0.18
1994,8,17,17,253,411,110,23.4,6.2,33,783,4.1,310,0.18
1994,8,17,18,75,132,55,22.7,7.3,37,783,2.4,360,0.18
1994,8,17,19,3,28,2,20.1,7.2,43,783,1.8,330,0.18
1994,8,17,20,0,0,0,17.4,7.2,51,782,5.2,310,0.18
1994,8,17,21,0,0,0,14.7,5.3,53,782,2.5,320,0.18
1994,8,17,22,0,0,0,15.2,5.3,52,781,1.3,310,0.18
1994,8,17,23,0,0,0,15.5,5.3,51,781,2.1,330,0.18
1994,8,18,0,0,0,0,10.8,5.3,69,780,0.5,300,0.18
1994,8,18,1,0,0,0,10.2,5.4,72,780,0.8,290,0.18
1994,8,18,2,0,0,0,11.5,5.3,66,779,0.7,280,0.18
1994,8,18,3,0,0,0,8.5,4.7,77,779,2,290,0.18
1994,8,18,4,0,0,0,7.6,7.1,97,778,0,0,0.18
1994,8,18,5,0,17,0,8.6,7.4,92,778,0.2,260,0.18
1994,8,18,6,82,439,24,11.6,8.8,83,778,1.5,290,0.18
1994,8,18,7,291,776,35,17.7,10,61,781,3,180,0.18
1994,8,18,8,500,876,48,20.6,10.7,53,783,4.1,160,0.18
1994,8,18,9,686,928,59,22.2,11.1,49,785,5.1,130,0.18
1994,8,18,10,750,822,93,22.7,11.6,49,785,5.1,150,0.18
1994,8,18,11,906,938,82,23.3,11.1,46,785,4.1,220,0.18
1994,8,18,12,907,845,141,24.4,10.5,42,786,3.6,240,0.18
1994,8,18,13,863,886,82,25.5,9.4,36,785,7.7,240,0.18
1994,8,18,14,827,938,69,25.5,8.8,35,785,6.6,280,0.18
1994,8,18,15,600,744,90,26.6,9.7,35,785,6.6,10,0.18
1994,8,18,16,504,857,50,25.7,8.5,34,785,7.6,360,0.18
1994,8,18,17,305,784,36,24.7,8.4,35,785,6.6,350,0.18
1994,8,18,18,103,553,22,23.8,7.3,35,784,7.1,350,0.18
1994,8,18,19,2,59,1,18.9,6.1,43,784,5,10,0.18
1994,8,18,20,0,0,0,15,6,55,784,4.5,350,0.18
1994,8,18,21,0,0,0,16,7.9,59,784,4,340,0.18
1994,8,18,22,0,0,0,14.1,7.7,65,783,4.5,350,0.18
1994,8,18,23,0,0,0,14.2,7.6,64,783,4.5,340,0.18
1994,8,19,0,0,0,0,10.3,6.5,77,783,4,10,0.18
1994,8,19,1,0,0,0,8.3,5.3,81,783,0.9,60,0.18
1994,8,19,2,0,0,0,8.4,6.2,86,783,2.4,360,0.18
1994,8,19,3,0,0,0,7.5,7,97,782,5,340,0.18
1994,8,19,4,0,0,0,7.6,6.9,95,782,5.5,340,0.18
1994,8,19,5,0,12,0,7.6,6.8,95,782,4,320,0.18
1994,8,19,6,79,383,29,10.7,8.6,87,782,3,330,0.18
1994,8,19,7,274,680,51,17.8,8.5,54,781,0.9,60,0.18
1994,8,19,8,484,806,70,21.9,9.4,45,781,3,20,0.18
1994,8,19,9,672,870,85,21.9,8.2,41,781,4,330,0.18
1994,8,19,10,800,848,123,25,8.1,34,781,2.5,330,0.18
1994,8,19,11,897,871,134,26.1,9,34,780,3.1,310,0.18
1994,8,19,12,762,570,246,27.2,8.8,31,780,7.7,310,0.18
1994,8,19,13,634,408,275,27.2,8.7,31,780,9.2,280,0.18
1994,8,19,14,719,430,372,25.3,10.6,40,780,7.2,330,0.18
1994,8,19,15,475,133,383,26.4,14.4,48,780,8.2,290,0.18
1994,8,19,16,281,135,210,23.5,12.3,49,779,3.6,120,0.18
1994,8,19,17,275,343,158,24.5,13.2,49,779,7.2,300,0.18
1994,8,19,18,32,25,29,22.4,11.8,51,779,8.2,310,0.18
1994,8,19,19,1,4,0,21.2,11.4,54,779,7.7,300,0.18
1994,8,19,20,0,0,0,20.1,11.1,56,778,5.1,270,0.18
1994,8,19,21,0,0,0,17.8,11.6,67,778,7.2,250,0.18
1994,8,19,22,0,0,0,17,10.7,66,778,5.4,230,0.18
1994,8,19,23,0,0,0,16.6,9.9,65,778,3.6,200,0.18
1994,8,20,0,0,0,0,15.4,10.5,73,777,6.1,180,0.18
1994,8,20,1,0,0,0,13.2,12.2,94,777,6.7,190,0.18
1994,8,20,2,0,0,0,13.1,10.8,86,777,5.1,190,0.18
1994,8,20,3,0,0,0,11.9,10.4,91,777,5.1,180,0.18
1994,8,20,4,0,0,0,11.8,10.1,89,777,4.6,190,0.18
1994,8,20,5,0,36,0,8.5,7.6,94,776,3.1,300,0.18
1994,8,20,6,87,536,19,9.4,8.3,93,776,2.5,260,0.18
1994,8,20,7,288,786,32,14,9.9,76,778,2,240,0.18
1994,8,20,8,498,886,45,17.2,10.5,65,780,1.5,220,0.18
1994,8,20,9,546,616,132,20.5,10,51,782,2,130,0.18
1994,8,20,10,726,753,127,22.7,9.4,43,783,4.1,50,0.18
1994,8,20,11,851,778,171,23.8,8.8,38,784,4.1,260,0.18
1994,8,20,12,943,950,87,25.5,8.8,35,784,4.1,10,0.18
1994,8,20,13,415,163,271,24.4,6.1,31,784,3,70,0.18
1994,8,20,14,614,162,483,22.7,6.1,34,783,1.5,320,0.18
1994,8,20,15,443,210,300,23.1,6.3,34,783,2.1,170,0.18
1994,8,20,16,413,423,192,22.6,5.6,33,783,1,110,0.18
1994,8,20,17,290,690,58,22,7.8,40,782,2.7,30,0.18
1994,8,20,18,69,286,29,20.5,8.1,45,782,3.2,160,0.18
1994,8,20,19,1,15,1,17.8,7.6,51,782,1.8,330,0.18
1994,8,20,20,0,0,0,16.4,7.6,56,782,1.2,230,0.18
1994,8,20,21,0,0,0,16.8,7.8,55,782,2.4,300,0.18
1994,8,20,22,0,0,0,13.2,8,71,782,1.9,340,0.18
1994,8,20,23,0,0,0,10.7,7.3,79,782,2.4,340,0.18
1994,8,21,0,0,0,0,9.5,7.2,86,781,3,310,0.18
1994,8,21,1,0,0,0,8.2,7.1,93,781,4,280,0.18
1994,8,21,2,0,0,0,7,7,100,781,2.1,340,0.18
1994,8,21,3,0,0,0,7,7,100,780,3.1,290,0.18
1994,8,21,4,0,0,0,6,6,100,780,4.6,260,0.18
1994,8,21,5,0,1,0,6,6,100,779,3.6,260,0.18
1994,8,21,6,68,262,35,7,7,100,779,3.6,270,0.18
1994,8,21,7,266,562,85,12,10,88,784,4.1,260,0.18
1994,8,21,8,453,757,67,16,11,72,787,3.1,240,0.18
1994,8,21,9,642,751,139,18,11,64,789,1.5,270,0.18
1994,8,21,10,700,654,180,18,11,64,790,3.1,300,0.18
1994,8,21,11,792,641,233,18.7,10,57,790,4.1,280,0.18
1994,8,21,12,785,505,331,19,9,52,790,0,0,0.18
1994,8,21,13,711,619,169,22,7,38,790,0,0,0.18
1994,8,21,14,724,610,237,19,8,49,790,2.1,190,0.18
1994,8,21,15,582,612,167,19,7,46,789,5.1,200,0.18
1994,8,21,16,423,558,134,18,8,52,788,5.1,220,0.18
1994,8,21,17,107,0,107,14,4,51,788,5.7,220,0.18
1994,8,21,18,34,0,34,13,6,62,787,3.1,220,0.18
1994,8,21,19,0,0,0,10.9,5.8,71,787,16.5,300,0.18
1994,8,21,20,0,0,0,10,6,76,786,2.1,20,0.18
1994,8,21,21,0,0,0,10,6,76,785,6.2,10,0.18
1994,8,21,22,0,0,0,9,6,81,785,3.6,20,0.18
1994,8,21,23,0,0,0,8.9,6.4,84,784,3.1,340,0.18
1994,8,22,0,0,0,0,9,7,87,783,3.1,330,0.18
1994,8,22,1,0,0,0,8,7,93,783,1.5,330,0.18
1994,8,22,2,0,0,0,7,6,93,782,3.6,270,0.18
1994,8,22,3,0,0,0,7,6,93,782,3.6,280,0.18
1994,8,22,4,0,0,0,6,5,93,781,3.1,280,0.18
1994,8,22,5,0,17,0,5,4,93,780,2.1,260,0.18
1994,8,22,6,56,135,40,6,4,87,780,0,0,0.18
1994,8,22,7,287,791,33,10,6,76,783,2.1,280,0.18
1994,8,22,8,500,895,46,13,6,62,785,1.5,250,0.18
1994,8,22,9,690,948,57,16,7,55,787,0,0,0.18
1994,8,22,10,837,977,65,16,7,55,788,3.6,260,0.18
1994,8,22,11,931,992,69,18,6,45,788,2.6,170,0.18
1994,8,22,12,964,997,71,19,4,37,788,4.6,310,0.18
1994,8,22,13,934,992,69,20,4,35,788,6.7,220,0.18
1994,8,22,14,843,978,65,21,3,30,788,7.7,220,0.18
1994,8,22,15,697,949,58,21,4,33,787,6.2,220,0.18
1994,8,22,16,509,898,47,21,3,30,787,7.2,220,0.18
1994,8,22,17,295,703,64,21,4,33,786,6.7,230,0.18
1994,8,22,18,84,495,20,17.9,5.8,45,785,5.7,240,0.18
1994,8,22,19,0,22,0,12.8,6.6,66,784,4.2,190,0.18
1994,8,22,20,0,0,0,12.7,5.4,61,783,2.7,220,0.18
1994,8,22,21,0,0,0,10.6,4.2,65,782,0.1,20,0.18
1994,8,22,22,0,0,0,8.5,3,68,781,0.2,30,0.18
1994,8,22,23,0,0,0,7.4,2.8,73,780,0.2,30,0.18
1994,8,23,0,0,0,0,7.2,2.5,72,779,3.3,240,0.18
1994,8,23,1,0,0,0,6.1,2.3,77,778,1.7,240,0.18
1994,8,23,2,0,0,0,5,2.1,81,777,3.4,230,0.18
1994,8,23,3,0,0,0,4.9,1.9,81,777,2.9,220,0.18
1994,8,23,4,0,0,0,4.8,1.7,80,776,3.4,260,0.18
1994,8,23,5,0,12,0,4.7,1.5,80,775,2.5,260,0.18
1994,8,23,6,76,432,24,6.6,3.3,79,774,2.5,280,0.18
1994,8,23,7,276,734,42,14.4,4.4,51,779,2,250,0.18
1994,8,23,8,490,853,59,19.4,4.4,37,783,1.5,120,0.18
1994,8,23,9,680,914,72,22.2,2.2,27,784,2.5,330,0.18
1994,8,23,10,755,815,112,24.4,2.2,23,786,3.1,250,0.18
1994,8,23,11,910,935,99,26.1,2.2,21,787,3.6,170,0.18
1994,8,23,12,892,813,165,26.6,1.6,20,787,4.6,130,0.18
1994,8,23,13,860,860,113,27.2,2.2,20,787,3.6,250,0.18
1994,8,23,14,688,672,155,27.2,2.2,20,787,3.6,210,0.18
1994,8,23,15,618,686,158,27.1,1.2,19,786,4.6,230,0.18
1994,8,23,16,494,854,58,27,1.1,19,785,2.4,270,0.18
1994,8,23,17,276,719,42,26.9,1.1,19,785,2.9,250,0.18
1994,8,23,18,76,410,25,23.8,0.2,21,784,1.8,280,0.18
1994,8,23,19,0,14,0,16.7,1.4,36,784,1.3,330,0.18
1994,8,23,20,0,0,0,15.5,1.5,39,783,1.1,20,0.18
1994,8,23,21,0,0,0,14.4,1.8,42,782,2.6,20,0.18
1994,8,23,22,0,0,0,12.2,1.9,49,782,2.6,20,0.18
1994,8,23,23,0,0,0,11,1.1,50,781,1,150,0.18
1994,8,24,0,0,0,0,8.9,1.2,58,780,4.5,90,0.18
1994,8,24,1,0,0,0,8.7,1.4,60,780,4,200,0.18
1994,8,24,2,0,0,0,7.6,1.5,65,779,2.3,210,0.18
1994,8,24,3,0,0,0,8.5,0.8,58,778,2.8,230,0.18
1994,8,24,4,0,0,0,8.3,1.9,64,778,3.2,240,0.18
1994,8,24,5,0,25,0,8.2,1.1,61,777,5.1,80,0.18
1994,8,24,6,79,530,17,10,2.2,58,776,4.1,280,0.18
1994,8,24,7,282,795,31,16.6,1.6,36,781,2.5,290,0.18
1994,8,24,8,494,897,43,21.1,0.5,25,784,2,130,0.18
1994,8,24,9,682,949,54,23.8,2.7,25,786,5.1,270,0.18
1994,8,24,10,778,861,101,23.8,3.8,27,786,3.6,280,0.18
1994,8,24,11,864,798,175,25.5,3.8,25,787,5.1,240,0.18
1994,8,24,12,861,849,104,27.2,3.3,21,788,3,190,0.18
1994,8,24,13,634,476,222,27.2,3.3,21,787,6.1,220,0.18
1994,8,24,14,760,861,81,27.2,3.3,21,788,4.6,230,0.18
1994,8,24,15,686,949,54,27.3,3.3,21,787,5.1,250,0.18
1994,8,24,16,498,897,44,27.5,3.3,21,786,4,280,0.18
1994,8,24,17,286,796,31,25,3.3,24,786,4.5,310,0.18
1994,8,24,18,31,48,25,21.7,3.4,30,785,4.9,310,0.18
1994,8,24,19,0,8,0,16.8,5.4,47,785,2.8,320,0.18
1994,8,24,20,0,0,0,16,5.4,49,784,3.2,350,0.18
1994,8,24,21,0,0,0,14.1,6.4,60,783,2.6,330,0.18
1994,8,24,22,0,0,0,11.2,7.4,77,783,4.1,10,0.18
1994,8,24,23,0,0,0,11.3,6.4,72,782,3.6,20,0.18
1994,8,25,0,0,0,0,11.5,6.4,71,781,2.4,110,0.18
1994,8,25,1,0,0,0,10.6,5.4,70,781,1.3,190,0.18
1994,8,25,2,0,0,0,9.7,5.5,75,780,1.8,200,0.18
1994,8,25,3,0,0,0,9.8,4.5,70,780,5.4,130,0.18
1994,8,25,4,0,0,0,9,4.5,73,779,4.2,230,0.18
1994,8,25,5,0,8,0,8.1,4.5,78,778,4.6,310,0.18
1994,8,25,6,58,328,21,12.2,5.5,64,778,3.6,270,0.18
1994,8,25,7,252,682,39,16.1,2.7,41,781,3.6,290,0.18
1994,8,25,8,446,783,55,22.2,-0.6,22,785,5.6,230,0.18
1994,8,25,9,611,829,63,23.8,-0.6,20,787,7.7,290,0.18
1994,8,25,10,824,964,68,24.4,0.5,21,787,5.6,210,0.18
1994,8,25,11,917,980,73,26.1,0,18,788,7.2,240,0.18
1994,8,25,12,950,985,74,31.6,3.8,17,788,5.1,160,0.18
1994,8,25,13,919,981,73,26.6,1.1,19,788,5.1,280,0.18
1994,8,25,14,827,966,68,26.6,1.6,20,783,6.1,240,0.18
1994,8,25,15,681,937,60,26.7,-0.4,17,782,5.8,230,0.18
1994,8,25,16,492,882,49,26.5,0.6,18,782,5.9,230,0.18
1994,8,25,17,279,773,35,26,1.6,20,782,6.6,230,0.18
1994,8,25,18,77,491,20,22.1,3.6,30,781,3.7,240,0.18
1994,8,25,19,0,19,0,16.2,3.6,43,781,1.8,280,0.18
1994,8,25,20,0,0,0,14.3,3.6,49,781,3,280,0.18
1994,8,25,21,0,0,0,11.4,3.6,59,780,4.1,270,0.18
1994,8,25,22,0,0,0,11.6,3.6,58,780,5.4,280,0.18
1994,8,25,23,0,0,0,11.7,2.6,54,780,4.5,280,0.18
1994,8,26,0,0,0,0,10.8,1.6,53,779,2.6,280,0.18
1994,8,26,1,0,0,0,9.9,1.6,56,779,1.8,300,0.18
1994,8,26,2,0,0,0,11,1.6,52,778,2.9,260,0.18
1994,8,26,3,0,0,0,9.1,1.6,59,778,3.1,260,0.18
1994,8,26,4,0,0,0,8.3,1.6,63,778,2.3,340,0.18
1994,8,26,5,0,9,0,8.4,1.6,62,777,3.9,290,0.18
1994,8,26,6,69,409,23,10.5,1.6,54,777,4.1,270,0.18
1994,8,26,7,267,724,42,15.5,2.7,42,780,1.5,270,0.18
1994,8,26,8,480,846,59,22.2,2.7,28,785,3.6,60,0.18
1994,8,26,9,670,908,72,23.3,4.4,29,786,6.1,240,0.18
1994,8,26,10,817,940,82,26.1,3.8,24,788,5.1,250,0.18
1994,8,26,11,909,957,87,24.4,3.3,25,787,6.6,260,0.18
1994,8,26,12,860,868,91,27.2,6.6,27,788,2.5,280,0.18
1994,8,26,13,864,891,98,28.3,8.3,28,788,3,230,0.18
1994,8,26,14,753,828,105,26.1,6.6,29,786,6.1,280,0.18
1994,8,26,15,593,759,93,26.4,6.7,29,786,5.7,240,0.18
1994,8,26,16,441,764,60,26.6,5.7,26,785,4.8,280,0.18
1994,8,26,17,230,513,70,25.9,4.8,26,785,6.4,260,0.18
1994,8,26,18,67,351,28,22.2,6.9,37,784,6,290,0.18
1994,8,26,19,0,2,0,16.4,6.9,53,783,2.5,270,0.18
1994,8,26,20,0,0,0,15.7,7,56,783,1.1,270,0.18
1994,8,26,21,0,0,0,11.9,8.1,78,782,0,0,0.18
1994,8,26,22,0,0,0,12.2,8.2,77,782,0,0,0.18
1994,8,26,23,0,0,0,10.5,7.2,80,781,2.3,270,0.18
1994,8,27,0,0,0,0,11.7,6.3,69,780,0,0,0.18
1994,8,27,1,0,0,0,11,7.4,78,780,1.5,230,0.18
1994,8,27,2,0,0,0,10.3,6.4,77,779,1.6,240,0.18
1994,8,27,3,0,0,0,10.5,6.5,76,779,2.7,240,0.18
1994,8,27,4,0,0,0,9.8,5.6,75,778,0.2,250,0.18
1994,8,27,5,0,0,0,10,5.6,74,777,2.9,250,0.18
1994,8,27,6,45,37,40,13.3,7.7,69,777,1.5,250,0.18
1994,8,27,7,192,100,161,16.1,8.3,60,779,2.5,270,0.18
1994,8,27,8,434,675,100,21.6,7.2,39,782,4.6,170,0.18
1994,8,27,9,609,793,88,21.6,7.7,41,783,2.5,140,0.18
1994,8,27,10,640,658,127,22.7,8.3,40,783,4.6,120,0.18
1994,8,27,11,510,118,409,22.7,8.3,40,783,3,120,0.18
1994,8,27,12,636,260,406,24.4,7.7,34,783,5.1,210,0.18
1994,8,27,13,577,102,489,25,8.3,35,783,6.1,290,0.18
1994,8,27,14,565,213,400,25,8.3,35,784,4.1,330,0.18
1994,8,27,15,398,92,337,24.7,7.4,33,783,4.8,330,0.18
1994,8,27,16,282,227,170,24.3,5.6,30,783,5.9,320,0.18
1994,8,27,17,99,0,99,22,4.7,32,783,4.4,320,0.18
1994,8,27,18,32,27,29,19.7,1.9,31,781,3.4,310,0.18
1994,8,27,19,0,0,0,15.3,0,35,777,3.5,340,0.18
1994,8,27,20,0,0,0,14,0.2,39,778,2.6,70,0.18
1994,8,27,21,0,0,0,8.7,-1.7,47,776,1.1,270,0.18
1994,8,27,22,0,0,0,7.3,-2.6,48,774,2.3,280,0.18
1994,8,27,23,0,0,0,5,-2.4,57,772,3.4,290,0.18
1994,8,28,0,0,0,0,4.7,-2.3,59,772,1.9,270,0.18
1994,8,28,1,0,0,0,3.3,-3.1,61,771,3,270,0.18
1994,8,28,2,0,0,0,3,-4,58,771,4.1,270,0.18
1994,8,28,3,0,0,0,3,-4,58,770,4.1,270,0.18
1994,8,28,4,0,0,0,2,-4,62,770,4.6,270,0.18
1994,8,28,5,0,13,0,2,-4,62,770,4.6,270,0.18
1994,8,28,6,70,502,16,4,-3,59,772,3.6,270,0.18
1994,8,28,7,268,779,30,11,-3,36,777,2.1,340,0.18
1994,8,28,8,478,885,42,14,-3,30,779,1.5,30,0.18
1994,8,28,9,665,937,53,18,-5,19,782,3.6,150,0.18
1994,8,28,10,810,966,60,20,-4,19,782,5.7,140,0.18
1994,8,28,11,813,799,130,21,-4,18,782,3.1,130,0.18
1994,8,28,12,933,986,65,22,-3,18,782,4.1,40,0.18
1994,8,28,13,902,982,64,23,-3,17,781,1.5,90,0.18
1994,8,28,14,809,967,60,23,-3,17,780,5.7,130,0.18
1994,8,28,15,663,938,52,24,-3,16,780,1.5,50,0.18
1994,8,28,16,476,885,42,23,-3,17,780,3.6,320,0.18
1994,8,28,17,265,778,30,23,-3,17,781,5.7,300,0.18
1994,8,28,18,67,494,16,20,-5,17,777,5.1,310,0.18
1994,8,28,19,0,10,0,17,-6,19,775,2.6,40,0.18
1994,8,28,20,0,0,0,14,-6,23,773,2.1,50,0.18
1994,8,28,21,0,0,0,11,-6,28,772,2.1,10,0.18
1994,8,28,22,0,0,0,7,-7,34,771,3.1,270,0.18
1994,8,28,23,0,0,0,6,-7,36,771,3.1,300,0.18
1994,8,29,0,0,0,0,4,-7,42,770,2.6,270,0.18
1994,8,29,1,0,0,0,4,-7,42,772,3.6,270,0.18
1994,8,29,2,0,0,0,4,-7,42,770,4.1,270,0.18
1994,8,29,3,0,0,0,3,-7,45,769,3.6,270,0.18
1994,8,29,4,0,0,0,3,-7,45,768,4.6,270,0.18
1994,8,29,5,0,6,0,2,-7,48,768,4.1,270,0.18
1994,8,29,6,65,441,19,5,-6,42,773,3.6,270,0.18
1994,8,29,7,262,747,35,12,-7,24,776,0,0,0.18
1994,8,29,8,473,864,50,17,-7,17,779,1.5,60,0.18
1994,8,29,9,662,923,61,21,-6,15,779,2.1,30,0.18
1994,8,29,10,808,954,70,23,-8,11,779,3.1,340,0.18
1994,8,29,11,901,971,74,23,-8,11,780,3.1,280,0.18
1994,8,29,12,932,976,76,24,-11,8,779,4.6,270,0.18
1994,8,29,13,900,971,74,25,-9,9,779,2.1,270,0.18
1994,8,29,14,807,955,69,25,-10,8,778,4.6,270,0.18
1994,8,29,15,659,924,61,26,-12,6,778,1.5,280,0.18
1994,8,29,16,470,865,49,25,-9,9,778,3.1,300,0.18
1994,8,29,17,257,746,35,24,-8,10,778,5.1,310,0.18
1994,8,29,18,60,424,19,22.1,-7.3,12,777,3.9,300,0.18
1994,8,29,19,0,0,0,15.3,-5.6,22,776,2.8,60,0.18
1994,8,29,20,0,0,0,14.4,-3.9,27,774,1.6,30,0.18
1994,8,29,21,0,0,0,13.6,-3.1,30,774,0.9,350,0.18
1994,8,29,22,0,0,0,7.7,-3.4,44,773,1.3,280,0.18
1994,8,29,23,0,0,0,8.8,-1.7,47,772,2.6,290,0.18
1994,8,30,0,0,0,0,8,-1,52,772,3,290,0.18
1994,8,30,1,0,0,0,8.1,-0.3,55,772,3.3,290,0.18
1994,8,30,2,0,0,0,7.2,0.4,62,773,2.6,290,0.18
1994,8,30,3,0,0,0,7.4,1.2,65,772,2.5,300,0.18
1994,8,30,4,0,0,0,6.5,1.9,72,772,2.8,300,0.18
1994,8,30,5,0,3,0,5.7,2.6,80,772,2.7,310,0.18
1994,8,30,6,58,354,22,8.8,3.3,68,774,2,310,0.18
1994,8,30,7,259,740,37,11.1,6.1,71,776,3,290,0.18
1994,8,30,8,473,862,52,21.1,1.6,27,782,2,180,0.18
1994,8,30,9,620,845,73,23.3,2.2,25,783,2.5,170,0.18
1994,8,30,10,750,874,75,25,2.2,23,784,4.6,170,0.18
1994,8,30,11,839,884,88,25.5,1.1,20,784,3,160,0.18
1994,8,30,12,875,907,82,23.8,2.7,25,782,3,210,0.18
1994,8,30,13,841,889,88,23.8,1.1,22,783,3.6,140,0.18
1994,8,30,14,763,895,75,26.6,0,18,782,3.6,200,0.18
1994,8,30,15,632,839,92,28.6,1,17,782,2.4,180,0.18
1994,8,30,16,424,762,57,26.6,1.1,19,781,1.3,220,0.18
1994,8,30,17,229,645,40,25.6,2.1,22,781,1.7,180,0.18
1994,8,30,18,49,281,22,23.6,3.1,26,780,1.4,200,0.18
1994,8,30,19,0,0,0,19.5,2.1,31,780,0.3,200,0.18
1994,8,30,20,0,0,0,15.5,5.1,50,779,0.1,240,0.18
1994,8,30,21,0,0,0,13.5,4.2,53,779,0,0,0.18
1994,8,30,22,0,0,0,12.5,5.2,61,778,0.3,180,0.18
1994,8,30,23,0,0,0,10.5,5.2,70,777,0.1,250,0.18
1994,8,31,0,0,0,0,10.5,4.3,65,777,0,0,0.18
1994,8,31,1,0,0,0,9.5,4.3,70,776,1.3,250,0.18
1994,8,31,2,0,0,0,8.5,4.3,75,776,1.7,230,0.18
1994,8,31,3,0,0,0,8.4,4.3,75,775,2.6,240,0.18
1994,8,31,4,0,0,0,8.4,4.4,76,775,2.7,250,0.18
1994,8,31,5,0,0,0,8.4,4.4,76,774,2.8,250,0.18
1994,8,31,6,53,219,32,9.4,4.4,71,774,3.6,260,0.18
1994,8,31,7,233,612,51,13.3,5,57,776,3,260,0.18
1994,8,31,8,320,341,154,13.3,5,57,776,4.1,140,0.18
1994,8,31,9,350,212,213,18.3,7.2,48,779,4.6,140,0.18
1994,8,31,10,379,226,205,13.3,8.6,73,779,4.1,120,0.18
1994,8,31,11,835,870,98,17.7,10,61,781,3.6,100,0.18
1994,8,31,12,865,868,109,20.5,8.3,45,781,4.6,120,0.18
1994,8,31,13,627,425,268,18.3,9.4,56,780,4.6,110,0.18
1994,8,31,14,575,251,383,21.1,8.8,45,781,4.1,170,0.18
1994,8,31,15,496,353,270,21.1,8.6,45,780,3.1,270,0.18
1994,8,31,16,280,118,223,22.2,8.4,41,780,2,190,0.18
1994,8,31,17,137,66,117,22.2,9.2,43,779,1.5,110,0.18
1994,8,31,18,22,14,21,15.2,9,66,779,0.4,240,0.18
1994,8,31,19,0,0,0,9.3,7.8,90,778,1.9,290,0.18
1994,8,31,20,0,0,0,9.3,8.6,95,778,2.4,320,0.18
1994,8,31,21,0,0,0,9,7.7,88,777,2.7,350,0.18
1994,8,31,22,0,0,0,8.6,6.7,92,777,3,340,0.18
1994,8,31,23,0,0,0,8.3,5.8,97,776,3.3,330,0.18
2001,9,1,0,0,0,0,8,4.8,66,772,3.7,270,0.2
2001,9,1,1,0,0,0,7.7,3.9,70,771,4,300,0.2
2001,9,1,2,0,0,0,7.3,2.9,70,772,4.3,300,0.2
2001,9,1,3,0,0,0,7,2,70,772,4.6,290,0.2
2001,9,1,4,0,0,0,7,1,66,772,4.1,270,0.2
2001,9,1,5,0,0,0,4,1,81,770,4.1,270,0.2
2001,9,1,6,54,441,12,8,2,66,773,2.1,300,0.2
2001,9,1,7,255,751,33,13,3,51,777,1.5,260,0.2
2001,9,1,8,472,864,55,17.8,2.3,35,779,2.1,220,0.2
2001,9,1,9,664,908,79,21,1,26,782,3.6,180,0.2
2001,9,1,10,768,717,217,21,1,26,782,3.1,250,0.2
2001,9,1,11,310,48,269,20,1,28,781,3.6,220,0.2
2001,9,1,12,946,853,204,23,1,23,782,4.1,170,0.2
2001,9,1,13,914,895,161,22,1,25,781,3.9,190,0.2
2001,9,1,14,595,330,344,24,0,20,782,3.6,200,0.2
2001,9,1,15,559,478,255,23,-1,20,781,4.4,270,0.2
2001,9,1,16,337,258,215,21,5,35,780,5.1,340,0.2
2001,9,1,17,312,598,143,19,5,40,780,3.1,10,0.2
2001,9,1,18,44,289,20,17,4,42,778,2.1,30,0.2
2001,9,1,19,0,0,0,12,3,54,775,2.1,240,0.2
2001,9,1,20,0,0,0,11,2,54,774,4.1,270,0.2
2001,9,1,21,0,0,0,10,1,54,774,1.5,260,0.2
2001,9,1,22,0,0,0,10,1,54,774,3.6,270,0.2
2001,9,1,23,0,0,0,9,1,57,773,3.6,280,0.2
2001,9,2,0,0,0,0,8,0,57,772,4.1,280,0.2
2001,9,2,1,0,0,0,7,-1,56,772,2.1,270,0.2
2001,9,2,2,0,0,0,7,-1,56,772,4.6,290,0.2
2001,9,2,3,0,0,0,6,-1,60,771,3.1,270,0.2
2001,9,2,4,0,0,0,5,-1,64,771,3.1,270,0.2
2001,9,2,5,0,0,0,4,-1,69,771,3.1,270,0.2
2001,9,2,6,49,435,9,7,-1,56,774,3.1,280,0.2
2001,9,2,7,254,755,33,14,0,38,779,2.6,290,0.2
2001,9,2,8,467,858,55,19,1,30,781,2.1,310,0.2
2001,9,2,9,647,902,69,22,-1,21,783,1.5,320,0.2
2001,9,2,10,801,960,67,23,0,22,783,3.6,330,0.2
2001,9,2,11,905,872,172,24,0,20,784,3.6,250,0.2
2001,9,2,12,697,355,390,24,1,22,783,3.1,220,0.2
2001,9,2,13,422,73,362,25,0,19,784,5.1,200,0.2
2001,9,2,14,231,18,218,24,-1,19,783,2.1,80,0.2
2001,9,2,15,510,342,294,25,0,19,783,2.1,170,0.2
2001,9,2,16,459,660,151,24,0,20,782,3.6,250,0.2
2001,9,2,17,224,399,113,23,0,22,782,3.1,200,0.2
2001,9,2,18,29,187,15,21,2,28,781,2.1,200,0.2
2001,9,2,19,0,0,0,18,2,34,779,3.1,250,0.2
2001,9,2,20,0,0,0,15,1,39,777,3.1,270,0.2
2001,9,2,21,0,0,0,12,1,47,775,3.1,270,0.2
2001,9,2,22,0,0,0,11,-1,43,774,3.1,270,0.2
2001,9,2,23,0,0,0,11,-2,39,774,4.1,300,0.2
2001,9,3,0,0,0,0,9,-2,45,773,4.1,270,0.2
2001,9,3,1,0,0,0,8,-2,48,772,4.1,270,0.2
2001,9,3,2,0,0,0,8,-2,48,773,2.6,280,0.2
2001,9,3,3,0,0,0,6,-2,55,771,3.4,280,0.2
2001,9,3,4,0,0,0,7,-1,56,772,4.1,270,0.2
2001,9,3,5,0,0,0,6,-1,60,772,4.6,270,0.2
2001,9,3,6,49,438,10,8,0,57,774,3.1,270,0.2
2001,9,3,7,249,748,32,15,1,39,778,3.1,340,0.2
2001,9,3,8,466,864,54,19,1,30,781,3.1,40,0.2
2001,9,3,9,658,908,78,23,1,23,784,1.5,320,0.2
2001,9,3,10,779,842,138,24,-3,16,784,3.1,240,0.2
2001,9,3,11,742,502,321,25,-2,16,784,3.6,180,0.2
2001,9,3,12,352,66,295,23,-4,16,783,3.1,180,0.2
2001,9,3,13,833,678,268,24,-3,16,783,2.6,190,0.2
2001,9,3,14,794,941,85,26,-2,15,784,3.4,190,0.2
2001,9,3,15,660,939,71,26,-2,15,784,4.1,190,0.2
2001,9,3,16,494,914,70,26,-2,15,783,3.6,200,0.2
2001,9,3,17,300,903,53,24,-1,19,782,4.6,200,0.2
2001,9,3,18,36,408,6,19,1,30,779,3.6,210,0.2
2001,9,3,19,0,0,0,15,0,36,777,2.1,250,0.2
2001,9,3,20,0,0,0,11,1,50,774,2.4,260,0.2
2001,9,3,21,0,0,0,11,1,50,774,2.6,270,0.2
2001,9,3,22,0,0,0,11,1,50,774,3.6,280,0.2
2001,9,3,23,0,0,0,9,1,57,772,1.5,280,0.2
2001,9,4,0,0,0,0,9,1,57,773,3.1,280,0.2
2001,9,4,1,0,0,0,8,1,61,772,2.6,270,0.2
2001,9,4,2,0,0,0,7,-1,56,771,3.4,280,0.2
2001,9,4,3,0,0,0,8,2,66,772,4.1,280,0.2
2001,9,4,4,0,0,0,8,2,66,772,2.1,270,0.2
2001,9,4,5,0,0,0,7,1,66,772,2.6,350,0.2
2001,9,4,6,27,81,20,14,3,47,776,4.1,20,0.2
2001,9,4,7,240,587,71,16,2,39,779,3.1,20,0.2
2001,9,4,8,466,852,61,20,2,30,781,1.5,20,0.2
2001,9,4,9,641,744,168,23,4,29,783,5.1,170,0.2
2001,9,4,10,426,107,345,25,4,26,784,5.7,170,0.2
2001,9,4,11,678,323,408,23,3,27,783,5.7,140,0.2
2001,9,4,12,170,6,165,21,4.9,35,782,4.1,200,0.2
2001,9,4,13,145,0,145,19,7,46,781,2.6,260,0.2
2001,9,4,14,199,6,194,21,4,33,782,2.6,190,0.2
2001,9,4,15,391,143,302,22.1,1.8,26,782,2.1,210,0.2
2001,9,4,16,488,682,175,23,2,25,781,1.5,230,0.2
2001,9,4,17,306,864,73,17,9,59,779,1.5,250,0.2
2001,9,4,18,33,375,8,15,9,67,776,2.1,260,0.2
2001,9,4,19,0,0,0,12,8,76,775,2.3,270,0.2
2001,9,4,20,0,0,0,10,7,82,773,2.4,290,0.2
2001,9,4,21,0,0,0,10,6,76,773,2.6,300,0.2
2001,9,4,22,0,0,0,11,6,71,773,3.6,260,0.2
2001,9,4,23,0,0,0,8,5,81,772,3.9,270,0.2
2001,9,5,0,0,0,0,9,4,71,772,4.1,280,0.2
2001,9,5,1,0,0,0,8,3,71,772,2.6,270,0.2
2001,9,5,2,0,0,0,8,3,71,772,4.6,270,0.2
2001,9,5,3,0,0,0,7,3,76,771,4.1,280,0.2
2001,9,5,4,0,0,0,7,3,76,771,3.1,290,0.2
2001,9,5,5,0,0,0,7,4,81,772,3.1,290,0.2
2001,9,5,6,31,149,19,9,5,76,774,2.1,280,0.2
2001,9,5,7,243,560,84,14,6,59,777,2.1,270,0.2
2001,9,5,8,276,143,209,21,6,38,780,4.1,230,0.2
2001,9,5,9,652,767,166,22,4,31,781,5.7,210,0.2
2001,9,5,10,722,605,265,23,4,29,781,6.2,210,0.2
2001,9,5,11,473,173,329,23,2,25,781,5.7,200,0.2
2001,9,5,12,935,848,209,24,3,25,780,8.2,190,0.2
2001,9,5,13,871,938,96,24.6,2.5,24,780,7.5,200,0.2
2001,9,5,14,769,850,136,25,2,22,780,6.7,210,0.2
2001,9,5,15,577,604,204,24.5,0,20,779,1.5,340,0.2
2001,9,5,16,490,871,95,24.9,2,22,778,3.2,210,0.2
2001,9,5,17,287,872,57,24.5,3.1,25,778,1.4,130,0.2
2001,9,5,18,28,363,6,20,7.1,43,777,1.1,330,0.2
2001,9,5,19,0,0,0,15.3,7.1,58,776,1,330,0.2
2001,9,5,20,0,0,0,13.8,6.6,62,776,0.9,330,0.2
2001,9,5,21,0,0,0,13.2,5.8,61,775,0.8,330,0.2
2001,9,5,22,0,0,0,12.8,5.2,60,774,0.7,330,0.2
2001,9,5,23,0,0,0,11.3,3.5,59,773,1.5,330,0.2
2001,9,6,0,0,0,0,12.7,4.7,58,773,0.7,300,0.2
2001,9,6,1,0,0,0,13.2,4.2,54,772,0.4,330,0.2
2001,9,6,2,0,0,0,13.6,4.2,53,771,1.2,40,0.2
2001,9,6,3,0,0,0,13.1,3.3,51,771,3,10,0.2
2001,9,6,4,0,0,0,12.6,3.8,55,770,2.9,200,0.2
2001,9,6,5,0,0,0,12,3,54,769,2.6,220,0.2
2001,9,6,6,40,388,9,14,3,47,771,5.7,220,0.2
2001,9,6,7,242,745,32,15.3,2.7,43,771,5.2,230,0.2
2001,9,6,8,445,800,70,15.7,1.3,38,772,3.1,340,0.2
2001,9,6,9,646,902,78,16,0,34,772,3.6,350,0.2
2001,9,6,10,790,960,66,17.3,-0.3,30,773,7.2,80,0.2
2001,9,6,11,888,980,76,17.7,-1.7,26,773,8.8,160,0.2
2001,9,6,12,904,992,59,19,-3,22,774,8.8,210,0.2
2001,9,6,13,910,1023,68,18.3,-4.3,20,774,9.3,200,0.2
2001,9,6,14,803,1009,55,17.7,-6.7,17,775,11.9,280,0.2
2001,9,6,15,657,959,68,18,-8,15,775,10.8,320,0.2
2001,9,6,16,476,918,63,18,-8,15,775,9.8,320,0.2
2001,9,6,17,293,904,59,17,-8,16,774,8.7,300,0.2
2001,9,6,18,26,359,5,14,-10,16,772,6.2,320,0.2
2001,9,6,19,0,0,0,11,-9,22,770,4.6,340,0.2
2001,9,6,20,0,0,0,9,-8,27,770,3.6,350,0.2
2001,9,6,21,0,0,0,7,-10,26,769,3.1,340,0.2
2001,9,6,22,0,0,0,3,-11,31,767,1.5,50,0.2
2001,9,6,23,0,0,0,6,-11,25,769,3.6,320,0.2
2001,9,7,0,0,0,0,2,-10,37,766,5.1,310,0.2
2001,9,7,1,0,0,0,6,-10,28,769,6.2,310,0.2
2001,9,7,2,0,0,0,6,-10,28,769,5.7,310,0.2
2001,9,7,3,0,0,0,3,-9,37,767,5.7,360,0.2
2001,9,7,4,0,0,0,3,-8,41,767,3.1,320,0.2
2001,9,7,5,0,0,0,2,-8,44,767,4.6,330,0.2
2001,9,7,6,37,343,10,3.9,-6.5,44,770,4.9,350,0.2
2001,9,7,7,241,749,32,9,-6,32,772,5.1,10,0.2
2001,9,7,8,445,811,66,11,-6,28,774,4.6,350,0.2
2001,9,7,9,646,907,76,13,-6,25,775,1.5,360,0.2
2001,9,7,10,778,913,94,15.6,-6.1,21,776,3.9,340,0.2
2001,9,7,11,906,968,107,18,-6,18,777,6.2,310,0.2
2001,9,7,12,929,1028,56,19,-6,17,778,8.2,310,0.2
2001,9,7,13,891,1023,53,20,-7,14,777,5.7,320,0.2
2001,9,7,14,797,1003,58,20.5,-6.7,14,776,5.8,320,0.2
2001,9,7,15,651,928,85,20.5,-8.8,12,775,5.9,310,0.2
2001,9,7,16,462,901,62,20.4,-8.5,12,775,6,310,0.2
2001,9,7,17,287,826,77,19,-7.7,14,774,6.1,300,0.2
2001,9,7,18,22,312,6,16,-7,19,773,6.2,300,0.2
2001,9,7,19,0,0,0,13,-8,21,771,2.6,310,0.2
2001,9,7,20,0,0,0,7,-8,31,768,2.6,250,0.2
2001,9,7,21,0,0,0,7,-7,34,767,4.6,280,0.2
2001,9,7,22,0,0,0,6,-7,36,767,4.6,280,0.2
2001,9,7,23,0,0,0,10,-8,25,769,2.1,310,0.2
2001,9,8,0,0,0,0,9,-8,27,769,3.6,340,0.2
2001,9,8,1,0,0,0,5,-8,36,767,3.6,300,0.2
2001,9,8,2,0,0,0,7,-9,28,768,4.6,320,0.2
2001,9,8,3,0,0,0,4,-6,45,767,4.6,310,0.2
2001,9,8,4,0,0,0,1,-7,51,765,1.5,40,0.2
2001,9,8,5,0,0,0,-1,-7,60,765,3.6,360,0.2
2001,9,8,6,39,401,9,4,-6,45,769,5.1,350,0.2
2001,9,8,7,232,689,41,8,-6,34,771,4.6,20,0.2
2001,9,8,8,459,879,51,9,-5,35,773,7.2,50,0.2
2001,9,8,9,640,931,59,11,-11,18,775,7.2,30,0.2
2001,9,8,10,795,984,60,13,-12,15,776,4.1,360,0.2
2001,9,8,11,888,992,73,15,-11,14,776,4.6,330,0.2
2001,9,8,12,923,986,89,16,-9,16,777,4.6,320,0.2
2001,9,8,13,860,890,135,17,-10,13,777,3.6,310,0.2
2001,9,8,14,791,966,83,18,-8,15,777,6.2,310,0.2
2001,9,8,15,645,954,68,17,-7,17,777,6.7,290,0.2
2001,9,8,16,464,915,62,17,-7,17,778,5.1,300,0.2
2001,9,8,17,267,867,52,16,-9,16,778,5.7,310,0.2
2001,9,8,18,18,311,4,13,-11,16,776,5.1,310,0.2
2001,9,8,19,0,0,0,8,-11,22,773,2.6,320,0.2
2001,9,8,20,0,0,0,6,-12,23,773,2.6,290,0.2
2001,9,8,21,0,0,0,4,-11,29,771,2.1,290,0.2
2001,9,8,22,0,0,0,2,-11,34,770,3.1,280,0.2
2001,9,8,23,0,0,0,1,-11,36,770,3.6,290,0.2
2001,9,9,0,0,0,0,-1,-10,46,768,3.6,270,0.2
2001,9,9,1,0,0,0,-1.5,-10.4,46,768,3.8,270,0.2
2001,9,9,2,0,0,0,-1.9,-10.9,46,768,3.9,280,0.2
2001,9,9,3,0,0,0,-2,-11,46,767,4.1,280,0.2
2001,9,9,4,0,0,0,-2,-11,46,768,3.6,280,0.2
2001,9,9,5,0,0,0,-2,-11,46,768,4.1,280,0.2
2001,9,9,6,36,408,6,-1,-10,46,770,2.1,300,0.2
2001,9,9,7,239,762,30,6,-9,30,775,1.5,220,0.2
2001,9,9,8,453,873,50,12,-8,22,778,5.1,130,0.2
2001,9,9,9,645,948,55,14,-7,21,780,5.1,140,0.2
2001,9,9,10,778,954,68,15,-8,18,781,4.6,150,0.2
2001,9,9,11,888,998,71,16,-8,17,781,4.1,170,0.2
2001,9,9,12,917,1028,52,18,-7,16,782,6.2,130,0.2
2001,9,9,13,899,1023,68,19,-8,14,783,5.7,140,0.2
2001,9,9,14,792,1010,56,19,-8,14,782,6.2,130,0.2
2001,9,9,15,639,948,69,20,-9,12,783,5.1,140,0.2
2001,9,9,16,459,917,60,20,-9,12,782,6.2,140,0.2
2001,9,9,17,274,829,72,19,-9,13,782,5.1,140,0.2
2001,9,9,18,16,280,4,14.7,-9.3,17,780,3.9,150,0.2
2001,9,9,19,0,0,0,11,-10,20,777,2.6,160,0.2
2001,9,9,20,0,0,0,7,-8,31,774,4.1,280,0.2
2001,9,9,21,0,0,0,4,-8,38,772,3.1,260,0.2
2001,9,9,22,0,0,0,3,-8,41,772,2.3,270,0.2
2001,9,9,23,0,0,0,2,-8,44,771,1.5,280,0.2
2001,9,10,0,0,0,0,2,-8,44,771,1.5,280,0.2
2001,9,10,1,0,0,0,1,-9,43,770,1.5,280,0.2
2001,9,10,2,0,0,0,0,-9,46,770,2.1,270,0.2
2001,9,10,3,0,0,0,-2,-9,55,768,2.1,260,0.2
2001,9,10,4,0,0,0,-2,-9,55,769,2.1,260,0.2
2001,9,10,5,0,0,0,-2,-9,55,769,2.1,280,0.2
2001,9,10,6,34,401,6,2,-8,44,773,2.1,290,0.2
2001,9,10,7,234,750,30,9,-7,29,777,2.1,280,0.2
2001,9,10,8,448,861,53,16,-6,20,782,4.4,210,0.2
2001,9,10,9,634,930,58,19,-8,14,784,6.7,130,0.2
2001,9,10,10,767,936,73,20,-8,13,785,6.2,160,0.2
2001,9,10,11,847,914,102,22,-6,14,785,6.7,140,0.2
2001,9,10,12,839,824,148,23,-4,16,785,7.7,130,0.2
2001,9,10,13,785,733,194,22,-4,17,785,5.7,200,0.2
2001,9,10,14,726,832,123,23,-6,13,785,7.2,200,0.2
2001,9,10,15,619,787,150,23,-4,16,785,6.7,150,0.2
2001,9,10,16,285,197,200,21,-5,16,784,4.6,130,0.2
2001,9,10,17,254,456,145,22,-4,17,784,4.6,150,0.2
2001,9,10,18,13,144,7,18,-6,18,782,3.1,160,0.2
2001,9,10,19,0,0,0,13,-6,25,779,2.1,170,0.2
2001,9,10,20,0,0,0,10,-6,30,776,1.5,270,0.2
2001,9,10,21,0,0,0,7,-6,37,774,2.6,260,0.2
2001,9,10,22,0,0,0,7,-5,40,774,2.1,270,0.2
2001,9,10,23,0,0,0,7,-5,40,774,2.1,270,0.2
2001,9,11,0,0,0,0,6,-5,43,773,2.1,270,0.2
2001,9,11,1,0,0,0,5,-5,46,772,2.6,290,0.2
2001,9,11,2,0,0,0,3,-7,45,771,2.6,340,0.2
2001,9,11,3,0,0,0,5,-4,50,773,2.6,280,0.2
2001,9,11,4,0,0,0,4,-4,54,772,3.6,280,0.2
2001,9,11,5,0,0,0,4.3,-4.5,50,775,3.2,310,0.2
2001,9,11,6,32,358,8,6.6,-2.7,50,777,2.9,350,0.2
2001,9,11,7,221,702,33,12.2,-1.9,37,780,2.5,20,0.2
2001,9,11,8,438,838,56,17,-2,27,782,2.1,50,0.2
2001,9,11,9,623,749,162,20.3,-1.4,23,783,4,80,0.2
2001,9,11,10,291,30,269,22.3,-0.8,21,785,5.8,110,0.2
2001,9,11,11,444,60,396,24,0,20,786,7.7,140,0.2
2001,9,11,12,310,18,295,23.8,-0.1,21,785,7.5,150,0.2
2001,9,11,13,139,0,139,23.5,-0.1,21,785,7.4,160,0.2
2001,9,11,14,414,110,334,23,0,22,784,7.2,170,0.2
2001,9,11,15,548,618,182,23,1,23,784,5.7,190,0.2
2001,9,11,16,405,730,94,23,0,22,784,4.6,170,0.2
2001,9,11,17,261,627,115,21,1,26,783,3.1,170,0.2
2001,9,11,18,11,185,5,18,0,30,781,3.1,180,0.2
2001,9,11,19,0,0,0,15,0,36,779,1.5,270,0.2
2001,9,11,20,0,0,0,14,-1,35,777,2.1,270,0.2
2001,9,11,21,0,0,0,12.1,-1.1,40,776,2.2,260,0.2
2001,9,11,22,0,0,0,10.4,-1,45,774,2.4,260,0.2
2001,9,11,23,0,0,0,9,-1,49,773,2.5,250,0.2
2001,9,12,0,0,0,0,7,-1,56,771,2.6,250,0.2
2001,9,12,1,0,0,0,7,-1,56,771,3.1,270,0.2
2001,9,12,2,0,0,0,6,-2,55,771,3.6,260,0.2
2001,9,12,3,0,0,0,6,-2,55,771,3.1,270,0.2
2001,9,12,4,0,0,0,6,-2,55,771,2.1,260,0.2
2001,9,12,5,0,0,0,6,-2,55,771,3.1,270,0.2
2001,9,12,6,19,62,15,6,-1,60,772,2.6,260,0.2
2001,9,12,7,166,311,84,9,-1,49,774,4.4,200,0.2
2001,9,12,8,322,199,231,21,-2,21,781,6.2,140,0.2
2001,9,12,9,417,216,284,22,-1,21,782,7.7,140,0.2
2001,9,12,10,386,95,316,22,-1,21,782,5.1,150,0.2
2001,9,12,11,772,645,250,22,-1,21,782,5.7,150,0.2
2001,9,12,12,815,770,175,24,1,22,783,6.7,150,0.2
2001,9,12,13,837,788,207,23,2,25,781,7.7,160,0.2
2001,9,12,14,214,18,201,23,3,27,781,7.7,160,0.2
2001,9,12,15,441,294,268,23,2,25,780,8.2,180,0.2
2001,9,12,16,339,356,190,21,5,35,780,6.2,230,0.2
2001,9,12,17,60,0,60,16,8,59,778,10.3,240,0.2
2001,9,12,18,2,0,2,15,9,67,778,4.1,210,0.2
2001,9,12,19,0,0,0,13,7,67,776,3.6,240,0.2
2001,9,12,20,0,0,0,11,8,82,773,3.1,260,0.2
2001,9,12,21,0,0,0,9,8,93,772,2.1,250,0.2
2001,9,12,22,0,0,0,9,8,93,772,3.1,290,0.2
2001,9,12,23,0,0,0,9,7,87,772,2.6,270,0.2
2001,9,13,0,0,0,0,8,6,87,771,2.1,270,0.2
2001,9,13,1,0,0,0,8,6,87,771,2.1,280,0.2
2001,9,13,2,0,0,0,7,6,93,771,2.1,240,0.2
2001,9,13,3,0,0,0,7,6,93,771,2.1,230,0.2
2001,9,13,4,0,0,0,6,5,93,771,2.1,220,0.2
2001,9,13,5,0,0,0,5,4,93,771,2.6,240,0.2
2001,9,13,6,27,204,14,9,7,87,774,3.6,120,0.2
2001,9,13,7,73,0,73,12,10,88,777,3.4,130,0.2
2001,9,13,8,422,552,173,14,10,77,778,3.1,140,0.2
2001,9,13,9,354,123,279,16,10,68,780,5.1,140,0.2
2001,9,13,10,761,782,189,17,10,63,780,3.1,130,0.2
2001,9,13,11,702,514,288,19,10,56,781,5.1,170,0.2
2001,9,13,12,876,866,159,19,11,60,781,6.7,140,0.2
2001,9,13,13,774,557,331,20,10,53,781,7.2,130,0.2
2001,9,13,14,167,0,167,18,11,64,780,6.7,170,0.2
2001,9,13,15,616,738,186,19,11,60,780,3.6,190,0.2
2001,9,13,16,435,859,78,20,9,49,780,6.7,140,0.2
2001,9,13,17,217,560,92,19,9,52,780,4.1,130,0.2
2001,9,13,18,6,141,2,16,9,63,778,3.6,150,0.2
2001,9,13,19,0,0,0,17,9,59,779,3.1,160,0.2
2001,9,13,20,0,0,0,12,9,82,776,2.1,270,0.2
2001,9,13,21,0,0,0,10,8,87,775,2.6,240,0.2
2001,9,13,22,0,0,0,9,8,93,775,2.1,280,0.2
2001,9,13,23,0,0,0,8,7,93,774,3.6,290,0.2
2001,9,14,0,0,0,0,7,6,93,773,5.1,270,0.2
2001,9,14,1,0,0,0,6,4,87,773,4.1,270,0.2
2001,9,14,2,0,0,0,4,3,93,772,4.6,260,0.2
2001,9,14,3,0,0,0,4,3,93,772,4.1,260,0.2
2001,9,14,4,0,0,0,4,2,87,772,3.1,300,0.2
2001,9,14,5,0,0,0,2,1,93,771,3.1,270,0.2
2001,9,14,6,24,328,5,4,2,87,773,3.1,260,0.2
2001,9,14,7,218,724,30,10,4,66,776,2.6,280,0.2
2001,9,14,8,431,842,54,16,4,45,780,2.6,280,0.2
2001,9,14,9,628,912,74,19,1,30,782,2.6,280,0.2
2001,9,14,10,777,948,87,21,-1,23,783,6.7,280,0.2
2001,9,14,11,830,759,222,21,3,30,783,3.6,160,0.2
2001,9,14,12,469,114,374,21,3,30,783,3.6,180,0.2
2001,9,14,13,749,612,265,22,4,31,783,3.1,270,0.2
2001,9,14,14,301,37,275,23,4,29,783,4.1,240,0.2
2001,9,14,15,116,0,116,22.2,2.9,28,782,4.4,240,0.2
2001,9,14,16,326,278,212,21.2,4.2,33,782,4.8,230,0.2
2001,9,14,17,241,423,149,19,6,43,781,5.1,230,0.2
2001,9,14,18,5,97,3,16,7,55,779,3.6,290,0.2
2001,9,14,19,0,0,0,13,7,67,777,2.6,250,0.2
2001,9,14,20,0,0,0,11,7,76,775,3.1,270,0.2
2001,9,14,21,0,0,0,9,7,87,774,3.1,270,0.2
2001,9,14,22,0,0,0,8,6,87,773,3.6,250,0.2
2001,9,14,23,0,0,0,7,4,81,772,3.1,280,0.2
2001,9,15,0,0,0,0,7,4,81,772,3.6,270,0.2
2001,9,15,1,0,0,0,6,3,81,771,4.1,280,0.2
2001,9,15,2,0,0,0,6,3,81,771,4.1,280,0.2
2001,9,15,3,0,0,0,4,2,87,770,4.6,270,0.2
2001,9,15,4,0,0,0,4,2,87,770,4.1,270,0.2
2001,9,15,5,0,0,0,3,2,93,770,2.1,280,0.2
2001,9,15,6,24,269,9,5,2,81,772,3.6,270,0.2
2001,9,15,7,205,623,45,12,3,54,777,2.6,270,0.2
2001,9,15,8,430,836,59,18,7,49,780,2.1,270,0.2
2001,9,15,9,622,935,57,19,6,43,781,5.1,270,0.2
2001,9,15,10,766,972,62,20,6,40,781,2.1,260,0.2
2001,9,15,11,871,824,213,22,5,33,782,4.1,240,0.2
2001,9,15,12,463,108,374,23,3,27,782,3.1,280,0.2
2001,9,15,13,578,255,378,23,2.9,27,782,6.4,80,0.2
2001,9,15,14,663,662,198,23,3.8,29,782,5.8,150,0.2
2001,9,15,15,509,495,226,23.2,3.6,28,782,6.6,140,0.2
2001,9,15,16,78,0,78,23,3.2,27,782,6.4,150,0.2
2001,9,15,17,200,228,152,21.6,3.2,30,781,5.5,170,0.2
2001,9,15,18,3,47,2,18.8,3,35,781,4.6,200,0.2
2001,9,15,19,0,0,0,12.9,2.8,50,781,3.8,210,0.2
2001,9,15,20,0,0,0,12.1,2.6,52,781,3.3,300,0.2
2001,9,15,21,0,0,0,11.3,2.3,54,781,3.2,290,0.2
2001,9,15,22,0,0,0,10.5,2.1,56,781,3.2,300,0.2
2001,9,15,23,0,0,0,9.7,2.9,63,781,3.1,320,0.2
2001,9,16,0,0,0,0,9.9,2.8,61,781,3.1,270,0.2
2001,9,16,1,0,0,0,9.1,2.5,63,781,3.1,40,0.2
2001,9,16,2,0,0,0,7.3,2.3,71,781,3.1,300,0.2
2001,9,16,3,0,0,0,7.4,3.1,74,781,3,280,0.2
2001,9,16,4,0,0,0,7.6,2.9,72,781,3,340,0.2
2001,9,16,5,0,0,0,6.8,2.6,75,781,3.1,290,0.2
2001,9,16,6,22,329,4,8,2.4,68,781,3,50,0.2
2001,9,16,7,216,736,29,12,3.3,55,781,3,80,0.2
2001,9,16,8,425,784,79,17,4.3,43,781,4.2,270,0.2
2001,9,16,9,553,672,149,20,3.2,33,781,5.2,260,0.2
2001,9,16,10,721,829,123,20,2.1,30,781,6,270,0.2
2001,9,16,11,825,908,103,22,3,29,780,7.2,250,0.2
2001,9,16,12,828,866,121,22.2,3.9,30,780,7.2,240,0.2
2001,9,16,13,763,746,179,22.3,5,32,779,7.2,240,0.2
2001,9,16,14,671,742,153,22.3,6.1,35,779,7.2,230,0.2
2001,9,16,15,540,740,120,21.7,4.9,33,778,7.2,230,0.2
2001,9,16,16,426,865,80,21,6,38,778,7.2,220,0.2
2001,9,16,17,243,706,97,19,6,43,777,5.7,210,0.2
2001,9,16,18,2,131,1,17,7,52,776,5.1,210,0.2
2001,9,16,19,0,0,0,14,7,63,773,4.1,210,0.2
2001,9,16,20,0,0,0,12,6,67,773,2.6,270,0.2
2001,9,16,21,0,0,0,9,6,81,771,2.1,260,0.2
2001,9,16,22,0,0,0,9.4,6,79,771,2.6,260,0.2
2001,9,16,23,0,0,0,6.9,3.1,77,771,0.5,360,0.2
2001,9,17,0,0,0,0,6.4,2.2,74,771,2.5,320,0.2
2001,9,17,1,0,0,0,7.9,3.3,73,772,3,260,0.2
2001,9,17,2,0,0,0,5.4,0.4,70,772,0.3,350,0.2
2001,9,17,3,0,0,0,3.9,-1.5,67,772,3.8,240,0.2
2001,9,17,4,0,0,0,5.3,-0.5,66,772,2.3,250,0.2
2001,9,17,5,0,0,0,6.9,0.7,65,772,3.2,240,0.2
2001,9,17,6,20,304,4,9.3,1.6,59,773,2.7,220,0.2
2001,9,17,7,207,704,30,14.5,4.2,50,773,0,0,0.2
2001,9,17,8,415,812,58,21.8,4.4,32,773,1.4,30,0.2
2001,9,17,9,606,906,64,22.6,4.2,30,773,3,80,0.2
2001,9,17,10,738,894,95,24.9,4.5,27,774,5.5,130,0.2
2001,9,17,11,790,723,218,25.1,1.5,21,774,6,100,0.2
2001,9,17,12,530,199,369,25.8,0.7,19,774,1.2,150,0.2
2001,9,17,13,750,679,222,25.9,-0.7,17,774,7.3,190,0.2
2001,9,17,14,739,908,109,26.1,-1.5,16,775,6.8,190,0.2
2001,9,17,15,600,922,81,26.8,-2.8,14,775,6.7,200,0.2
2001,9,17,16,394,761,93,26.6,-5.1,11,775,4.1,200,0.2
2001,9,17,17,236,538,127,25.3,-5.4,12,775,6.1,220,0.2
2001,9,17,18,1,89,0,21.1,-5.8,15,776,2.9,170,0.2
2001,9,17,19,0,0,0,14.7,-5,24,776,2.9,190,0.2
2001,9,17,20,0,0,0,14.6,-4.4,25,776,2.8,230,0.2
2001,9,17,21,0,0,0,14.2,-3.6,28,776,1.7,200,0.2
2001,9,17,22,0,0,0,14,-5,25,777,0,0,0.2
2001,9,17,23,0,0,0,15.7,-5.2,22,777,1.1,280,0.2
2001,9,18,0,0,0,0,15.5,-4.5,24,777,2.1,240,0.2
2001,9,18,1,0,0,0,11.2,-4.8,31,777,1,160,0.2
2001,9,18,2,0,0,0,11.8,-6.2,26,778,0,0,0.2
2001,9,18,3,0,0,0,12.6,-5.4,27,778,1.4,140,0.2
2001,9,18,4,0,0,0,13.4,-6.8,22,778,1.8,220,0.2
2001,9,18,5,0,0,0,15.1,-6,21,778,1.3,200,0.2
2001,9,18,6,18,306,4,17.8,-4.4,21,778,0.7,190,0.2
2001,9,18,7,206,712,29,18,-1.3,27,779,0,0,0.2
2001,9,18,8,419,840,53,19.2,-0.5,26,779,3.1,180,0.2
2001,9,18,9,595,882,70,20.5,-0.7,24,779,0,0,0.2
2001,9,18,10,749,924,88,22.3,-1,21,779,0,0,0.2
2001,9,18,11,848,986,72,21.4,-1.2,22,780,0,0,0.2
2001,9,18,12,865,1005,54,20.9,0.2,25,780,0,0,0.2
2001,9,18,13,814,946,82,21.1,0,24,780,4.4,170,0.2
2001,9,18,14,740,963,76,21.4,-1.2,22,780,2.2,140,0.2
2001,9,18,15,579,892,82,20.3,0.6,27,781,2.2,130,0.2
2001,9,18,16,415,917,57,22,-1,21,781,3.1,170,0.2
2001,9,18,17,229,707,89,21,-1,23,781,4.1,150,0.2
2001,9,18,18,0,103,0,16,-2,28,778,2.6,340,0.2
2001,9,18,19,0,0,0,14,-4,27,776,4.6,300,0.2
2001,9,18,20,0,0,0,11,-4,33,774,3.6,340,0.2
2001,9,18,21,0,0,0,9,-3,41,773,4.1,310,0.2
2001,9,18,22,0,0,0,7,-4,44,771,4.6,270,0.2
2001,9,18,23,0,0,0,6,-4,47,771,4.1,270,0.2
2001,9,19,0,0,0,0,6,-3,51,771,3.6,270,0.2
2001,9,19,1,0,0,0,4,-4,54,769,2.6,260,0.2
2001,9,19,2,0,0,0,4,-3,59,769,2.6,300,0.2
2001,9,19,3,0,0,0,4,-3,59,769,3.6,270,0.2
2001,9,19,4,0,0,0,3,-3,63,768,4.1,280,0.2
2001,9,19,5,0,0,0,3,-3,63,769,3.6,280,0.2
2001,9,19,6,16,242,5,4,-3,59,771,4.1,270,0.2
2001,9,19,7,201,706,28,10,-2,42,775,2.6,270,0.2
2001,9,19,8,423,868,47,16,-1,31,779,2.6,220,0.2
2001,9,19,9,610,941,54,20,-2,22,781,2.6,160,0.2
2001,9,19,10,760,989,56,21,-3,19,781,5.1,110,0.2
2001,9,19,11,848,992,71,22,-4,17,782,5.7,100,0.2
2001,9,19,12,853,957,84,23,-3,17,782,5.7,160,0.2
2001,9,19,13,777,807,156,24,-3,16,782,7.2,150,0.2
2001,9,19,14,720,939,78,23,-5,14,781,5.1,240,0.2
2001,9,19,15,588,943,67,23,-5,14,781,4.1,260,0.2
2001,9,19,16,418,927,61,23,-6,13,781,5.7,270,0.2
2001,9,19,17,241,724,102,21,-6,15,781,4.1,270,0.2
2001,9,19,18,0,0,0,17,-8,16,779,4.6,250,0.2
2001,9,19,19,0,0,0,14,-8,19,776,4.6,260,0.2
2001,9,19,20,0,0,0,10,-7,28,774,2.6,250,0.2
2001,9,19,21,0,0,0,11,-7,26,774,3.1,260,0.2
2001,9,19,22,0,0,0,7,-8,31,772,3.6,270,0.2
2001,9,19,23,0,0,0,5,-7,39,771,4.1,280,0.2
2001,9,20,0,0,0,0,6,-7,36,771,2.1,300,0.2
2001,9,20,1,0,0,0,4,-6,45,770,2.6,260,0.2
2001,9,20,2,0,0,0,4,-5,49,770,4.6,280,0.2
2001,9,20,3,0,0,0,3,-5,53,770,3.1,260,0.2
2001,9,20,4,0,0,0,3,-5,53,770,3.1,270,0.2
2001,9,20,5,0,0,0,3,-4,58,771,5.1,280,0.2
2001,9,20,6,15,279,3,4,-4,54,772,4.1,290,0.2
2001,9,20,7,200,714,27,11,-2,39,777,3.1,290,0.2
2001,9,20,8,403,822,50,17,-2,27,781,2.3,250,0.2
2001,9,20,9,594,905,61,20,-4,19,782,1.5,210,0.2
2001,9,20,10,743,959,64,21,-4,18,784,1.5,170,0.2
2001,9,20,11,831,962,80,23,-3,17,785,3.6,130,0.2
2001,9,20,12,841,945,86,23,-3,17,784,4.6,180,0.2
2001,9,20,13,777,819,151,23,-4,16,784,3.1,180,0.2
2001,9,20,14,721,946,79,23,-4,16,784,4.1,180,0.2
2001,9,20,15,582,937,69,24,-4,15,784,6.2,140,0.2
2001,9,20,16,385,869,55,23,-4,16,784,3.1,150,0.2
2001,9,20,17,233,566,128,19,-4,20,781,3.6,170,0.2
2001,9,20,18,0,0,0,13,-4,29,779,2.1,260,0.2
2001,9,20,19,0,0,0,11,-2,39,777,1.5,260,0.2
2001,9,20,20,0,0,0,9,-3,41,775,2.6,330,0.2
2001,9,20,21,0,0,0,9,-3,41,775,4.1,290,0.2
2001,9,20,22,0,0,0,8,-2,48,774,3.6,280,0.2
2001,9,20,23,0,0,0,7,-3,48,773,3.1,270,0.2
2001,9,21,0,0,0,0,6,-3,51,773,4.1,280,0.2
2001,9,21,1,0,0,0,6,-3,51,772,4.6,280,0.2
2001,9,21,2,0,0,0,3,-4,58,771,2.6,250,0.2
2001,9,21,3,0,0,0,4,-3,59,771,3.1,270,0.2
2001,9,21,4,0,0,0,4,-3,59,771,4.6,270,0.2
2001,9,21,5,0,0,0,3,-4,58,771,1.5,270,0.2
2001,9,21,6,14,258,4,4,-3,59,774,1.5,280,0.2
2001,9,21,7,199,723,26,11,-2,39,778,2.1,280,0.2
2001,9,21,8,417,867,47,17,-1,29,782,1.5,280,0.2
2001,9,21,9,588,893,66,21,-3,19,784,3.6,280,0.2
2001,9,21,10,721,912,78,22,-3,18,784,3.6,310,0.2
2001,9,21,11,831,723,270,23,-4,16,784,3.6,190,0.2
2001,9,21,12,201,6,196,22,-3,18,784,2.6,190,0.2
2001,9,21,13,185,6,180,24,-3,16,784,5.1,130,0.2
2001,9,21,14,594,516,246,23,-3,17,784,2.6,150,0.2
2001,9,21,15,554,699,175,23,-3,17,783,4.1,170,0.2
2001,9,21,16,280,304,166,22,-3,18,782,3.1,140,0.2
2001,9,21,17,158,371,90,21,-2,21,782,3.6,260,0.2
2001,9,21,18,0,0,0,19,-3,22,781,2.6,270,0.2
2001,9,21,19,0,0,0,17,-5,21,779,3.1,280,0.2
2001,9,21,20,0,0,0,14,-6,23,777,4.6,270,0.2
2001,9,21,21,0,0,0,12,-6,26,775,4.6,270,0.2
2001,9,21,22,0,0,0,9,-5,35,774,2.1,300,0.2
2001,9,21,23,0,0,0,7,-6,37,773,3.1,260,0.2
2001,9,22,0,0,0,0,7,-6,37,773,2.1,260,0.2
2001,9,22,1,0,0,0,7,-5,40,773,2.9,260,0.2
2001,9,22,2,0,0,0,6,-6,39,772,3.6,260,0.2
2001,9,22,3,0,0,0,4,-5,49,771,3.1,260,0.2
2001,9,22,4,0,0,0,5,-6,42,772,3.1,290,0.2
2001,9,22,5,0,0,0,3,-6,49,771,3.1,260,0.2
2001,9,22,6,12,146,7,4,-5,49,772,4.1,260,0.2
2001,9,22,7,157,386,66,10,-3,39,776,1.5,290,0.2
2001,9,22,8,402,725,95,18,-4,21,781,2.1,320,0.2
2001,9,22,9,557,724,135,19,-4,20,782,3.1,60,0.2
2001,9,22,10,592,491,248,22,-4,17,784,1.5,100,0.2
2001,9,22,11,655,472,291,23,-3,17,784,1.5,140,0.2
2001,9,22,12,830,716,263,23,-4,16,784,3.1,180,0.2
2001,9,22,13,128,0,128,23,-3,17,784,3.6,50,0.2
2001,9,22,14,689,621,274,24,-3,16,784,2.6,80,0.2
2001,9,22,15,534,718,147,23,-4,16,784,2.1,100,0.2
2001,9,22,16,255,258,160,24,-4,15,784,2.6,130,0.2
2001,9,22,17,168,361,105,21,-4,18,783,3.1,150,0.2
2001,9,22,18,0,0,0,13,-4,29,779,3.1,140,0.2
2001,9,22,19,0,0,0,11,-3,36,777,3.1,260,0.2
2001,9,22,20,0,0,0,10,-3,39,775,3.6,280,0.2
2001,9,22,21,0,0,0,10,-4,36,775,4.6,270,0.2
2001,9,22,22,0,0,0,9,-5,35,775,4.1,290,0.2
2001,9,22,23,0,0,0,6,-6,39,773,3.1,250,0.2
2001,9,23,0,0,0,0,6,-6,39,773,2.6,300,0.2
2001,9,23,1,0,0,0,6,-6,39,773,4.1,270,0.2
2001,9,23,2,0,0,0,4,-6,45,771,4.6,280,0.2
2001,9,23,3,0,0,0,4,-6,45,772,4.1,280,0.2
2001,9,23,4,0,0,0,3,-6,49,771,5.1,270,0.2
2001,9,23,5,0,0,0,2,-6,52,772,4.6,280,0.2
2001,9,23,6,10,203,3,4,-6,45,775,4.1,270,0.2
2001,9,23,7,189,699,26,10,-4,36,779,3.1,270,0.2
2001,9,23,8,401,849,45,16,-4,24,782,3.6,220,0.2
2001,9,23,9,593,928,56,21,-4,18,785,4.1,180,0.2
2001,9,23,10,743,983,57,23,-5,14,786,4.6,130,0.2
2001,9,23,11,831,986,73,24,-5,13,787,4.6,190,0.2
2001,9,23,12,830,945,86,24,-5,13,786,7.7,140,0.2
2001,9,23,13,785,922,92,24,-6,12,786,4.6,190,0.2
2001,9,23,14,717,965,75,24,-5,13,786,5.7,130,0.2
2001,9,23,15,565,953,57,24,-6,12,785,5.1,170,0.2
2001,9,23,16,376,891,52,24,-6,12,785,4.6,170,0.2
2001,9,23,17,207,733,81,21,-7,14,784,3.1,170,0.2
2001,9,23,18,0,0,0,18,-7,16,783,3.6,140,0.2
2001,9,23,19,0,0,0,11,-7,26,778,1.5,260,0.2
2001,9,23,20,0,0,0,7,-7,34,775,3.1,250,0.2
2001,9,23,21,0,0,0,9,-7,29,776,2.6,280,0.2
2001,9,23,22,0,0,0,5,-7,39,773,3.1,270,0.2
2001,9,23,23,0,0,0,5,-7,39,773,3.1,270,0.2
2001,9,24,0,0,0,0,4.1,-6.9,42,773,2.9,270,0.2
2001,9,24,1,0,0,0,3,-7,45,773,2.6,260,0.2
2001,9,24,2,0,0,0,3,-7,45,772,1.5,270,0.2
2001,9,24,3,0,0,0,4,-7,42,773,3.6,280,0.2
2001,9,24,4,0,0,0,4,-6,45,773,3.6,280,0.2
2001,9,24,5,0,0,0,4,-6,45,774,3.6,270,0.2
2001,9,24,6,10,227,3,3,-6,49,775,2.6,270,0.2
2001,9,24,7,188,707,25,11,-4,33,781,2.1,270,0.2
2001,9,24,8,377,747,66,17,-4,23,785,2.4,200,0.2
2001,9,24,9,572,770,129,22,-3,18,787,2.6,130,0.2
2001,9,24,10,508,284,311,23,-2,18,788,6.7,140,0.2
2001,9,24,11,217,12,207,24,-2,17,788,6.2,130,0.2
2001,9,24,12,385,72,328,25,-3,15,788,3.1,180,0.2
2001,9,24,13,652,455,312,26,-3,14,788,6.7,140,0.2
2001,9,24,14,684,818,144,24,-3,16,787,3.1,150,0.2
2001,9,24,15,522,834,82,24,-3,16,786,5.7,150,0.2
2001,9,24,16,371,887,52,24,-3,16,786,5.1,140,0.2
2001,9,24,17,195,692,81,21,-3,19,784,4.1,180,0.2
2001,9,24,18,0,0,0,14,-4,27,781,3.6,160,0.2
2001,9,24,19,0,0,0,12,-4,31,779,1.5,270,0.2
2001,9,24,20,0,0,0,10,-4,36,777,2.1,270,0.2
2001,9,24,21,0,0,0,7,-4,44,775,1.5,250,0.2
2001,9,24,22,0,0,0,5,-5,46,773,2.1,270,0.2
2001,9,24,23,0,0,0,5,-4,50,773,2.1,260,0.2
2001,9,25,0,0,0,0,6,-4,47,773,2.6,280,0.2
2001,9,25,1,0,0,0,5,-4,50,772,2.1,290,0.2
2001,9,25,2,0,0,0,4,-4,54,771,3.1,290,0.2
2001,9,25,3,0,0,0,4,-4,54,771,2.6,280,0.2
2001,9,25,4,0,0,0,4,-5,49,771,3.1,280,0.2
2001,9,25,5,0,0,0,3,-5,53,771,3.1,290,0.2
2001,9,25,6,8,176,3,4,-4,54,774,1.5,280,0.2
2001,9,25,7,180,664,29,11,-3,36,778,2.6,270,0.2
2001,9,25,8,386,803,54,17,-2,27,781,2.4,280,0.2
2001,9,25,9,587,904,70,21,-2,21,784,2.1,280,0.2
2001,9,25,10,737,858,145,22,-1,21,784,3.6,140,0.2
2001,9,25,11,533,257,337,23,-1,20,784,4.1,140,0.2
2001,9,25,12,812,849,151,24,-2,17,784,4.1,230,0.2
2001,9,25,13,754,820,146,24,-3,16,784,5.7,180,0.2
2001,9,25,14,706,910,109,24,-3,16,783,6.2,160,0.2
2001,9,25,15,538,910,62,24,-3,16,783,6.7,190,0.2
2001,9,25,16,365,863,59,23,-3,17,782,5.1,170,0.2
2001,9,25,17,183,684,73,21,-2,21,781,4.6,180,0.2
2001,9,25,18,0,0,0,15,-2,30,779,3.6,210,0.2
2001,9,25,19,0,0,0,11,-3,36,776,2.1,260,0.2
2001,9,25,20,0,0,0,9,-2,45,773,3.6,260,0.2
2001,9,25,21,0,0,0,8,-2,48,772,3.1,270,0.2
2001,9,25,22,0,0,0,7,-2,52,771,4.1,260,0.2
2001,9,25,23,0,0,0,7,-3,48,771,4.1,270,0.2
2001,9,26,0,0,0,0,6,-3,51,771,4.1,270,0.2
2001,9,26,1,0,0,0,6,-3,51,771,3.1,270,0.2
2001,9,26,2,0,0,0,6,-3,51,771,4.1,270,0.2
2001,9,26,3,0,0,0,3,-3,63,769,3.6,250,0.2
2001,9,26,4,0,0,0,3,-3,63,769,4.1,260,0.2
2001,9,26,5,0,0,0,3,-3,63,770,5.1,280,0.2
2001,9,26,6,8,160,4,4,-3,59,772,3.3,360,0.2
2001,9,26,7,171,612,34,12,-1,40,778,1.5,70,0.2
2001,9,26,8,381,791,56,19,-3,22,781,5.7,210,0.2
2001,9,26,9,571,892,64,20,-2,22,782,3.1,110,0.2
2001,9,26,10,715,947,64,21,-3,19,783,5.1,150,0.2
2001,9,26,11,802,956,79,23,-4,16,783,6.7,150,0.2
2001,9,26,12,813,969,62,24,-6,12,784,6.7,250,0.2
2001,9,26,13,781,978,59,24,-6,12,783,5.7,250,0.2
2001,9,26,14,686,966,58,24,-5,13,783,5.7,220,0.2
2001,9,26,15,547,949,56,24,-6,12,783,5.7,210,0.2
2001,9,26,16,368,894,57,23,-7,12,783,4.6,250,0.2
2001,9,26,17,167,521,86,21,-7,14,782,4.1,240,0.2
2001,9,26,18,0,0,0,13,-8,21,778,2.6,270,0.2
2001,9,26,19,0,0,0,10,-8,25,775,3.6,270,0.2
2001,9,26,20,0,0,0,9,-7,29,774,4.1,280,0.2
2001,9,26,21,0,0,0,7,-7,34,772,4.6,290,0.2
2001,9,26,22,0,0,0,6,-8,33,772,5.1,280,0.2
2001,9,26,23,0,0,0,5,-8,36,771,5.1,280,0.2
2001,9,27,0,0,0,0,6,-8,33,772,4.6,270,0.2
2001,9,27,1,0,0,0,5,-8,36,771,4.1,270,0.2
2001,9,27,2,0,0,0,4,-8,38,770,2.6,300,0.2
2001,9,27,3,0,0,0,3,-8,41,770,4.1,280,0.2
2001,9,27,4,0,0,0,3,-8,41,770,4.6,280,0.2
2001,9,27,5,0,0,0,3,-7,45,771,4.1,280,0.2
2001,9,27,6,7,182,2,3,-7,45,773,4.1,270,0.2
2001,9,27,7,170,661,24,10,-5,33,777,2.6,290,0.2
2001,9,27,8,380,813,49,17,-5,21,781,2.1,240,0.2
2001,9,27,9,565,886,65,21,-4,18,784,1.5,180,0.2
2001,9,27,10,698,906,79,22,-4,17,784,5.1,130,0.2
2001,9,27,11,808,944,97,23,-3,17,784,4.6,140,0.2
2001,9,27,12,795,903,99,24,-4,15,784,7.2,160,0.2
2001,9,27,13,794,1020,46,24,-4,15,783,7.2,160,0.2
2001,9,27,14,694,991,54,24,-5,13,783,6.7,180,0.2
2001,9,27,15,526,906,62,24,-5,13,783,5.7,160,0.2
2001,9,27,16,353,856,59,23,-6,13,783,4.6,190,0.2
2001,9,27,17,0,0,0,20,-6,16,781,3.1,200,0.2
2001,9,27,18,0,0,0,13,-7,23,778,3.1,170,0.2
2001,9,27,19,0,0,0,10,-7,28,775,2.1,260,0.2
2001,9,27,20,0,0,0,7.5,-7.4,32,773,2.1,260,0.2
2001,9,27,21,0,0,0,6,-8,33,771,2.1,260,0.2
2001,9,27,22,0,0,0,6,-8,33,771,2.1,280,0.2
2001,9,27,23,0,0,0,6,-8,33,771,3.6,280,0.2
2001,9,28,0,0,0,0,5,-8,36,770,4.1,280,0.2
2001,9,28,1,0,0,0,5,-8,36,770,4.6,260,0.2
2001,9,28,2,0,0,0,4,-7,42,769,3.1,270,0.2
2001,9,28,3,0,0,0,4,-6,45,769,4.6,280,0.2
2001,9,28,4,0,0,0,3,-6,49,769,4.6,280,0.2
2001,9,28,5,0,0,0,4,-4,54,770,2.1,270,0.2
2001,9,28,6,2,23,2,5,-3,55,772,3.6,280,0.2
2001,9,28,7,144,395,58,9,-1,49,775,1.5,300,0.2
2001,9,28,8,318,423,147,16,0,34,779,1.5,280,0.2
2001,9,28,9,570,799,122,20,-1,24,781,2.1,210,0.2
2001,9,28,10,703,935,68,22,-1,21,782,6.7,140,0.2
2001,9,28,11,779,908,99,22,-2,20,781,6.7,140,0.2
2001,9,28,12,740,746,168,22,-4,17,781,2.6,170,0.2
2001,9,28,13,711,784,140,23,-4,16,781,6.2,190,0.2
2001,9,28,14,620,801,107,23,-4,16,780,9.3,190,0.2
2001,9,28,15,490,793,88,22,-5,15,780,6.7,210,0.2
2001,9,28,16,337,818,61,22,-7,13,780,8.7,200,0.2
2001,9,28,17,0,0,0,19,-7,15,778,4.1,200,0.2
2001,9,28,18,0,0,0,12,-5,29,775,2.6,200,0.2
2001,9,28,19,0,0,0,9,-6,32,773,2.1,250,0.2
2001,9,28,20,0,0,0,7,-6,37,771,2.6,250,0.2
2001,9,28,21,0,0,0,6,-5,43,770,2.6,270,0.2
2001,9,28,22,0,0,0,7,-4,44,770,3.6,270,0.2
2001,9,28,23,0,0,0,6,-4,47,769,3.6,270,0.2
2001,9,29,0,0,0,0,6,-4,47,770,4.1,290,0.2
2001,9,29,1,0,0,0,5,-3,55,769,3.6,270,0.2
2001,9,29,2,0,0,0,4,-3,59,768,2.1,310,0.2
2001,9,29,3,0,0,0,4,-3,59,769,3.1,290,0.2
2001,9,29,4,0,0,0,3,-3,63,768,4.6,280,0.2
2001,9,29,5,0,0,0,5,-1,64,770,4.1,280,0.2
2001,9,29,6,2,14,2,7,-1,56,773,2.6,300,0.2
2001,9,29,7,87,66,73,12,0,44,777,2.1,280,0.2
2001,9,29,8,360,586,125,16,0,34,780,1.8,350,0.2
2001,9,29,9,392,268,242,20,1,28,782,1.5,50,0.2
2001,9,29,10,134,0,134,18,2,34,781,6.7,270,0.2
2001,9,29,11,217,6,212,21,0,25,783,2.6,220,0.2
2001,9,29,12,416,66,365,20,-1,24,782,6.7,200,0.2
2001,9,29,13,410,97,340,22,-1,21,783,3.1,220,0.2
2001,9,29,14,676,776,182,21,0,25,782,5.7,280,0.2
2001,9,29,15,530,800,128,19,2,32,782,4.6,320,0.2
2001,9,29,16,292,515,121,18,2,34,781,5.1,10,0.2
2001,9,29,17,0,0,0,17,2,36,781,4.6,10,0.2
2001,9,29,18,0,0,0,13,1,44,778,2.6,340,0.2
2001,9,29,19,0,0,0,12,1,47,777,3.1,10,0.2
2001,9,29,20,0,0,0,7,0,61,774,1.5,300,0.2
2001,9,29,21,0,0,0,4,-1,69,772,2.1,270,0.2
2001,9,29,22,0,0,0,4,0,75,772,4.1,280,0.2
2001,9,29,23,0,0,0,5,0,70,773,3.6,280,0.2
2001,9,30,0,0,0,0,4,-1,69,772,4.6,280,0.2
2001,9,30,1,0,0,0,3,-1,74,771,4.6,280,0.2
2001,9,30,2,0,0,0,3,-1,74,772,3.1,280,0.2
2001,9,30,3,0,0,0,3,-1,74,772,4.6,280,0.2
2001,9,30,4,0,0,0,3,-1,74,773,5.1,280,0.2
2001,9,30,5,0,0,0,2,-2,73,773,4.1,270,0.2
2001,9,30,6,2,43,2,3,-2,68,774,5.7,280,0.2
2001,9,30,7,160,513,51,8,0,57,778,3.1,280,0.2
2001,9,30,8,359,749,61,14,0,38,782,3.1,230,0.2
2001,9,30,9,554,868,72,18,0,30,785,3.1,180,0.2
2001,9,30,10,692,923,72,21,-2,21,786,3.1,130,0.2
2001,9,30,11,773,914,96,22,-2,20,786,2.6,150,0.2
2001,9,30,12,740,578,303,23,-3,17,786,5.1,170,0.2
2001,9,30,13,122,0,122,22,-4,17,785,4.6,160,0.2
2001,9,30,14,369,117,295,22,-4,17,785,4.6,130,0.2
2001,9,30,15,539,737,173,23,-5,14,785,3.4,150,0.2
2001,9,30,16,354,931,50,22,-6,14,784,2.1,160,0.2
2001,9,30,17,0,0,0,19,-5,18,783,3.6,170,0.2
2001,9,30,18,0,0,0,11,-6,28,780,1.5,170,0.2
2001,9,30,19,0,0,0,8,-7,32,777,2.6,250,0.2
2001,9,30,20,0,0,0,6,-7,36,775,2.6,260,0.2
2001,9,30,21,0,0,0,5.3,-5.9,36,775,2.7,270,0.2
2001,9,30,22,0,0,0,4.6,-4.9,39,775,2.7,280,0.2
2001,9,30,23,0,0,0,3.9,-3.9,39,774,2.8,280,0.2
2004,10,1,0,0,0,0,3.1,-2.9,93,768,2.9,260,0.18
2004,10,1,1,0,0,0,2.4,-1.9,87,768,3,280,0.18
2004,10,1,2,0,0,0,1.7,-0.9,93,767,3,270,0.18
2004,10,1,3,0,0,0,1,0,93,767,3.1,270,0.18
2004,10,1,4,0,0,0,1,-1,86,768,3.6,270,0.18
2004,10,1,5,0,0,0,1,-1,86,768,3.1,280,0.18
2004,10,1,6,3,183,1,1,-1,86,769,3.1,310,0.18
2004,10,1,7,168,667,30,4,2,87,771,2.6,260,0.18
2004,10,1,8,386,867,45,9,2,61,775,0,0,0.18
2004,10,1,9,569,926,60,11,1,50,776,1.5,270,0.18
2004,10,1,10,703,852,135,13,1,44,777,2.1,250,0.18
2004,10,1,11,527,251,343,12,1,47,777,3.1,190,0.18
2004,10,1,12,624,367,349,12,2,50,777,4.6,240,0.18
2004,10,1,13,122,0,122,14,-1,35,778,3.6,190,0.18
2004,10,1,14,110,0,110,12,2,50,778,6.2,350,0.18
2004,10,1,15,442,395,249,10,3,62,777,3.1,310,0.18
2004,10,1,16,360,676,143,12,2,50,778,3.1,360,0.18
2004,10,1,17,0,0,0,10,3,62,777,2.6,340,0.18
2004,10,1,18,0,0,0,6,4,87,775,2.1,190,0.18
2004,10,1,19,0,0,0,6,3,81,776,2.6,260,0.18
2004,10,1,20,0,0,0,6,4,87,775,2.6,270,0.18
2004,10,1,21,0,0,0,5,3,87,774,3.6,270,0.18
2004,10,1,22,0,0,0,4,2,87,774,3.6,270,0.18
2004,10,1,23,0,0,0,3,1,87,773,2.1,270,0.18
2004,10,2,0,0,0,0,2,1,93,773,2.1,260,0.18
2004,10,2,1,0,0,0,1,0,93,772,2.1,300,0.18
2004,10,2,2,0,0,0,1,0,93,772,2.1,290,0.18
2004,10,2,3,0,0,0,1,-1,86,773,3.1,260,0.18
2004,10,2,4,0,0,0,1,-1,86,773,4.6,270,0.18
2004,10,2,5,0,0,0,1,-1,86,773,3.6,270,0.18
2004,10,2,6,2,168,0,1,-1,86,775,4.1,270,0.18
2004,10,2,7,167,704,23,4,2,87,777,3.1,280,0.18
2004,10,2,8,376,877,34,9,2,61,780,0,0,0.18
2004,10,2,9,574,943,58,13,2,47,782,2.6,90,0.18
2004,10,2,10,708,663,269,13,2,47,782,3.6,180,0.18
2004,10,2,11,129,0,129,13,1,44,782,4.6,150,0.18
2004,10,2,12,214,24,196,10,3,62,780,6.2,260,0.18
2004,10,2,13,771,650,311,14,0,38,782,1.5,210,0.18
2004,10,2,14,110,0,110,16,0,34,783,4.6,150,0.18
2004,10,2,15,115,0,115,15,-1,33,782,5.1,150,0.18
2004,10,2,16,354,594,166,14,0,38,781,4.6,180,0.18
2004,10,2,17,0,0,0,11,0,47,780,2.6,180,0.18
2004,10,2,18,0,0,0,8,2,66,779,1.5,320,0.18
2004,10,2,19,0,0,0,7,3,76,778,2.1,30,0.18
2004,10,2,20,0,0,0,6,3,81,777,1.5,350,0.18
2004,10,2,21,0,0,0,3,2,93,775,1.5,330,0.18
2004,10,2,22,0,0,0,2,1,93,774,3.1,280,0.18
2004,10,2,23,0,0,0,1,0,93,773,3.6,270,0.18
2004,10,3,0,0,0,0,1,-1,86,774,4.1,270,0.18
2004,10,3,1,0,0,0,1,-1,86,773,4.1,270,0.18
2004,10,3,2,0,0,0,1,-1,86,772,4.1,270,0.18
2004,10,3,3,0,0,0,0,-1,92,772,3.6,270,0.18
2004,10,3,4,0,0,0,0,-1,92,772,4.1,270,0.18
2004,10,3,5,0,0,0,-1,-2,92,772,3.1,270,0.18
2004,10,3,6,1,159,0,-1,-2,92,773,3.6,270,0.18
2004,10,3,7,169,712,26,3,1,87,776,2.6,280,0.18
2004,10,3,8,366,843,40,8,1,61,779,0,0,0.18
2004,10,3,9,568,943,56,12,1,47,782,0,0,0.18
2004,10,3,10,708,1000,50,15,-1,33,783,4.6,150,0.18
2004,10,3,11,785,908,125,16,-3,26,783,4.1,130,0.18
2004,10,3,12,735,729,194,16,-2,28,783,4.1,150,0.18
2004,10,3,13,682,724,173,16,-1,31,783,5.7,220,0.18
2004,10,3,14,646,636,255,16,-2,28,782,3.6,180,0.18
2004,10,3,15,92,0,92,16,1,36,783,8.2,30,0.18
2004,10,3,16,348,590,165,14,1,41,782,3.6,60,0.18
2004,10,3,17,0,0,0,12,1,47,781,1.5,100,0.18
2004,10,3,18,0,0,0,6,1,70,778,2.1,260,0.18
2004,10,3,19,0,0,0,6,2,75,777,3.1,270,0.18
2004,10,3,20,0,0,0,4,1,81,776,2.6,280,0.18
2004,10,3,21,0,0,0,4,1,81,775,3.6,270,0.18
2004,10,3,22,0,0,0,3,0,81,774,4.1,270,0.18
2004,10,3,23,0,0,0,2,-1,80,773,4.6,270,0.18
2004,10,4,0,0,0,0,1,-1,86,772,4.1,290,0.18
2004,10,4,1,0,0,0,1,-1,86,772,4.1,270,0.18
2004,10,4,2,0,0,0,1,-1,86,772,4.1,270,0.18
2004,10,4,3,0,0,0,1,-2,79,772,4.1,270,0.18
2004,10,4,4,0,0,0,0,-2,85,772,3.1,260,0.18
2004,10,4,5,0,0,0,-1,-2,92,771,3.6,260,0.18
2004,10,4,6,1,151,0,0,-2,85,773,3.6,270,0.18
2004,10,4,7,164,709,24,4,0,75,776,2.6,280,0.18
2004,10,4,8,374,893,32,9,0,53,779,1.5,30,0.18
2004,10,4,9,562,937,58,13,1,44,781,2.1,350,0.18
2004,10,4,10,713,970,78,15,-1,33,782,5.1,140,0.18
2004,10,4,11,762,836,158,16,-2,28,782,4.6,190,0.18
2004,10,4,12,674,542,274,17,-3,25,782,4.6,150,0.18
2004,10,4,13,122,0,122,17,-3,25,781,6.2,140,0.18
2004,10,4,14,186,6,182,17,-3,25,780,2.6,160,0.18
2004,10,4,15,524,658,212,17,-2,27,780,5.7,170,0.18
2004,10,4,16,280,651,81,14,-3,30,778,5.1,180,0.18
2004,10,4,17,0,0,0,14,-1,35,779,2.6,180,0.18
2004,10,4,18,0,0,0,12,0,44,778,6.7,300,0.18
2004,10,4,19,0,0,0,9,4,71,776,2.6,50,0.18
2004,10,4,20,0,0,0,8,4,76,775,3.6,130,0.18
2004,10,4,21,0,0,0,8,3,71,774,2.1,10,0.18
2004,10,4,22,0,0,0,8,4,76,774,1.5,90,0.18
2004,10,4,23,0,0,0,7,6,93,773,1.5,270,0.18
2004,10,5,0,0,0,0,7,5,87,773,2.6,300,0.18
2004,10,5,1,0,0,0,6,4,87,771,1.5,30,0.18
2004,10,5,2,0,0,0,5,4,93,770,2.6,10,0.18
2004,10,5,3,0,0,0,2,1,93,767,0,0,0.18
2004,10,5,4,0,0,0,2,2,100,768,3.6,280,0.18
2004,10,5,5,0,0,0,3,2,93,769,4.1,260,0.18
2004,10,5,6,0,82,0,3,2,93,770,2.1,260,0.18
2004,10,5,7,140,509,40,4,3,93,771,2.6,250,0.18
2004,10,5,8,374,813,65,7,4,81,773,3.1,270,0.18
2004,10,5,9,562,809,129,11,4,62,775,2.1,330,0.18
2004,10,5,10,479,296,287,13,2,47,776,5.7,30,0.18
2004,10,5,11,469,179,340,13,4,54,776,1.5,10,0.18
2004,10,5,12,147,0,147,12,4,58,776,2.6,350,0.18
2004,10,5,13,747,645,300,14,2,44,776,2.6,330,0.18
2004,10,5,14,654,766,191,16,2,39,777,7.2,330,0.18
2004,10,5,15,186,19,177,15,1,39,777,4.1,290,0.18
2004,10,5,16,326,583,151,14,-1,35,777,4.1,330,0.18
2004,10,5,17,0,0,0,13,-2,35,776,5.7,320,0.18
2004,10,5,18,0,0,0,11,-2,39,776,4.1,300,0.18
2004,10,5,19,0,0,0,6,1,70,773,1.5,80,0.18
2004,10,5,20,0,0,0,3,1,87,771,3.1,240,0.18
2004,10,5,21,0,0,0,4,1,81,771,2.6,240,0.18
2004,10,5,22,0,0,0,2,0,87,770,1.5,230,0.18
2004,10,5,23,0,0,0,2,-1,80,770,4.6,270,0.18
2004,10,6,0,0,0,0,1,-2,79,769,2.6,260,0.18
2004,10,6,1,0,0,0,0,-2,85,768,4.1,280,0.18
2004,10,6,2,0,0,0,-1,-2,92,767,3.6,260,0.18
2004,10,6,3,0,0,0,-1,-3,85,767,0,0,0.18
2004,10,6,4,0,0,0,-2,-4,85,767,0,0,0.18
2004,10,6,5,0,0,0,-2,-4,85,767,2.1,230,0.18
2004,10,6,6,0,0,0,-1,-3,85,768,1.5,300,0.18
2004,10,6,7,155,659,28,4,0,75,772,0,0,0.18
2004,10,6,8,350,824,40,9,-1,49,776,4.1,30,0.18
2004,10,6,9,556,907,74,12,-1,40,778,4.6,30,0.18
2004,10,6,10,691,988,52,14,-3,30,779,5.7,20,0.18
2004,10,6,11,762,896,122,16,-4,24,780,3.1,30,0.18
2004,10,6,12,711,675,220,15,-4,26,779,5.1,360,0.18
2004,10,6,13,742,894,125,16,-6,20,779,2.1,340,0.18
2004,10,6,14,649,971,67,17,-6,19,780,4.1,310,0.18
2004,10,6,15,505,942,67,16,-6,20,779,5.1,280,0.18
2004,10,6,16,330,941,53,16,-7,19,779,5.1,280,0.18
2004,10,6,17,0,0,0,13,-7,23,778,5.1,300,0.18
2004,10,6,18,0,0,0,11,-7,26,777,3.6,300,0.18
2004,10,6,19,0,0,0,7,-6,37,775,3.6,50,0.18
2004,10,6,20,0,0,0,4,-5,49,772,0,0,0.18
2004,10,6,21,0,0,0,3,-4,58,771,1.5,210,0.18
2004,10,6,22,0,0,0,-1,-4,78,768,3.1,260,0.18
2004,10,6,23,0,0,0,1,-4,67,770,2.6,260,0.18
2004,10,7,0,0,0,0,0,-4,72,769,3.1,250,0.18
2004,10,7,1,0,0,0,0,-4,72,769,4.6,270,0.18
2004,10,7,2,0,0,0,-1,-5,71,768,3.1,280,0.18
2004,10,7,3,0,0,0,-1,-5,71,768,3.6,270,0.18
2004,10,7,4,0,0,0,-1,-5,71,769,2.6,290,0.18
2004,10,7,5,0,0,0,-2,-5,78,769,4.6,270,0.18
2004,10,7,6,0,0,0,-1,-5,71,771,4.1,280,0.18
2004,10,7,7,153,657,29,4,-3,59,775,3.1,270,0.18
2004,10,7,8,344,812,42,9,-4,38,778,1.5,360,0.18
2004,10,7,9,535,907,57,14,-6,23,781,1.5,330,0.18
2004,10,7,10,668,917,80,16,-6,20,782,3.6,250,0.18
2004,10,7,11,779,962,97,17,-6,19,783,2.1,280,0.18
2004,10,7,12,798,1012,65,18,-6,18,783,4.1,300,0.18
2004,10,7,13,755,1010,64,18,-6,18,782,2.1,300,0.18
2004,10,7,14,657,990,68,19,-6,17,783,6.7,290,0.18
2004,10,7,15,499,956,60,19,-6,17,783,6.7,300,0.18
2004,10,7,16,303,940,31,18,-4,21,782,4.1,150,0.18
2004,10,7,17,0,0,0,14,-4,27,781,5.7,150,0.18
2004,10,7,18,0,0,0,11,-4,33,780,4.6,150,0.18
2004,10,7,19,0,0,0,7,-3,48,777,2.1,240,0.18
2004,10,7,20,0,0,0,5,-3,55,776,1.5,230,0.18
2004,10,7,21,0,0,0,4,-2,64,774,3.1,260,0.18
2004,10,7,22,0,0,0,3,-2,68,774,2.1,300,0.18
2004,10,7,23,0,0,0,2,-3,67,773,3.1,260,0.18
2004,10,8,0,0,0,0,2,-3,67,773,2.1,270,0.18
2004,10,8,1,0,0,0,2,-3,67,773,4.6,270,0.18
2004,10,8,2,0,0,0,1,-3,72,772,4.1,270,0.18
2004,10,8,3,0,0,0,1,-3,72,773,4.6,270,0.18
2004,10,8,4,0,0,0,0,-4,72,772,3.6,270,0.18
2004,10,8,5,0,0,0,-1,-4,78,772,1.5,280,0.18
2004,10,8,6,0,0,0,0,-4,72,774,4.6,270,0.18
2004,10,8,7,149,654,27,5,-2,59,778,3.1,270,0.18
2004,10,8,8,339,806,42,11,-3,36,782,0,0,0.18
2004,10,8,9,535,895,66,15,-3,28,784,0,0,0.18
2004,10,8,10,662,911,81,17,-3,25,785,5.1,130,0.18
2004,10,8,11,768,956,94,18,-5,19,785,5.7,180,0.18
2004,10,8,12,767,934,96,18,-4,21,784,6.2,150,0.18
2004,10,8,13,749,1004,67,18,-4,21,784,4.6,150,0.18
2004,10,8,14,651,990,67,18,-4,21,784,3.6,160,0.18
2004,10,8,15,493,945,64,18,-3,23,783,5.7,150,0.18
2004,10,8,16,307,938,41,17,-3,25,783,5.1,160,0.18
2004,10,8,17,52,490,7,14,-3,30,782,3.1,170,0.18
2004,10,8,18,0,0,0,9,-3,41,779,0,0,0.18
2004,10,8,19,0,0,0,6,-3,51,777,0,0,0.18
2004,10,8,20,0,0,0,1,-4,67,773,1.5,240,0.18
2004,10,8,21,0,0,0,2,-3,67,772,3.1,250,0.18
2004,10,8,22,0,0,0,0,-4,72,770,2.1,260,0.18
2004,10,8,23,0,0,0,-1,-4,78,769,2.1,250,0.18
2004,10,9,0,0,0,0,0,-4,72,769,2.6,260,0.18
2004,10,9,1,0,0,0,-1,-4,78,769,1.5,250,0.18
2004,10,9,2,0,0,0,-3,-5,84,767,2.1,240,0.18
2004,10,9,3,0,0,0,-2,-4,85,767,2.6,240,0.18
2004,10,9,4,0,0,0,0,-4,72,769,3.6,270,0.18
2004,10,9,5,0,0,0,-2,-4,85,768,3.1,260,0.18
2004,10,9,6,0,0,0,-4,-6,84,767,2.6,250,0.18
2004,10,9,7,141,520,46,4,-3,59,773,2.6,260,0.18
2004,10,9,8,270,352,141,13,-3,32,778,4.1,140,0.18
2004,10,9,9,524,785,116,14,-3,30,778,5.7,130,0.18
2004,10,9,10,673,946,74,16,-4,24,779,6.7,130,0.18
2004,10,9,11,768,1004,65,17,-3,25,779,7.7,140,0.18
2004,10,9,12,786,922,127,17,-3,25,778,6.2,130,0.18
2004,10,9,13,666,737,169,19,-7,15,778,7.7,170,0.18
2004,10,9,14,575,762,130,18,-8,15,778,7.7,170,0.18
2004,10,9,15,369,418,181,17,-7,17,777,6.2,200,0.18
2004,10,9,16,279,642,99,17,-6,19,776,4.1,170,0.18
2004,10,9,17,44,325,16,13,-3,32,774,3.1,150,0.18
2004,10,9,18,0,0,0,13,-3,32,775,3.1,140,0.18
2004,10,9,19,0,0,0,12,-3,34,772,4.1,140,0.18
2004,10,9,20,0,0,0,9,-2,45,769,1.5,160,0.18
2004,10,9,21,0,0,0,7,-3,48,768,2.1,260,0.18
2004,10,9,22,0,0,0,4,-3,59,766,2.1,240,0.18
2004,10,9,23,0,0,0,4,-3,59,765,2.1,260,0.18
2004,10,10,0,0,0,0,2,-4,62,764,0,0,0.18
2004,10,10,1,0,0,0,1,-4,67,763,2.1,220,0.18
2004,10,10,2,0,0,0,0,-3,78,762,2.1,240,0.18
2004,10,10,3,0,0,0,1,-3,72,763,2.1,250,0.18
2004,10,10,4,0,0,0,0,-3,78,762,0,0,0.18
2004,10,10,5,0,0,0,-1,-4,78,762,1.5,240,0.18
2004,10,10,6,0,0,0,0,-3,78,763,2.1,240,0.18
2004,10,10,7,22,0,22,5,-1,64,767,0,0,0.18
2004,10,10,8,55,0,55,10,-2,42,771,4.1,140,0.18
2004,10,10,9,83,0,83,11,-2,39,772,2.6,140,0.18
2004,10,10,10,111,0,111,9,2,61,772,3.1,160,0.18
2004,10,10,11,123,0,123,7,4,81,771,3.1,150,0.18
2004,10,10,12,166,0,166,7,5,87,770,5.7,30,0.18
2004,10,10,13,517,353,281,8,4,76,771,4.6,60,0.18
2004,10,10,14,451,297,279,8,4,76,771,5.1,40,0.18
2004,10,10,15,252,97,210,8,4,76,771,4.6,40,0.18
2004,10,10,16,181,134,145,8,4,76,771,4.1,40,0.18
2004,10,10,17,27,66,21,7,3,76,771,3.1,60,0.18
2004,10,10,18,0,0,0,5,3,87,770,2.1,90,0.18
2004,10,10,19,0,0,0,4,3,93,769,2.6,70,0.18
2004,10,10,20,0,0,0,3,2,93,767,1.5,20,0.18
2004,10,10,21,0,0,0,2,2,100,766,2.1,20,0.18
2004,10,10,22,0,0,0,1,0,93,766,2.1,340,0.18
2004,10,10,23,0,0,0,3,2,93,768,5.1,40,0.18
2004,10,11,0,0,0,0,3,3,100,768,3.1,20,0.18
2004,10,11,1,0,0,0,3,3,100,768,3.1,360,0.18
2004,10,11,2,0,0,0,3,3,100,768,3.1,360,0.18
2004,10,11,3,0,0,0,4,3,93,768,2.6,360,0.18
2004,10,11,4,0,0,0,4,3,93,769,5.1,30,0.18
2004,10,11,5,0,0,0,4,3,93,769,3.6,50,0.18
2004,10,11,6,0,0,0,4,3,93,770,5.7,50,0.18
2004,10,11,7,22,0,22,4,3,93,771,4.6,40,0.18
2004,10,11,8,77,0,77,4,4,100,771,5.7,50,0.18
2004,10,11,9,150,0,150,5,4,93,772,6.7,40,0.18
2004,10,11,10,184,6,180,6,4,87,773,4.6,30,0.18
2004,10,11,11,229,12,220,7,4,81,773,5.1,40,0.18
2004,10,11,12,664,585,252,9,4,71,774,3.6,50,0.18
2004,10,11,13,615,646,186,10,5,71,774,3.6,40,0.18
2004,10,11,14,529,651,155,12,3,54,775,3.1,40,0.18
2004,10,11,15,444,729,123,11,5,66,775,5.1,40,0.18
2004,10,11,16,300,741,100,12,4,58,775,3.1,50,0.18
2004,10,11,17,41,353,14,8,4,76,774,4.6,50,0.18
2004,10,11,18,0,0,0,7,4,81,773,3.1,40,0.18
2004,10,11,19,0,0,0,5,3,87,773,2.6,40,0.18
2004,10,11,20,0,0,0,4,3,93,773,2.1,340,0.18
2004,10,11,21,0,0,0,2,1,93,772,2.1,330,0.18
2004,10,11,22,0,0,0,1,0,93,771,2.6,270,0.18
2004,10,11,23,0,0,0,1,0,93,771,0,0,0.18
2004,10,12,0,0,0,0,0,-1,92,770,2.6,270,0.18
2004,10,12,1,0,0,0,0,-1,92,770,2.1,290,0.18
2004,10,12,2,0,0,0,-1,-2,92,769,2.6,300,0.18
2004,10,12,3,0,0,0,-2,-2,100,769,2.6,280,0.18
2004,10,12,4,0,0,0,-1,-2,92,769,4.1,260,0.18
2004,10,12,5,0,0,0,-1,-2,92,770,3.6,270,0.18
2004,10,12,6,0,0,0,-1,-2,92,771,2.6,270,0.18
2004,10,12,7,127,603,23,3,1,87,774,2.1,270,0.18
2004,10,12,8,340,853,38,7,3,76,776,2.6,30,0.18
2004,10,12,9,527,940,50,10,4,66,778,3.1,50,0.18
2004,10,12,10,667,993,50,13,4,54,780,2.6,30,0.18
2004,10,12,11,762,1015,64,14,0,38,780,2.1,360,0.18
2004,10,12,12,781,970,101,16,-2,28,780,3.6,330,0.18
2004,10,12,13,680,835,129,17,-3,25,780,4.1,360,0.18
2004,10,12,14,592,862,102,16,-1,31,780,1.5,310,0.18
2004,10,12,15,414,666,125,16,-2,28,780,3.1,260,0.18
2004,10,12,16,293,732,100,16,-2,28,780,0,0,0.18
2004,10,12,17,37,336,13,13,1,44,778,1.5,20,0.18
2004,10,12,18,0,0,0,11,-1,43,777,3.1,330,0.18
2004,10,12,19,0,0,0,7,-1,56,775,2.1,240,0.18
2004,10,12,20,0,0,0,4,-1,69,773,2.1,210,0.18
2004,10,12,21,0,0,0,2,-1,80,771,1.5,320,0.18
2004,10,12,22,0,0,0,1,-2,79,770,4.1,260,0.18
2004,10,12,23,0,0,0,3,-2,68,771,4.6,270,0.18
2004,10,13,0,0,0,0,1,-2,79,769,0,0,0.18
2004,10,13,1,0,0,0,2,-2,73,770,4.1,280,0.18
2004,10,13,2,0,0,0,1,-3,72,769,2.1,320,0.18
2004,10,13,3,0,0,0,1,-2,79,769,0,0,0.18
2004,10,13,4,0,0,0,2,-1,80,770,4.6,10,0.18
2004,10,13,5,0,0,0,3,-1,74,771,5.7,340,0.18
2004,10,13,6,0,0,0,3,-1,74,772,2.1,330,0.18
2004,10,13,7,125,629,19,6,-1,60,775,2.6,320,0.18
2004,10,13,8,326,835,33,8,-1,52,777,6.7,360,0.18
2004,10,13,9,511,911,52,9,-1,49,778,8.2,10,0.18
2004,10,13,10,650,969,52,11,-3,36,779,9.3,30,0.18
2004,10,13,11,744,998,63,13,-3,32,780,7.7,10,0.18
2004,10,13,12,762,964,92,13,-4,29,780,7.7,350,0.18
2004,10,13,13,681,853,122,14,-8,19,780,9.8,10,0.18
2004,10,13,14,628,956,89,15,-12,13,780,8.7,20,0.18
2004,10,13,15,463,946,58,15,-15,10,780,7.2,360,0.18
2004,10,13,16,263,791,58,14,-17,9,780,5.7,360,0.18
2004,10,13,17,30,351,7,10,-16,12,778,5.1,10,0.18
2004,10,13,18,0,0,0,7,-8,31,777,1.5,30,0.18
2004,10,13,19,0,0,0,1,-11,36,773,1.5,260,0.18
2004,10,13,20,0,0,0,-1,-9,50,772,2.1,230,0.18
2004,10,13,21,0,0,0,0,-8,51,772,3.1,260,0.18
2004,10,13,22,0,0,0,1,-7,51,773,3.1,260,0.18
2004,10,13,23,0,0,0,-1,-7,60,771,4.1,270,0.18
2004,10,14,0,0,0,0,-2,-6,71,770,2.6,260,0.18
2004,10,14,1,0,0,0,-4,-7,77,768,0,0,0.18
2004,10,14,2,0,0,0,-2,-6,71,769,1.5,360,0.18
2004,10,14,3,0,0,0,-4,-7,77,768,2.1,350,0.18
2004,10,14,4,0,0,0,2,-4,62,772,5.1,310,0.18
2004,10,14,5,0,0,0,2,-4,62,773,4.6,320,0.18
2004,10,14,6,0,0,0,3,-5,53,774,6.2,310,0.18
2004,10,14,7,124,640,18,7,-5,40,777,6.7,340,0.18
2004,10,14,8,329,862,30,11,-7,26,780,4.6,350,0.18
2004,10,14,9,511,847,87,12,-7,24,780,5.1,20,0.18
2004,10,14,10,572,662,167,14.9,-6.5,21,781,5.1,30,0.18
2004,10,14,11,733,902,121,17,-6,19,781,5.1,40,0.18
2004,10,14,12,738,934,93,18,-4,21,781,3.6,330,0.18
2004,10,14,13,655,792,140,18,-4,21,781,5.1,280,0.18
2004,10,14,14,601,944,73,19.4,-3.9,20,781,5.9,290,0.18
2004,10,14,15,457,960,50,19,-4,20,781,6.7,290,0.18
2004,10,14,16,280,928,44,16,-5,22,778,4.6,290,0.18
2004,10,14,17,30,396,5,14,-5,25,777,4.6,300,0.18
2004,10,14,18,0,0,0,11,-5,31,776,0,0,0.18
2004,10,14,19,0,0,0,8,-6,34,774,1.5,230,0.18
2004,10,14,20,0,0,0,5.8,-5.5,42,772,2.3,260,0.18
2004,10,14,21,0,0,0,4,-5,49,771,3.1,280,0.18
2004,10,14,22,0,0,0,2.7,-5.1,54,770,2.6,290,0.18
2004,10,14,23,0,0,0,2,-5,57,768,2.1,300,0.18
2004,10,15,0,0,0,0,1,-5,61,767,2.6,270,0.18
2004,10,15,1,0,0,0,2,-5,57,768,2.1,280,0.18
2004,10,15,2,0,0,0,2,-5,57,767,3.6,260,0.18
2004,10,15,3,0,0,0,0,-6,60,766,0,0,0.18
2004,10,15,4,0,0,0,0,-5,66,766,2.6,280,0.18
2004,10,15,5,0,0,0,2,-5,57,767,4.6,280,0.18
2004,10,15,6,0,0,0,-1,-6,66,766,1.5,260,0.18
2004,10,15,7,125,660,19,6,-4,47,771,1.5,360,0.18
2004,10,15,8,328,850,36,11,-4,33,774,0,0,0.18
2004,10,15,9,490,852,67,16,-7,19,777,4.6,290,0.18
2004,10,15,10,644,945,69,17,-7,17,777,3.6,290,0.18
2004,10,15,11,733,998,61,18,-7,16,778,5.1,300,0.18
2004,10,15,12,751,959,93,19,-8,14,778,7.2,280,0.18
2004,10,15,13,656,811,133,19,-7,15,777,6.7,310,0.18
2004,10,15,14,602,951,75,20,-9,12,777,7.2,310,0.18
2004,10,15,15,451,955,51,19,-9,13,776,7.2,280,0.18
2004,10,15,16,273,929,42,18,-9,14,776,7.2,300,0.18
2004,10,15,17,26,380,4,14,-8,19,774,3.6,320,0.18
2004,10,15,18,0,0,0,7,-8,31,771,3.1,260,0.18
2004,10,15,19,0,0,0,7,-8,31,770,3.6,250,0.18
2004,10,15,20,0,0,0,3,-8,41,767,0,0,0.18
2004,10,15,21,0,0,0,0,-8,51,764,3.6,220,0.18
2004,10,15,22,0,0,0,8,-8,29,768,0,0,0.18
2004,10,15,23,0,0,0,6,-8,33,766,3.1,300,0.18
2004,10,16,0,0,0,0,5,-8,36,766,2.1,290,0.18
2004,10,16,1,0,0,0,1.9,-8,44,764,2.4,280,0.18
2004,10,16,2,0,0,0,-1,-8,55,762,2.6,270,0.18
2004,10,16,3,0,0,0,-3,-9,60,760,2.1,250,0.18
2004,10,16,4,0,0,0,-5,-9,71,760,2.1,250,0.18
2004,10,16,5,0,0,0,-4,-9,65,761,2.6,240,0.18
2004,10,16,6,0,0,0,-5,-9,71,762,1.5,220,0.18
2004,10,16,7,112,590,18,2,-7,48,766,0,0,0.18
2004,10,16,8,314,638,97,13,-8,21,773,2.6,300,0.18
2004,10,16,9,278,104,227,16,-9,16,775,7.7,240,0.18
2004,10,16,10,172,6,169,14,-8,19,772,5.1,150,0.18
2004,10,16,11,240,6,236,15,-9,17,773,7.2,220,0.18
2004,10,16,12,246,12,238,16,-9,16,773,8.2,230,0.18
2004,10,16,13,227,6,224,16,-9,16,773,7.7,230,0.18
2004,10,16,14,196,6,193,16,-9,16,774,6.7,240,0.18
2004,10,16,15,146,0,146,16,-9,16,774,6.2,230,0.18
2004,10,16,16,89,0,89,14.8,-9.4,16,773,5.5,210,0.18
2004,10,16,17,8,0,8,10.9,-9.5,21,772,4.8,200,0.18
2004,10,16,18,0,0,0,7,-10,26,770,4.1,180,0.18
2004,10,16,19,0,0,0,9,-9,25,770,3.1,170,0.18
2004,10,16,20,0,0,0,8,-8,29,767,3.6,140,0.18
2004,10,16,21,0,0,0,3,-8,41,764,0,0,0.18
2004,10,16,22,0,0,0,-1,-8,55,762,2.1,260,0.18
2004,10,16,23,0,0,0,7,-7,34,765,5.7,160,0.18
2004,10,17,0,0,0,0,4,-7,42,763,4.6,150,0.18
2004,10,17,1,0,0,0,5,-6,42,764,4.1,130,0.18
2004,10,17,2,0,0,0,2,-6,52,761,2.1,150,0.18
2004,10,17,3,0,0,0,3,-4,58,762,4.1,150,0.18
2004,10,17,4,0,0,0,4,-2,64,762,4.6,140,0.18
2004,10,17,5,0,0,0,2.5,-2.1,70,763,4.7,140,0.18
2004,10,17,6,0,0,0,1.5,-2.3,74,764,4.8,150,0.18
2004,10,17,7,38,0,38,3.6,-1.1,71,765,4.9,150,0.18
2004,10,17,8,107,0,107,6.6,-0.7,59,766,5,160,0.18
2004,10,17,9,170,6,167,8,-1,52,766,5.1,160,0.18
2004,10,17,10,216,6,213,6,3,81,766,6.2,220,0.18
2004,10,17,11,234,12,227,10,0,50,766,6.7,210,0.18
2004,10,17,12,240,6,236,9,-1,49,765,6.2,250,0.18
2004,10,17,13,228,12,220,10,-2,42,766,8.2,240,0.18
2004,10,17,14,422,342,235,10.4,-1.4,43,766,7.5,240,0.18
2004,10,17,15,73,0,73,9,-1,49,766,6.7,240,0.18
2004,10,17,16,39,0,39,8,-1,52,765,6.2,220,0.18
2004,10,17,17,3,0,3,7,-1,56,765,4.1,200,0.18
2004,10,17,18,0,0,0,6,2,75,764,3.1,210,0.18
2004,10,17,19,0,0,0,6,2,75,763,4.1,180,0.18
2004,10,17,20,0,0,0,5,2,81,762,3.6,150,0.18
2004,10,17,21,0,0,0,4,3,93,761,1.5,220,0.18
2004,10,17,22,0,0,0,4,2,87,762,4.1,180,0.18
2004,10,17,23,0,0,0,4,2,87,761,2.1,180,0.18
2004,10,18,0,0,0,0,4,3,93,761,3.1,150,0.18
2004,10,18,1,0,0,0,5,2,81,761,5.7,230,0.18
2004,10,18,2,0,0,0,4,3,93,761,3.6,140,0.18
2004,10,18,3,0,0,0,4,1,81,761,4.1,240,0.18
2004,10,18,4,0,0,0,4,1,81,761,4.1,230,0.18
2004,10,18,5,0,0,0,3,0,81,761,5.1,200,0.18
2004,10,18,6,0,0,0,3,-1,74,762,3.6,240,0.18
2004,10,18,7,106,587,17,4,0,75,763,6.2,220,0.18
2004,10,18,8,281,664,60,6,0,65,765,6.7,220,0.18
2004,10,18,9,499,793,114,6,0,65,765,5.7,230,0.18
2004,10,18,10,571,531,255,7,2,70,765,4.1,130,0.18
2004,10,18,11,117,0,117,7,1,66,766,4.1,170,0.18
2004,10,18,12,604,543,239,8,-1,52,766,4.1,240,0.18
2004,10,18,13,111,0,111,9,-2,45,765,4.6,200,0.18
2004,10,18,14,514,473,259,10,0,50,766,6.7,210,0.18
2004,10,18,15,409,882,52,8,-1,52,766,6.2,240,0.18
2004,10,18,16,238,748,62,7,1,66,765,5.7,220,0.18
2004,10,18,17,16,267,4,6,1,70,765,5.7,230,0.18
2004,10,18,18,0,0,0,5,1,75,765,3.6,170,0.18
2004,10,18,19,0,0,0,4,3,93,764,3.6,140,0.18
2004,10,18,20,0,0,0,4,2,87,764,3.1,170,0.18
2004,10,18,21,0,0,0,4,2,87,764,4.6,190,0.18
2004,10,18,22,0,0,0,4,1,81,763,5.1,180,0.18
2004,10,18,23,0,0,0,3,3,100,762,4.1,140,0.18
2004,10,19,0,0,0,0,3,3,100,762,4.6,140,0.18
2004,10,19,1,0,0,0,4,2,87,763,2.1,160,0.18
2004,10,19,2,0,0,0,4,3,93,762,2.6,140,0.18
2004,10,19,3,0,0,0,3,2,93,761,3.1,180,0.18
2004,10,19,4,0,0,0,4,2,87,762,2.1,110,0.18
2004,10,19,5,0,0,0,4,3,93,763,4.1,140,0.18
2004,10,19,6,0,0,0,4,3,93,764,4.6,150,0.18
2004,10,19,7,17,0,17,4,3,93,764,3.6,130,0.18
2004,10,19,8,49,0,49,4,3,93,765,3.6,130,0.18
2004,10,19,9,123,0,123,4,3,93,765,3.6,160,0.18
2004,10,19,10,111,0,111,5,4,93,766,5.1,150,0.18
2004,10,19,11,117,0,117,5,3,87,765,4.1,150,0.18
2004,10,19,12,117,0,117,6,3,81,766,6.7,160,0.18
2004,10,19,13,111,0,111,6,2,75,765,5.1,170,0.18
2004,10,19,14,141,0,141,6,1,70,765,5.1,200,0.18
2004,10,19,15,148,0,148,7,2,70,765,4.6,180,0.18
2004,10,19,16,149,185,106,5,2,81,764,6.2,170,0.18
2004,10,19,17,9,63,6,4,3,93,764,5.7,170,0.18
2004,10,19,18,0,0,0,4,4,100,764,5.7,170,0.18
2004,10,19,19,0,0,0,4,4,100,764,4.6,150,0.18
2004,10,19,20,0,0,0,4,4,100,764,5.7,140,0.18
2004,10,19,21,0,0,0,5,4,93,764,7.7,160,0.18
2004,10,19,22,0,0,0,6,4,87,764,11.3,170,0.18
2004,10,19,23,0,0,0,5,4,93,763,8.2,160,0.18
2004,10,20,0,0,0,0,5,4,93,763,7.2,170,0.18
2004,10,20,1,0,0,0,5,4,93,763,8.2,170,0.18
2004,10,20,2,0,0,0,5,4,93,763,5.7,150,0.18
2004,10,20,3,0,0,0,5,4,93,763,5.7,150,0.18
2004,10,20,4,0,0,0,5,4,93,763,8.2,160,0.18
2004,10,20,5,0,0,0,5,4,93,764,9.3,160,0.18
2004,10,20,6,0,0,0,5,4,93,764,7.7,150,0.18
2004,10,20,7,17,0,17,6,4,87,764,12.9,170,0.18
2004,10,20,8,164,99,132,6,4,87,765,8.2,170,0.18
2004,10,20,9,185,12,179,6,4,87,764,11.3,160,0.18
2004,10,20,10,144,0,144,6,4,87,764,9.8,160,0.18
2004,10,20,11,111,0,111,6.1,4.4,89,764,9.3,160,0.18
2004,10,20,12,228,6,224,6,5,93,763,8.7,160,0.18
2004,10,20,13,124,0,124,6,5,93,763,8.2,160,0.18
2004,10,20,14,170,0,170,7,5,87,763,9.3,170,0.18
2004,10,20,15,149,0,149,7,6,93,763,5.1,170,0.18
2004,10,20,16,42,0,42,7,5,87,763,7.2,170,0.18
2004,10,20,17,2,0,2,6,5,93,763,4.6,180,0.18
2004,10,20,18,0,0,0,6,4,87,763,6.7,160,0.18
2004,10,20,19,0,0,0,6,4,87,763,5.7,190,0.18
2004,10,20,20,0,0,0,6,4,87,763,4.1,170,0.18
2004,10,20,21,0,0,0,6,3,81,764,8.2,210,0.18
2004,10,20,22,0,0,0,3,2,93,762,0,0,0.18
2004,10,20,23,0,0,0,3,2,93,762,3.6,190,0.18
2004,10,21,0,0,0,0,3,3,100,762,5.7,140,0.18
2004,10,21,1,0,0,0,3,3,100,762,2.1,150,0.18
2004,10,21,2,0,0,0,4,3,93,762,0,0,0.18
2004,10,21,3,0,0,0,3,2,93,761,3.1,260,0.18
2004,10,21,4,0,0,0,3,2,93,762,2.6,220,0.18
2004,10,21,5,0,0,0,3,2,93,761,1.5,280,0.18
2004,10,21,6,0,0,0,2,2,100,761,1.5,340,0.18
2004,10,21,7,16,0,16,2,1,93,761,0,0,0.18
2004,10,21,8,49,0,49,2,1,93,761,5.7,140,0.18
2004,10,21,9,77,0,77,1,1,100,761,3.6,170,0.18
2004,10,21,10,100,0,100,1,1,100,761,2.1,170,0.18
2004,10,21,11,129,0,129,1,0,93,761,0,0,0.18
2004,10,21,12,117,0,117,2,1,93,761,0,0,0.18
2004,10,21,13,104,0,104,2,1,93,760,2.1,270,0.18
2004,10,21,14,92,0,92,1,0,93,759,0,0,0.18
2004,10,21,15,66,0,66,0,-1,92,758,2.1,10,0.18
2004,10,21,16,57,0,57,0,-1,92,757,2.6,340,0.18
2004,10,21,17,3,0,3,0,0,100,757,0,0,0.18
2004,10,21,18,0,0,0,0,0,100,758,1.5,230,0.18
2004,10,21,19,0,0,0,0,-1,92,757,2.6,290,0.18
2004,10,21,20,0,0,0,0,-1,92,756,0,0,0.18
2004,10,21,21,0,0,0,0,0,100,758,5.1,230,0.18
2004,10,21,22,0,0,0,0,-1,92,758,2.6,210,0.18
2004,10,21,23,0,0,0,-1,-1,100,758,2.6,150,0.18
2004,10,22,0,0,0,0,-1,-2,92,758,2.1,200,0.18
2004,10,22,1,0,0,0,-1,-2,92,758,2.6,220,0.18
2004,10,22,2,0,0,0,-1,-2,92,759,2.1,160,0.18
2004,10,22,3,0,0,0,-1,-2,92,759,1.5,190,0.18
2004,10,22,4,0,0,0,-1,-2,92,760,0,0,0.18
2004,10,22,5,0,0,0,-1,-2,92,760,3.6,260,0.18
2004,10,22,6,0,0,0,-1,-2,92,761,2.6,260,0.18
2004,10,22,7,30,0,30,0,-2,85,762,3.6,250,0.18
2004,10,22,8,207,281,118,0,-2,85,764,2.1,280,0.18
2004,10,22,9,77,0,77,1,-1,86,765,2.1,270,0.18
2004,10,22,10,626,661,243,1,-1,86,765,4.1,300,0.18
2004,10,22,11,152,0,152,1,-2,79,765,3.6,310,0.18
2004,10,22,12,728,664,294,2,-1,80,766,3.6,310,0.18
2004,10,22,13,673,1002,60,2,-1,80,766,6.2,310,0.18
2004,10,22,14,567,749,178,3,-1,74,767,4.1,310,0.18
2004,10,22,15,208,198,132,2,-2,73,766,5.7,320,0.18
2004,10,22,16,263,532,147,2,-2,73,767,4.1,290,0.18
2004,10,22,17,10,151,6,1,-2,79,766,2.6,300,0.18
2004,10,22,18,0,0,0,1,-2,79,767,1.5,250,0.18
2004,10,22,19,0,0,0,-1,-2,92,766,2.1,280,0.18
2004,10,22,20,0,0,0,-2,-2.4,97,766,2.2,280,0.18
2004,10,22,21,0,0,0,-2.6,-2.9,98,766,2.4,280,0.18
2004,10,22,22,0,0,0,-3.1,-3.5,97,765,2.5,280,0.18
2004,10,22,23,0,0,0,-3,-4,92,765,2.6,280,0.18
2004,10,23,0,0,0,0,-2.8,-3.9,91,765,2.4,280,0.18
2004,10,23,1,0,0,0,-3,-4,92,765,2.1,290,0.18
2004,10,23,2,0,0,0,-3,-5,84,765,3.1,290,0.18
2004,10,23,3,0,0,0,-4,-5,92,764,3.6,240,0.18
2004,10,23,4,0,0,0,-4,-6,84,764,3.1,260,0.18
2004,10,23,5,0,0,0,-5,-6,92,764,0,0,0.18
2004,10,23,6,0,0,0,-5,-7,84,764,0,0,0.18
2004,10,23,7,61,134,43,-3,-5,84,766,0,0,0.18
2004,10,23,8,224,363,110,-1,-2,92,767,5.1,130,0.18
2004,10,23,9,291,156,219,0,-1,92,768,4.1,150,0.18
2004,10,23,10,432,336,239,0,-1,92,768,5.1,140,0.18
2004,10,23,11,697,854,153,2,0,87,769,5.7,140,0.18
2004,10,23,12,722,1014,64,3,1,87,768,4.1,150,0.18
2004,10,23,13,673,1008,61,4,1,81,768,4.1,150,0.18
2004,10,23,14,561,980,56,5,2,81,768,5.1,170,0.18
2004,10,23,15,419,963,52,6,0,65,769,5.1,150,0.18
2004,10,23,16,255,917,60,5,-1,64,768,3.1,170,0.18
2004,10,23,17,8,245,2,3,-1,74,767,3.6,190,0.18
2004,10,23,18,0,0,0,3,-1,74,767,2.6,200,0.18
2004,10,23,19,0,0,0,2,-1,80,767,2.1,220,0.18
2004,10,23,20,0,0,0,2,-1,80,766,1.5,210,0.18
2004,10,23,21,0,0,0,3,0,81,766,3.1,190,0.18
2004,10,23,22,0,0,0,3,0,81,766,2.6,220,0.18
2004,10,23,23,0,0,0,2,-1,80,765,1.5,280,0.18
2004,10,24,0,0,0,0,2,-1,80,765,3.6,250,0.18
2004,10,24,1,0,0,0,3,-2,68,765,4.6,250,0.18
2004,10,24,2,0,0,0,2,-2,73,764,2.6,240,0.18
2004,10,24,3,0,0,0,2,-2,73,764,3.1,260,0.18
2004,10,24,4,0,0,0,1,-1,86,763,1.5,320,0.18
2004,10,24,5,0,0,0,1,0,93,764,1.5,60,0.18
2004,10,24,6,0,0,0,1,0,93,764,0,0,0.18
2004,10,24,7,39,31,35,1,1,100,764,0,0,0.18
2004,10,24,8,297,587,115,2,1,93,765,0,0,0.18
2004,10,24,9,214,127,156,3,1,87,766,1.5,360,0.18
2004,10,24,10,404,283,242,4,1,81,766,1.5,360,0.18
2004,10,24,11,246,24,231,5,1,75,767,0,0,0.18
2004,10,24,12,111,0,111,5,2,81,766,3.6,130,0.18
2004,10,24,13,569,452,297,5,2,81,766,4.1,170,0.18
2004,10,24,14,555,675,210,5,2,81,766,3.6,160,0.18
2004,10,24,15,109,0,109,6,2,75,767,3.6,190,0.18
2004,10,24,16,247,477,148,6,1,70,767,3.1,120,0.18
2004,10,24,17,6,119,4,3,1,87,765,2.1,140,0.18
2004,10,24,18,0,0,0,1,-1,86,765,1.5,220,0.18
2004,10,24,19,0,0,0,1,-1,86,765,0,0,0.18
2004,10,24,20,0,0,0,1,-1,86,764,2.1,250,0.18
2004,10,24,21,0,0,0,0,-1,92,764,3.1,250,0.18
2004,10,24,22,0,0,0,-1,-2,92,762,2.1,250,0.18
2004,10,24,23,0,0,0,-1,-2,92,762,2.1,240,0.18
2004,10,25,0,0,0,0,-1,-2,92,762,0,0,0.18
2004,10,25,1,0,0,0,1,-2,79,763,2.1,290,0.18
2004,10,25,2,0,0,0,0,-2,85,762,0,0,0.18
2004,10,25,3,0,0,0,0,-1,92,761,0,0,0.18
2004,10,25,4,0,0,0,0,-1,92,762,0,0,0.18
2004,10,25,5,0,0,0,2,-1,80,763,2.6,130,0.18
2004,10,25,6,0,0,0,0,-1,92,762,2.6,150,0.18
2004,10,25,7,92,592,16,2,0,87,764,1.5,230,0.18
2004,10,25,8,287,855,26,4,-1,69,765,3.1,160,0.18
2004,10,25,9,474,935,48,6,0,65,766,3.6,140,0.18
2004,10,25,10,608,1003,41,6,0,65,766,4.6,180,0.18
2004,10,25,11,686,1003,55,6,-2,55,766,4.6,170,0.18
2004,10,25,12,710,1014,62,7,-1,56,766,6.2,160,0.18
2004,10,25,13,661,1002,62,8,-1,52,766,5.7,220,0.18
2004,10,25,14,549,975,55,7,-3,48,766,5.7,210,0.18
2004,10,25,15,406,954,51,7,-2,52,765,5.7,200,0.18
2004,10,25,16,222,812,57,6,-2,55,765,4.1,200,0.18
2004,10,25,17,4,188,1,4,-1,69,764,3.6,180,0.18
2004,10,25,18,0,0,0,0,-2,85,762,2.6,170,0.18
2004,10,25,19,0,0,0,0,-2,85,762,2.6,250,0.18
2004,10,25,20,0,0,0,-1,-2,92,761,2.1,250,0.18
2004,10,25,21,0,0,0,-1,-2,92,760,2.1,240,0.18
2004,10,25,22,0,0,0,-1,-2,92,760,0,0,0.18
2004,10,25,23,0,0,0,1,-1,86,762,0,0,0.18
2004,10,26,0,0,0,0,1,-1,86,761,2.6,190,0.18
2004,10,26,1,0,0,0,1,-1,86,761,3.1,150,0.18
2004,10,26,2,0,0,0,1,-1,86,762,2.1,140,0.18
2004,10,26,3,0,0,0,1,-1,86,761,4.1,130,0.18
2004,10,26,4,0,0,0,1,0,93,761,2.6,140,0.18
2004,10,26,5,0,0,0,1,0,93,762,3.6,130,0.18
2004,10,26,6,0,0,0,1,1,100,763,3.1,140,0.18
2004,10,26,7,57,178,35,2,1,93,764,3.1,140,0.18
2004,10,26,8,282,717,65,3,1,87,765,3.6,140,0.18
2004,10,26,9,468,935,46,4,1,81,765,6.7,160,0.18
2004,10,26,10,602,1002,40,6,0,65,767,7.2,160,0.18
2004,10,26,11,680,1003,54,7,-2,52,766,7.2,160,0.18
2004,10,26,12,704,1014,60,7,0,61,766,7.2,150,0.18
2004,10,26,13,655,1003,61,7,-1,56,765,8.7,160,0.18
2004,10,26,14,550,982,57,7,-1,56,765,7.7,130,0.18
2004,10,26,15,400,956,48,7,0,61,765,6.2,130,0.18
2004,10,26,16,229,875,55,7,0,61,765,4.6,150,0.18
2004,10,26,17,3,188,1,6,1,70,765,2.6,170,0.18
2004,10,26,18,0,0,0,4,1,81,763,2.6,150,0.18
2004,10,26,19,0,0,0,4,1,81,763,3.1,140,0.18
2004,10,26,20,0,0,0,4,0,75,763,3.6,170,0.18
2004,10,26,21,0,0,0,4,0,75,763,5.1,160,0.18
2004,10,26,22,0,0,0,4,0,75,763,4.6,160,0.18
2004,10,26,23,0,0,0,3,-1,74,762,3.6,130,0.18
2004,10,27,0,0,0,0,3,-1,74,762,4.6,130,0.18
2004,10,27,1,0,0,0,3,-1,74,762,4.6,150,0.18
2004,10,27,2,0,0,0,3,-1,74,762,5.1,160,0.18
2004,10,27,3,0,0,0,3,-1,74,762,3.6,150,0.18
2004,10,27,4,0,0,0,3,-1,74,762,4.1,150,0.18
2004,10,27,5,0,0,0,4,-1,69,763,3.6,150,0.18
2004,10,27,6,0,0,0,4,1,81,763,3.6,150,0.18
2004,10,27,7,42,43,36,4,1,81,763,4.6,140,0.18
2004,10,27,8,121,27,113,4,3,93,763,5.7,130,0.18
2004,10,27,9,137,0,137,5,3,87,764,5.7,150,0.18
2004,10,27,10,94,0,94,6,3,81,765,6.7,140,0.18
2004,10,27,11,674,657,267,6,2,75,764,10.3,130,0.18
2004,10,27,12,698,1008,63,6,2,75,763,7.2,140,0.18
2004,10,27,13,649,1003,59,6.2,1.7,73,763,6.6,140,0.18
2004,10,27,14,544,983,55,6,1.6,73,762,6,140,0.18
2004,10,27,15,393,698,140,4,1.3,83,761,5.3,140,0.18
2004,10,27,16,84,0,84,3.8,1,82,761,4.7,140,0.18
2004,10,27,17,1,0,1,1,1,100,760,4.1,140,0.18
2004,10,27,18,0,0,0,1,0,93,761,4.6,150,0.18
2004,10,27,19,0,0,0,0,0,100,760,2.1,220,0.18
2004,10,27,20,0,0,0,0,-1,92,760,0,0,0.18
2004,10,27,21,0,0,0,-1,-1,100,760,2.1,150,0.18
2004,10,27,22,0,0,0,-1.3,-1.6,98,759,2.1,150,0.18
2004,10,27,23,0,0,0,-1,-2,92,759,2.1,150,0.18
2004,10,28,0,0,0,0,-1,-2,92,760,1.8,350,0.18
2004,10,28,1,0,0,0,-1,-2,92,760,1.7,360,0.18
2004,10,28,2,0,0,0,-1,-2,92,760,1.8,10,0.18
2004,10,28,3,0,0,0,-2,-2,100,759,1,360,0.18
2004,10,28,4,0,0,0,-2,-2,100,760,1.2,360,0.18
2004,10,28,5,0,0,0,-2,-2,100,760,0.8,360,0.18
2004,10,28,6,0,0,0,-2,-2,100,760,0.8,360,0.18
2004,10,28,7,14,0,14,-2,-3,92,761,1.2,350,0.18
2004,10,28,8,275,578,105,-2,-2,100,762,1.6,350,0.18
2004,10,28,9,462,934,48,-2,-2,100,761,2.6,150,0.18
2004,10,28,10,596,1002,42,-2,-2,100,761,2.6,140,0.18
2004,10,28,11,668,657,264,-1,-2,92,763,3.1,130,0.18
2004,10,28,12,111,0,111,-1,-2,92,762,5.1,140,0.18
2004,10,28,13,643,679,247,-1,-2,92,762,4.1,130,0.18
2004,10,28,14,538,977,56,-1,-2,92,762,3.6,140,0.18
2004,10,28,15,395,800,108,-1,-1,100,762,2.1,150,0.18
2004,10,28,16,157,270,105,-2,-4,85,762,2.6,260,0.18
2004,10,28,17,1,50,1,-2,-3,92,763,0,0,0.18
2004,10,28,18,0,0,0,-3,-4,92,763,1.5,330,0.18
2004,10,28,19,0,0,0,-6,-7,92,762,0,0,0.18
2004,10,28,20,0,0,0,-7,-8,92,761,0,0,0.18
2004,10,28,21,0,0,0,-5,-6,92,763,1.5,320,0.18
2004,10,28,22,0,0,0,-4,-6,84,764,1.5,320,0.18
2004,10,28,23,0,0,0,-6,-7,92,762,1.5,320,0.18
2004,10,29,0,0,0,0,-7,-8,92,762,0,0,0.18
2004,10,29,1,0,0,0,-9,-11,84,761,0,0,0.18
2004,10,29,2,0,0,0,-9,-11,84,761,0,0,0.18
2004,10,29,3,0,0,0,-8,-10,84,762,0,0,0.18
2004,10,29,4,0,0,0,-11,-12,91,761,0,0,0.18
2004,10,29,5,0,0,0,-7,-10,77,764,0,0,0.18
2004,10,29,6,0,0,0,-6,-8,84,764,0,0,0.18
2004,10,29,7,54,211,30,-6,-8,84,766,0,0,0.18
2004,10,29,8,240,517,90,-3,-6,77,769,0,0,0.18
2004,10,29,9,294,225,195,-1,-4,78,770,2.1,300,0.18
2004,10,29,10,590,849,125,-1,-6,66,770,2.6,300,0.18
2004,10,29,11,668,1003,55,1,-6,56,772,2.6,300,0.18
2004,10,29,12,686,1008,60,1,-4,67,772,0,0,0.18
2004,10,29,13,637,997,59,2,-4,62,772,1.5,350,0.18
2004,10,29,14,532,978,54,2,-5,57,772,3.6,340,0.18
2004,10,29,15,389,955,50,3,-5,53,773,2.6,10,0.18
2004,10,29,16,216,795,68,1,-3,72,772,3.6,340,0.18
2004,10,29,17,1,134,0,1,-3,72,772,3.6,300,0.18
2004,10,29,18,0,0,0,-1,-3,85,770,4.1,290,0.18
2004,10,29,19,0,0,0,-2,-4,85,770,2.6,80,0.18
2004,10,29,20,0,0,0,-5,-7,84,768,0,0,0.18
2004,10,29,21,0,0,0,-7,-8,92,767,0,0,0.18
2004,10,29,22,0,0,0,-6,-7,92,767,2.1,270,0.18
2004,10,29,23,0,0,0,-6,-7,92,767,0,0,0.18
2004,10,30,0,0,0,0,-6,-7,92,767,2.6,280,0.18
2004,10,30,1,0,0,0,-7,-8,92,766,2.1,290,0.18
2004,10,30,2,0,0,0,-7,-8,92,765,0,0,0.18
2004,10,30,3,0,0,0,-7,-9,84,765,0,0,0.18
2004,10,30,4,0,0,0,-8,-9,92,765,0,0,0.18
2004,10,30,5,0,0,0,-8,-10,84,765,0,0,0.18
2004,10,30,6,0,0,0,-8,-10,84,765,0,0,0.18
2004,10,30,7,68,538,9,-6,-8,84,767,0,0,0.18
2004,10,30,8,264,706,62,-3,-6,77,769,0,0,0.18
2004,10,30,9,339,363,181,-1,-5,71,770,0,0,0.18
2004,10,30,10,585,848,123,2,-4,62,772,1.5,30,0.18
2004,10,30,11,662,1003,54,3,-3,63,771,0,0,0.18
2004,10,30,12,680,1002,62,3,-2,68,770,3.1,130,0.18
2004,10,30,13,631,998,57,4,-2,64,771,2.6,160,0.18
2004,10,30,14,525,972,54,4,-2,64,770,3.1,110,0.18
2004,10,30,15,382,944,51,4,-2,64,770,2.6,150,0.18
2004,10,30,16,205,705,76,4,-1,69,770,2.6,150,0.18
2004,10,30,17,0,109,0,1,-2,79,768,2.6,170,0.18
2004,10,30,18,0,0,0,0.7,-2,81,768,2.9,160,0.18
2004,10,30,19,0,0,0,1,-2,79,768,3.1,150,0.18
2004,10,30,20,0,0,0,0,-2,85,767,2.6,180,0.18
2004,10,30,21,0,0,0,-2,-3,92,765,2.6,280,0.18
2004,10,30,22,0,0,0,-2,-3,92,765,1.5,200,0.18
2004,10,30,23,0,0,0,-3,-4,92,763,0,0,0.18
2004,10,31,0,0,0,0,-3,-4,92,762,1.5,320,0.18
2004,10,31,1,0,0,0,-3,-4,92,762,3.1,270,0.18
2004,10,31,2,0,0,0,-1,-4,78,763,3.6,300,0.18
2004,10,31,3,0,0,0,-3,-4,92,761,3.1,290,0.18
2004,10,31,4,0,0,0,-2,-4,85,762,4.1,280,0.18
2004,10,31,5,0,0,0,-2,-4,85,762,4.6,260,0.18
2004,10,31,6,0,0,0,-2,-4,85,763,7.2,300,0.18
2004,10,31,7,24,0,24,-1,-4,78,764,8.2,300,0.18
2004,10,31,8,259,570,98,-1,-4,78,764,8.2,300,0.18
2004,10,31,9,344,391,175,0,-6,60,766,7.2,320,0.18
2004,10,31,10,573,842,118,1,-9,43,766,7.2,320,0.18
2004,10,31,11,656,1003,52,1,-9,43,766,8.2,310,0.18
2004,10,31,12,674,1002,60,1,-8,47,766,7.7,310,0.18
2004,10,31,13,625,992,59,1,-10,40,765,7.7,330,0.18
2004,10,31,14,519,973,52,1.6,-10.2,37,765,7.7,330,0.18
2004,10,31,15,375,946,48,0.5,-10.5,39,765,7.7,330,0.18
2004,10,31,16,213,999,34,1.3,-10.9,36,764,7.7,340,0.18
2004,10,31,17,0,0,0,-0.7,-11,41,764,7.7,340,0.18
2004,10,31,18,0,0,0,-2.6,-11.5,46,764,7.7,340,0.18
2004,10,31,19,0,0,0,-4,-12,50,764,7.7,340,0.18
2004,10,31,20,0,0,0,-4,-12,50,764,7.7,350,0.18
2004,10,31,21,0,0,0,-4.2,-11.2,59,763,6.9,10,0.18
2004,10,31,22,0,0,0,-4.5,-10.5,54,763,6.1,350,0.18
2004,10,31,23,0,0,0,-4.8,-9.8,54,763,5.3,350,0.18
2002,11,1,0,0,0,0,-5,-9,84,761,4.5,20,0.18
2002,11,1,1,0,0,0,-5.3,-8.3,84,762,3.7,40,0.18
2002,11,1,2,0,0,0,-5.6,-7.6,92,760,2.9,10,0.18
2002,11,1,3,0,0,0,-6,-7,92,760,2.1,360,0.18
2002,11,1,4,0,0,0,-6,-7,92,761,3.1,20,0.18
2002,11,1,5,0,0,0,-7,-8,92,761,1.5,360,0.18
2002,11,1,6,0,0,0,-7,-8,92,761,2.1,330,0.18
2002,11,1,7,44,164,27,-6,-7,92,762,1.5,350,0.18
2002,11,1,8,220,499,80,-4,-6,84,764,2.6,40,0.18
2002,11,1,9,429,696,130,-3,-5,84,765,2.6,20,0.18
2002,11,1,10,253,112,193,-1,-4,78,767,0,0,0.18
2002,11,1,11,492,376,266,4,-2,64,769,2.1,160,0.18
2002,11,1,12,155,0,155,5,-1,64,769,5.7,140,0.18
2002,11,1,13,342,129,269,7,-2,52,770,3.6,200,0.18
2002,11,1,14,224,25,212,8,-2,48,771,5.1,220,0.18
2002,11,1,15,184,40,170,7,-3,48,771,7.2,200,0.18
2002,11,1,16,216,522,124,6,-3,51,770,4.1,260,0.18
2002,11,1,17,0,0,0,1,-4,67,768,2.1,310,0.18
2002,11,1,18,0,0,0,-1,-4,78,767,0,0,0.18
2002,11,1,19,0,0,0,-1,-4,78,767,3.1,270,0.18
2002,11,1,20,0,0,0,-3,-6,77,766,3.6,60,0.18
2002,11,1,21,0,0,0,-4,-7,77,765,2.6,10,0.18
2002,11,1,22,0,0,0,-4,-7,77,765,4.1,30,0.18
2002,11,1,23,0,0,0,-5,-7,84,763,3.1,30,0.18
2002,11,2,0,0,0,0,-6,-8,84,762,2.6,20,0.18
2002,11,2,1,0,0,0,-7,-8,92,761,3.1,20,0.18
2002,11,2,2,0,0,0,-7,-8,92,760,2.1,320,0.18
2002,11,2,3,0,0,0,-7,-9,84,761,1.5,10,0.18
2002,11,2,4,0,0,0,-8,-9,92,760,0,0,0.18
2002,11,2,5,0,0,0,-9,-10,92,761,0,0,0.18
2002,11,2,6,0,0,0,-10,-11,91,761,1.5,350,0.18
2002,11,2,7,64,551,8,-7,-9,84,763,3.1,20,0.18
2002,11,2,8,257,822,29,-3,-7,71,766,3.1,360,0.18
2002,11,2,9,439,931,43,3,-13,26,769,6.2,310,0.18
2002,11,2,10,562,936,62,4,-16,19,770,6.2,270,0.18
2002,11,2,11,621,925,70,4,-16,19,770,6.7,280,0.18
2002,11,2,12,656,972,67,5,-18,14,770,7.2,280,0.18
2002,11,2,13,593,986,36,6,-21,10,771,7.2,290,0.18
2002,11,2,14,520,955,68,6,-21,10,771,6.7,290,0.18
2002,11,2,15,370,976,37,5,-18,14,771,6.2,290,0.18
2002,11,2,16,225,1014,49,3,-14,24,771,5.1,280,0.18
2002,11,2,17,0,0,0,0,-13,32,769,4.1,320,0.18
2002,11,2,18,0,0,0,-1,-14,32,770,6.7,320,0.18
2002,11,2,19,0,0,0,-2,-14,35,769,4.1,340,0.18
2002,11,2,20,0,0,0,-2.9,-14.8,35,768,4.4,320,0.18
2002,11,2,21,0,0,0,-3,-15,35,766,4.6,290,0.18
2002,11,2,22,0,0,0,-4,-16,34,766,4.1,280,0.18
2002,11,2,23,0,0,0,-7,-16,45,764,3.6,340,0.18
2002,11,3,0,0,0,0,-7,-16,45,765,3.6,40,0.18
2002,11,3,1,0,0,0,-9,-16,53,764,2.6,350,0.18
2002,11,3,2,0,0,0,-12,-16,69,762,0,0,0.18
2002,11,3,3,0,0,0,-12,-14,83,762,0,0,0.18
2002,11,3,4,0,0,0,-11,-16,63,763,3.1,270,0.18
2002,11,3,5,0,0,0,-11,-16,63,764,0,0,0.18
2002,11,3,6,0,0,0,-13,-16,76,764,2.6,270,0.18
2002,11,3,7,60,544,7,-8,-15,53,767,5.1,20,0.18
2002,11,3,8,252,820,28,-4,-15,38,769,6.2,50,0.18
2002,11,3,9,428,914,43,-1,-17,24,771,6.7,60,0.18
2002,11,3,10,556,960,48,1,-21,14,772,4.6,40,0.18
2002,11,3,11,656,985,74,2.3,-19.9,14,771,3.1,70,0.18
2002,11,3,12,656,960,78,3,-19,15,771,1.5,110,0.18
2002,11,3,13,593,925,75,3,-16,20,771,7.2,140,0.18
2002,11,3,14,471,818,87,2,-16,21,771,4.6,160,0.18
2002,11,3,15,327,810,55,2,-16,21,771,4.6,150,0.18
2002,11,3,16,64,0,64,1,-16,23,771,5.7,160,0.18
2002,11,3,17,0,0,0,-2,-17,27,769,4.1,160,0.18
2002,11,3,18,0,0,0,-3,-17,29,769,0,0,0.18
2002,11,3,19,0,0,0,-3,-16,32,768,2.6,150,0.18
2002,11,3,20,0,0,0,-6,-16,41,765,3.1,150,0.18
2002,11,3,21,0,0,0,-8,-13,64,763,0,0,0.18
2002,11,3,22,0,0,0,-8,-13,64,762,2.1,60,0.18
2002,11,3,23,0,0,0,-7,-11,70,762,1.5,290,0.18
2002,11,4,0,0,0,0,-7,-12,64,761,2.6,270,0.18
2002,11,4,1,0,0,0,-8,-12,70,760,2.1,270,0.18
2002,11,4,2,0,0,0,-9,-12,77,760,1.5,230,0.18
2002,11,4,3,0,0,0,-11,-13,84,758,0.8,300,0.18
2002,11,4,4,0,0,0,-11,-14,76,758,0,0,0.18
2002,11,4,5,0,0,0,-11,-14,76,759,1.5,280,0.18
2002,11,4,6,0,0,0,-12,-14,83,759,0,0,0.18
2002,11,4,7,56,489,10,-8,-13,64,761,2.1,250,0.18
2002,11,4,8,238,754,35,-2,-14,35,765,0,0,0.18
2002,11,4,9,427,896,54,1,-16,23,767,0,0,0.18
2002,11,4,10,550,953,49,5,-16,17,769,5.1,290,0.18
2002,11,4,11,620,949,64,6,-19,12,769,5.1,270,0.18
2002,11,4,12,631,918,83,6,-20,11,769,4.6,270,0.18
2002,11,4,13,593,980,49,7,-18,12,769,4.1,320,0.18
2002,11,4,14,508,950,66,7,-21,9,770,7.7,320,0.18
2002,11,4,15,356,974,32,6,-19,12,770,8.2,310,0.18
2002,11,4,16,221,979,58,3,-20,14,769,10.3,320,0.18
2002,11,4,17,0,0,0,1,-18,19,768,8.7,300,0.18
2002,11,4,18,0,0,0,-1,-17,24,768,8.2,290,0.18
2002,11,4,19,0,0,0,-1,-17,24,768,7.7,290,0.18
2002,11,4,20,0,0,0,-2,-17,27,766,5.7,300,0.18
2002,11,4,21,0,0,0,-3,-17,29,766,5.1,320,0.18
2002,11,4,22,0,0,0,-1,-16,27,766,7.2,350,0.18
2002,11,4,23,0,0,0,-3,-14,38,765,6.2,290,0.18
2002,11,5,0,0,0,0,-3,-16,32,766,5.1,280,0.18
2002,11,5,1,0,0,0,-6,-15,45,764,1.5,280,0.18
2002,11,5,2,0,0,0,-5,-15,41,765,4.6,270,0.18
2002,11,5,3,0,0,0,-6,-14,49,765,3.1,280,0.18
2002,11,5,4,0,0,0,-7,-14,54,765,3.6,270,0.18
2002,11,5,5,0,0,0,-8,-14,58,766,3.1,270,0.18
2002,11,5,6,0,0,0,-6,-13,54,768,4.6,270,0.18
2002,11,5,7,55,521,7,-2,-13,38,771,1.5,300,0.18
2002,11,5,8,245,817,28,2,-12,31,774,3.1,320,0.18
2002,11,5,9,421,895,52,4,-13,24,775,4.6,320,0.18
2002,11,5,10,561,947,67,6,-13,21,775,4.6,310,0.18
2002,11,5,11,614,943,65,8,-14,17,777,4.6,20,0.18
2002,11,5,12,644,954,78,9,-13,17,778,5.7,270,0.18
2002,11,5,13,607,938,90,9,-14,16,778,4.1,240,0.18
2002,11,5,14,472,730,135,10,-16,12,778,3.1,260,0.18
2002,11,5,15,367,827,95,10,-15,13,778,0,0,0.18
2002,11,5,16,230,1037,61,8,-13,19,778,3.6,160,0.18
2002,11,5,17,0,0,0,1,-13,30,775,3.1,190,0.18
2002,11,5,18,0,0,0,-3,-11,50,773,0,0,0.18
2002,11,5,19,0,0,0,-5,-11,59,772,0,0,0.18
2002,11,5,20,0,0,0,-6,-11,64,771,4.1,270,0.18
2002,11,5,21,0,0,0,-4,-11,54,772,3.1,260,0.18
2002,11,5,22,0,0,0,-5,-11,59,771,4.1,270,0.18
2002,11,5,23,0,0,0,-6,-11,64,769,3.1,280,0.18
2002,11,6,0,0,0,0,-7,-11,70,769,3.6,270,0.18
2002,11,6,1,0,0,0,-7,-11,70,769,4.1,270,0.18
2002,11,6,2,0,0,0,-7,-12,64,769,4.1,270,0.18
2002,11,6,3,0,0,0,-7,-12,64,769,3.1,280,0.18
2002,11,6,4,0,0,0,-8,-13,64,769,4.1,270,0.18
2002,11,6,5,0,0,0,-8,-13,64,770,4.1,270,0.18
2002,11,6,6,0,0,0,-8,-13,64,772,3.6,270,0.18
2002,11,6,7,51,510,7,-6,-13,54,774,2.1,280,0.18
2002,11,6,8,240,815,26,-1,-12,39,777,2.1,230,0.18
2002,11,6,9,416,912,43,6,-13,21,780,4.1,150,0.18
2002,11,6,10,538,947,49,7,-16,15,781,4.1,140,0.18
2002,11,6,11,620,997,44,8,-15,15,781,5.7,160,0.18
2002,11,6,12,644,972,71,9,-16,13,782,5.7,160,0.18
2002,11,6,13,588,987,47,10,-16,12,782,7.2,140,0.18
2002,11,6,14,502,958,64,10,-14,15,781,6.2,140,0.18
2002,11,6,15,351,972,35,9,-15,14,780,6.2,170,0.18
2002,11,6,16,216,880,76,7,-14,18,779,4.1,160,0.18
2002,11,6,17,0,0,0,2,-15,23,777,1.5,210,0.18
2002,11,6,18,0,0,0,-3,-14,38,775,2.6,250,0.18
2002,11,6,19,0,0,0,-5,-13,49,773,2.6,270,0.18
2002,11,6,20,0,0,0,-8,-13,64,770,1.5,270,0.18
2002,11,6,21,0,0,0,-9,-13,70,767,2.1,250,0.18
2002,11,6,22,0,0,0,-9,-13,70,767,1.5,260,0.18
2002,11,6,23,0,0,0,-9,-13,70,766,2.6,260,0.18
2002,11,7,0,0,0,0,-7,-13,59,767,2.1,260,0.18
2002,11,7,1,0,0,0,-8,-12,70,766,2.1,220,0.18
2002,11,7,2,0,0,0,-5,-11,59,767,2.6,240,0.18
2002,11,7,3,0,0,0,-3,-11,50,768,2.6,220,0.18
2002,11,7,4,0,0,0,1,-13,30,770,2.1,200,0.18
2002,11,7,5,0,0,0,-2,-11,46,769,1.5,190,0.18
2002,11,7,6,0,0,0,-3,-9,60,770,2.1,170,0.18
2002,11,7,7,36,140,25,-3,-10,55,770,0,0,0.18
2002,11,7,8,74,0,74,3,-12,29,774,6.2,140,0.18
2002,11,7,9,345,493,145,4,-13,24,775,4.6,130,0.18
2002,11,7,10,554,835,126,4,-12,27,774,6.7,130,0.18
2002,11,7,11,567,567,242,7,-11,24,775,6.2,130,0.18
2002,11,7,12,111,0,111,8,-11,22,774,7.7,140,0.18
2002,11,7,13,119,0,119,8,-12,20,773,4.1,130,0.18
2002,11,7,14,102,0,102,8,-15,15,773,7.2,230,0.18
2002,11,7,15,54,0,54,7,-13,20,771,7.2,230,0.18
2002,11,7,16,25,0,25,4,-6,45,768,5.7,290,0.18
2002,11,7,17,0,0,0,2,-4,62,768,4.1,300,0.18
2002,11,7,18,0,0,0,2,-4,62,769,2.1,330,0.18
2002,11,7,19,0,0,0,1,-3,72,768,0,0,0.18
2002,11,7,20,0,0,0,3,-6,49,767,4.6,270,0.18
2002,11,7,21,0,0,0,1,-6,56,767,2.6,320,0.18
2002,11,7,22,0,0,0,-2,-8,60,764,1.5,360,0.18
2002,11,7,23,0,0,0,1,-8,47,765,3.1,210,0.18
2002,11,8,0,0,0,0,1,-7,51,764,1.5,210,0.18
2002,11,8,1,0,0,0,3,-7,45,764,6.2,200,0.18
2002,11,8,2,0,0,0,3,-7,45,764,4.6,170,0.18
2002,11,8,3,0,0,0,4,-6,45,764,3.6,160,0.18
2002,11,8,4,0,0,0,2,-7,48,763,3.1,150,0.18
2002,11,8,5,0,0,0,1,-5,61,763,5.1,160,0.18
2002,11,8,6,0,0,0,1,-2,79,763,6.7,150,0.18
2002,11,8,7,14,0,14,1,-2,79,763,6.2,140,0.18
2002,11,8,8,49,0,49,1,-1,86,764,4.1,140,0.18
2002,11,8,9,70,0,70,1,-1,86,764,5.1,140,0.18
2002,11,8,10,88,0,88,4,1,81,766,6.7,200,0.18
2002,11,8,11,111,0,111,4,1,81,765,7.7,210,0.18
2002,11,8,12,105,0,105,3,1,87,764,4.1,160,0.18
2002,11,8,13,99,0,99,4,1,81,763,5.7,180,0.18
2002,11,8,14,117,0,117,4,1,81,762,4.1,160,0.18
2002,11,8,15,64,0,64,4,2,87,761,7.2,150,0.18
2002,11,8,16,52,0,52,3,3,100,761,5.1,160,0.18
2002,11,8,17,0,0,0,3,3,100,761,6.2,160,0.18
2002,11,8,18,0,0,0,3,3,100,761,5.7,130,0.18
2002,11,8,19,0,0,0,3,3,100,760,4.1,160,0.18
2002,11,8,20,0,0,0,5,2,81,762,8.2,220,0.18
2002,11,8,21,0,0,0,4,2,87,761,9.8,230,0.18
2002,11,8,22,0,0,0,3,3,100,760,3.1,170,0.18
2002,11,8,23,0,0,0,5,4,93,760,9.8,240,0.18
2002,11,9,0,0,0,0,6,3,81,761,10.3,230,0.18
2002,11,9,1,0,0,0,6,3,81,761,9.3,250,0.18
2002,11,9,2,0,0,0,6,2,75,761,8.7,250,0.18
2002,11,9,3,0,0,0,6,2,75,761,5.7,260,0.18
2002,11,9,4,0,0,0,5,2,81,761,7.2,240,0.18
2002,11,9,5,0,0,0,5,2,81,761,7.2,240,0.18
2002,11,9,6,0,0,0,5,2,81,761,6.2,240,0.18
2002,11,9,7,34,299,11,6,2,75,762,6.2,240,0.18
2002,11,9,8,179,490,56,7,2,70,762,7.7,240,0.18
2002,11,9,9,324,492,128,9,2,61,764,8.7,240,0.18
2002,11,9,10,427,511,169,9,-1,49,764,9.8,270,0.18
2002,11,9,11,497,549,186,9,0,53,763,9.8,230,0.18
2002,11,9,12,520,538,210,7,2,70,762,8.7,230,0.18
2002,11,9,13,470,552,174,7.6,1.6,66,762,8.2,240,0.18
2002,11,9,14,402,549,157,7.9,1.1,62,762,7.7,260,0.18
2002,11,9,15,274,527,108,7.6,0.8,62,761,7.2,270,0.18
2002,11,9,16,164,460,95,5.7,-0.4,65,761,6.7,290,0.18
2002,11,9,17,0,0,0,3,-1,74,761,6.2,300,0.18
2002,11,9,18,0,0,0,2,-3,67,760,3.6,300,0.18
2002,11,9,19,0,0,0,1,-3,72,761,4.6,280,0.18
2002,11,9,20,0,0,0,-1,-3,85,759,2.1,340,0.18
2002,11,9,21,0,0,0,-2,-4,85,759,2.6,10,0.18
2002,11,9,22,0,0,0,-3,-5,84,759,2.6,340,0.18
2002,11,9,23,0,0,0,-3,-4,92,758,3.6,340,0.18
2002,11,10,0,0,0,0,-3,-6,77,759,3.6,280,0.18
2002,11,10,1,0,0,0,-6,-8,84,757,0,0,0.18
2002,11,10,2,0,0,0,-6,-8,84,759,2.1,260,0.18
2002,11,10,3,0,0,0,-6,-8,84,759,2.1,40,0.18
2002,11,10,4,0,0,0,-5,-8,77,759,0,0,0.18
2002,11,10,5,0,0,0,-7,-8,92,759,2.6,280,0.18
2002,11,10,6,0,0,0,-2,-7,65,762,5.1,300,0.18
2002,11,10,7,27,226,11,-1,-6,66,763,5.1,310,0.18
2002,11,10,8,178,510,52,0,-5,66,765,5.1,290,0.18
2002,11,10,9,323,509,123,1,-6,56,766,7.7,310,0.18
2002,11,10,10,422,500,172,2,-6,52,768,8.7,300,0.18
2002,11,10,11,491,519,199,3,-6,49,768,8.2,310,0.18
2002,11,10,12,520,556,202,3,-6,49,768,6.7,330,0.18
2002,11,10,13,463,540,176,3,-6,49,768,7.2,290,0.18
2002,11,10,14,388,531,154,3,-7,45,768,9.3,280,0.18
2002,11,10,15,276,549,105,3,-7,45,768,6.2,280,0.18
2002,11,10,16,172,625,80,2,-7,48,768,4.6,270,0.18
2002,11,10,17,0,0,0,2,-7,48,768,3.1,260,0.18
2002,11,10,18,0,0,0,1,-4,67,767,3.6,280,0.18
2002,11,10,19,0,0,0,-1,-2,92,765,3.6,290,0.18
2002,11,10,20,0,0,0,-1,-2,92,765,3.6,310,0.18
2002,11,10,21,0,0,0,-1,-2,92,764,3.1,310,0.18
2002,11,10,22,0,0,0,-1,-2,92,764,2.1,10,0.18
2002,11,10,23,0,0,0,-1,-3,85,764,4.6,310,0.18
2002,11,11,0,0,0,0,-1,-3,85,764,6.7,280,0.18
2002,11,11,1,0,0,0,-1,-3,85,764,6.2,290,0.18
2002,11,11,2,0,0,0,-1,-3,85,765,8.2,310,0.18
2002,11,11,3,0,0,0,-2,-5,78,764,8.7,310,0.18
2002,11,11,4,0,0,0,-3,-8,65,765,7.7,320,0.18
2002,11,11,5,0,0,0,-4,-7,77,765,5.1,320,0.18
2002,11,11,6,0,0,0,-4,-7,77,766,4.1,310,0.18
2002,11,11,7,26,183,13,-3,-7,71,768,3.6,290,0.18
2002,11,11,8,93,32,85,-1,-6,66,770,3.6,350,0.18
2002,11,11,9,293,349,157,-1,-5,71,771,7.2,20,0.18
2002,11,11,10,213,29,199,0,-5,66,772,5.7,20,0.18
2002,11,11,11,456,400,233,1,-5,61,772,6.7,30,0.18
2002,11,11,12,471,369,261,2,-7,48,773,4.1,30,0.18
2002,11,11,13,517,663,167,1,-6,56,773,2.6,40,0.18
2002,11,11,14,316,247,207,2,-5,57,774,5.1,50,0.18
2002,11,11,15,277,584,97,2,-7,48,774,5.1,360,0.18
2002,11,11,16,150,285,109,1,-6,56,775,5.1,30,0.18
2002,11,11,17,0,0,0,-2,-6,71,774,2.6,330,0.18
2002,11,11,18,0,0,0,-2,-7,65,774,3.6,330,0.18
2002,11,11,19,0,0,0,-2,-8,60,775,5.1,360,0.18
2002,11,11,20,0,0,0,-4,-7,77,773,3.6,10,0.18
2002,11,11,21,0,0,0,-4,-8,71,774,3.6,20,0.18
2002,11,11,22,0,0,0,-6,-7,92,773,4.6,40,0.18
2002,11,11,23,0,0,0,-6,-8,84,772,2.6,290,0.18
2002,11,12,0,0,0,0,-7,-8,92,772,2.6,270,0.18
2002,11,12,1,0,0,0,-8,-9,92,772,1.5,310,0.18
2002,11,12,2,0,0,0,-9,-10,92,771,2.6,280,0.18
2002,11,12,3,0,0,0,-9,-10,92,771,3.6,270,0.18
2002,11,12,4,0,0,0,-8,-10,84,772,3.6,280,0.18
2002,11,12,5,0,0,0,-8,-10,84,773,3.1,270,0.18
2002,11,12,6,0,0,0,-9,-11,84,773,2.6,290,0.18
2002,11,12,7,25,255,8,-7,-9,84,774,2.1,280,0.18
2002,11,12,8,204,730,29,-4,-7,77,777,2.1,280,0.18
2002,11,12,9,366,834,45,0,-6,60,779,1.5,220,0.18
2002,11,12,10,508,916,57,2,-7,48,780,3.6,160,0.18
2002,11,12,11,561,781,128,3,-6,49,780,5.1,170,0.18
2002,11,12,12,465,332,277,3,-7,45,780,5.1,150,0.18
2002,11,12,13,311,117,250,4,-6,45,781,4.6,140,0.18
2002,11,12,14,272,139,211,3,-6,49,780,5.7,150,0.18
2002,11,12,15,241,434,109,3,-6,49,780,4.1,150,0.18
2002,11,12,16,0,0,0,2,-6,52,779,3.1,160,0.18
2002,11,12,17,0,0,0,-1,-6,66,777,0,0,0.18
2002,11,12,18,0,0,0,-3,-6,77,777,0,0,0.18
2002,11,12,19,0,0,0,-4,-6,84,776,0,0,0.18
2002,11,12,20,0,0,0,-4,-6,84,775,1.5,240,0.18
2002,11,12,21,0,0,0,-3,-5,84,774,2.1,240,0.18
2002,11,12,22,0,0,0,-3,-4,92,773,0,0,0.18
2002,11,12,23,0,0,0,-5,-6,92,771,2.1,260,0.18
2002,11,13,0,0,0,0,-6,-8,84,770,2.1,240,0.18
2002,11,13,1,0,0,0,-6,-7,92,769,2.1,250,0.18
2002,11,13,2,0,0,0,-4,-7,77,770,0,0,0.18
2002,11,13,3,0,0,0,-6,-8,84,768,3.1,260,0.18
2002,11,13,4,0,0,0,-6,-8,84,768,2.1,230,0.18
2002,11,13,5,0,0,0,-4,-7,77,769,2.1,160,0.18
2002,11,13,6,0,0,0,-3,-6,77,771,3.1,170,0.18
2002,11,13,7,11,0,11,-2,-6,71,771,2.1,220,0.18
2002,11,13,8,127,169,87,-1,-4,78,772,0,0,0.18
2002,11,13,9,366,725,89,1,-4,67,772,1.5,280,0.18
2002,11,13,10,502,934,46,5,-7,39,774,3.1,130,0.18
2002,11,13,11,584,901,89,6,-7,36,774,3.1,140,0.18
2002,11,13,12,570,731,160,7,-7,34,774,4.1,150,0.18
2002,11,13,13,577,940,88,9,-8,27,775,6.7,320,0.18
2002,11,13,14,478,975,57,8,-7,32,774,6.2,320,0.18
2002,11,13,15,317,946,32,8,-7,32,774,7.2,320,0.18
2002,11,13,16,0,0,0,6,-7,36,774,7.7,310,0.18
2002,11,13,17,0,0,0,4,-6,45,772,5.7,290,0.18
2002,11,13,18,0,0,0,2,-5,57,771,5.1,290,0.18
2002,11,13,19,0,0,0,0,-5,66,770,2.6,340,0.18
2002,11,13,20,0,0,0,-2,-5,78,769,0,0,0.18
2002,11,13,21,0,0,0,-4,-6,84,768,2.1,250,0.18
2002,11,13,22,0,0,0,-4,-6,84,767,3.1,270,0.18
2002,11,13,23,0,0,0,-4,-6,84,767,2.6,260,0.18
2002,11,14,0,0,0,0,-4,-6,84,767,3.1,270,0.18
2002,11,14,1,0,0,0,-3,-4,92,767,2.1,240,0.18
2002,11,14,2,0,0,0,-4,-6,84,766,0,0,0.18
2002,11,14,3,0,0,0,-6,-6,100,765,3.1,260,0.18
2002,11,14,4,0,0,0,-6,-7,92,765,2.6,250,0.18
2002,11,14,5,0,0,0,-6,-7,92,766,2.6,250,0.18
2002,11,14,6,0,0,0,-7,-8,92,766,2.6,260,0.18
2002,11,14,7,27,373,4,-6,-7,92,767,1.5,260,0.18
2002,11,14,8,197,763,21,-1,-3,85,771,2.1,30,0.18
2002,11,14,9,375,884,41,3,-3,63,774,2.6,20,0.18
2002,11,14,10,497,927,47,3,-3,63,774,5.7,340,0.18
2002,11,14,11,572,936,61,4,-3,59,774,5.7,290,0.18
2002,11,14,12,582,731,175,6,-4,47,775,6.2,310,0.18
2002,11,14,13,186,18,176,6,-4,47,774,8.7,310,0.18
2002,11,14,14,376,462,178,5,-4,50,774,8.2,330,0.18
2002,11,14,15,300,671,100,4,-4,54,774,6.7,300,0.18
2002,11,14,16,0,0,0,2,-6,52,773,8.2,300,0.18
2002,11,14,17,0,0,0,1,-5,61,773,6.7,300,0.18
2002,11,14,18,0,0,0,-1,-6,66,773,4.1,350,0.18
2002,11,14,19,0,0,0,-2,-6,71,772,1.5,340,0.18
2002,11,14,20,0,0,0,-3,-7,71,770,3.1,320,0.18
2002,11,14,21,0,0,0,-2,-6,71,770,4.6,300,0.18
2002,11,14,22,0,0,0,-2,-6,71,770,5.7,300,0.18
2002,11,14,23,0,0,0,-3,-6,77,770,4.6,300,0.18
2002,11,15,0,0,0,0,-3,-6,77,770,4.1,300,0.18
2002,11,15,1,0,0,0,-3,-6,77,770,4.6,300,0.18
2002,11,15,2,0,0,0,-3,-6,77,771,5.1,290,0.18
2002,11,15,3,0,0,0,-5,-7,84,770,3.6,300,0.18
2002,11,15,4,0,0,0,-6.8,-8.3,88,769,3.4,270,0.18
2002,11,15,5,0,0,0,-8,-9,92,769,3.1,240,0.18
2002,11,15,6,0,0,0,-8,-9,92,770,3.6,280,0.18
2002,11,15,7,26,374,5,-4,-8,71,773,5.1,300,0.18
2002,11,15,8,196,734,29,-2,-8,60,774,6.2,350,0.18
2002,11,15,9,379,894,45,0.9,-8.4,46,775,6.2,360,0.18
2002,11,15,10,518,986,44,2.8,-8.8,39,776,6.2,10,0.18
2002,11,15,11,601,984,67,4,-9.5,33,777,5.7,350,0.18
2002,11,15,12,607,937,89,4.8,-10.4,29,777,5.1,320,0.18
2002,11,15,13,564,995,53,5,-11,27,778,4.6,300,0.18
2002,11,15,14,465,963,55,6,-11,25,779,5.1,330,0.18
2002,11,15,15,330,909,61,4,-11,29,779,6.7,40,0.18
2002,11,15,16,0,0,0,3,-9,37,778,2.1,10,0.18
2002,11,15,17,0,0,0,-1,-9,50,777,2.1,30,0.18
2002,11,15,18,0,0,0,-6,-9,77,775,2.1,230,0.18
2002,11,15,19,0,0,0,-6,-9,77,774,2.1,200,0.18
2002,11,15,20,0,0,0,-6,-9,77,774,0,0,0.18
2002,11,15,21,0,0,0,-6.5,-9.3,78,773,1.4,330,0.18
2002,11,15,22,0,0,0,-6.6,-9.6,77,773,2.7,310,0.18
2002,11,15,23,0,0,0,-7,-10,77,772,4.1,280,0.18
2002,11,16,0,0,0,0,-8,-11,77,771,2.6,280,0.18
2002,11,16,1,0,0,0,-7,-11,70,772,4.1,270,0.18
2002,11,16,2,0,0,0,-8,-11,77,771,3.1,280,0.18
2002,11,16,3,0,0,0,-9,-12,77,770,1.5,320,0.18
2002,11,16,4,0,0,0,-8,-12,70,771,2.1,250,0.18
2002,11,16,5,0,0,0,-9,-12,77,771,2.6,250,0.18
2002,11,16,6,0,0,0,-9,-12,77,773,0,0,0.18
2002,11,16,7,18,214,6,-8,-11,77,774,1.5,270,0.18
2002,11,16,8,140,303,72,-3,-11,50,777,2.6,270,0.18
2002,11,16,9,334,632,100,1,-9,43,779,0,0,0.18
2002,11,16,10,409,557,143,3,-12,29,780,3.6,140,0.18
2002,11,16,11,490,632,150,4,-12,27,780,4.6,150,0.18
2002,11,16,12,601,870,123,6,-12,23,781,4.6,140,0.18
2002,11,16,13,505,750,122,7,-12,22,780,5.1,150,0.18
2002,11,16,14,370,457,177,7,-13,20,780,5.1,150,0.18
2002,11,16,15,161,97,132,6,-11,25,780,4.6,150,0.18
2002,11,16,16,0,0,0,3,-11,31,778,2.6,160,0.18
2002,11,16,17,0,0,0,-1,-11,42,776,0,0,0.18
2002,11,16,18,0,0,0,-4,-8,71,774,2.1,250,0.18
2002,11,16,19,0,0,0,-5,-8,77,773,2.1,250,0.18
2002,11,16,20,0,0,0,-6,-8,84,771,2.6,220,0.18
2002,11,16,21,0,0,0,-7,-8,92,769,2.1,220,0.18
2002,11,16,22,0,0,0,-7,-11,70,769,3.1,240,0.18
2002,11,16,23,0,0,0,-7,-9,84,768,2.1,210,0.18
2002,11,17,0,0,0,0,-7,-9,84,767,2.1,230,0.18
2002,11,17,1,0,0,0,-7,-9,84,766,1.5,260,0.18
2002,11,17,2,0,0,0,-7,-9,84,765,2.1,230,0.18
2002,11,17,3,0,0,0,-7,-9,84,765,2.1,240,0.18
2002,11,17,4,0,0,0,-7,-9,84,765,2.6,250,0.18
2002,11,17,5,0,0,0,-7,-9,84,766,1.5,200,0.18
2002,11,17,6,0,0,0,-6,-9,77,767,2.1,180,0.18
2002,11,17,7,13,67,10,-5,-9,71,768,2.1,160,0.18
2002,11,17,8,139,318,69,0,-9,46,770,5.1,140,0.18
2002,11,17,9,172,46,155,2,-11,34,771,3.6,110,0.18
2002,11,17,10,267,88,225,3,-11,31,771,4.6,130,0.18
2002,11,17,11,373,209,262,4,-12,27,771,3.1,120,0.18
2002,11,17,12,539,665,176,6,-11,25,771,4.6,150,0.18
2002,11,17,13,365,283,222,8,-12,20,771,4.6,150,0.18
2002,11,17,14,466,825,120,9,-14,16,772,6.2,290,0.18
2002,11,17,15,333,975,50,8,-15,15,772,10.3,320,0.18
2002,11,17,16,0,0,0,6,-14,19,772,7.2,300,0.18
2002,11,17,17,0,0,0,3,-13,26,771,6.7,310,0.18
2002,11,17,18,0,0,0,-1,-12,39,770,4.6,340,0.18
2002,11,17,19,0,0,0,-1.8,-11.1,45,769,3.9,320,0.18
2002,11,17,20,0,0,0,-2.8,-10.8,50,769,3.3,310,0.18
2002,11,17,21,0,0,0,-3,-10,55,768,2.6,290,0.18
2002,11,17,22,0,0,0,-4,-10,59,768,4.6,320,0.18
2002,11,17,23,0,0,0,-6,-9,77,767,2.1,70,0.18
2002,11,18,0,0,0,0,-5,-9,71,768,2.1,280,0.18
2002,11,18,1,0,0,0,-8,-11,77,766,3.1,260,0.18
2002,11,18,2,0,0,0,-8,-10,84,766,5.1,260,0.18
2002,11,18,3,0,0,0,-10,-11,91,766,1.5,220,0.18
2002,11,18,4,0,0,0,-8,-10,84,768,4.6,270,0.18
2002,11,18,5,0,0,0,-6,-9,77,770,1.5,280,0.18
2002,11,18,6,0,0,0,-8,-10,84,770,4.1,280,0.18
2002,11,18,7,21,343,5,-6,-9,77,772,3.6,340,0.18
2002,11,18,8,184,764,18,-2,-8,60,775,3.1,340,0.18
2002,11,18,9,352,870,37,1,-8,47,777,4.1,40,0.18
2002,11,18,10,500,938,60,2,-9,40,778,0,0,0.18
2002,11,18,11,559,948,56,5,-13,23,780,1.5,20,0.18
2002,11,18,12,613,1039,49,7,-18,12,780,2.6,30,0.18
2002,11,18,13,545,990,46,8,-17,13,781,0,0,0.18
2002,11,18,14,437,870,75,8,-14,17,781,5.7,140,0.18
2002,11,18,15,315,907,54,7,-13,20,781,5.1,160,0.18
2002,11,18,16,0,0,0,4,-12,27,779,3.6,160,0.18
2002,11,18,17,0,0,0,-4,-12,50,775,2.1,220,0.18
2002,11,18,18,0,0,0,-6,-11,64,775,2.1,230,0.18
2002,11,18,19,0,0,0,-7,-11,70,774,2.6,260,0.18
2002,11,18,20,0,0,0,-7.6,-11.3,72,774,3.1,260,0.18
2002,11,18,21,0,0,0,-7.5,-11.2,72,773,3.6,270,0.18
2002,11,18,22,0,0,0,-7,-11,70,773,4.1,270,0.18
2002,11,18,23,0,0,0,-7,-12,64,772,0,0,0.18
2002,11,19,0,0,0,0,-8,-12,70,771,2.6,360,0.18
2002,11,19,1,0,0,0,-8,-12,70,771,0,0,0.18
2002,11,19,2,0,0,0,-7,-12,64,771,3.1,270,0.18
2002,11,19,3,0,0,0,-9,-13,70,770,1.5,270,0.18
2002,11,19,4,0,0,0,-7,-13,59,772,3.6,260,0.18
2002,11,19,5,0,0,0,-8,-13,64,774,2.1,270,0.18
2002,11,19,6,0,0,0,-7,-13,59,776,4.1,270,0.18
2002,11,19,7,17,353,2,-7,-12,64,776,1.5,280,0.18
2002,11,19,8,191,788,22,-6,-11,64,777,2.6,280,0.18
2002,11,19,9,361,914,33,3,-14,24,781,3.1,300,0.18
2002,11,19,10,500,938,63,4,-13,24,782,2.1,20,0.18
2002,11,19,11,559,954,56,6,-13,21,783,4.1,40,0.18
2002,11,19,12,576,943,68,9,-8,27,784,5.1,340,0.18
2002,11,19,13,532,977,43,10,-9,23,784,6.7,40,0.18
2002,11,19,14,445,953,51,9,-8,27,784,6.2,360,0.18
2002,11,19,15,307,958,34,9,-7,29,784,5.7,30,0.18
2002,11,19,16,0,0,0,7,-7,34,783,5.1,360,0.18
2002,11,19,17,0,0,0,4,-7,42,782,7.7,350,0.18
2002,11,19,18,0,0,0,2,-8,44,781,6.7,10,0.18
2002,11,19,19,0,0,0,2,-8,44,781,7.2,20,0.18
2002,11,19,20,0,0,0,2,-8,44,781,8.2,10,0.18
2002,11,19,21,0,0,0,1,-8,47,778,10.8,340,0.18
2002,11,19,22,0,0,0,0,-8,51,778,7.7,350,0.18
2002,11,19,23,0,0,0,1,-7,51,778,6.2,360,0.18
2002,11,20,0,0,0,0,-3,-8,65,775,3.6,270,0.18
2002,11,20,1,0,0,0,-4,-8,71,774,3.6,350,0.18
2002,11,20,2,0,0,0,-3,-7,71,775,4.1,10,0.18
2002,11,20,3,0,0,0,-1,-6,66,775,4.6,280,0.18
2002,11,20,4,0,0,0,-3,-7,71,775,3.1,330,0.18
2002,11,20,5,0,0,0,-2,-7,65,776,4.6,350,0.18
2002,11,20,6,0,0,0,-3,-7,71,776,4.1,320,0.18
2002,11,20,7,16,320,3,-2,-7,65,777,4.1,300,0.18
2002,11,20,8,174,759,14,1,-6,56,780,3.1,330,0.18
2002,11,20,9,350,896,32,4,-5,49,781,6.2,20,0.18
2002,11,20,10,483,955,41,7,-4,44,783,4.6,40,0.18
2002,11,20,11,565,966,59,9,-4,38,784,4.1,360,0.18
2002,11,20,12,570,888,94,11,-3,36,785,5.1,40,0.18
2002,11,20,13,539,935,74,12,-3,34,786,4.6,50,0.18
2002,11,20,14,431,871,73,12,-3,34,785,4.6,40,0.18
2002,11,20,15,318,785,96,11,-3,36,784,5.1,60,0.18
2002,11,20,16,0,0,0,8,-3,44,783,4.1,60,0.18
2002,11,20,17,0,0,0,3,-4,58,781,1.5,50,0.18
2002,11,20,18,0,0,0,-3,-7,71,778,3.1,260,0.18
2002,11,20,19,0,0,0,-2,-6,71,778,3.6,270,0.18
2002,11,20,20,0,0,0,-2,-5,78,778,4.1,270,0.18
2002,11,20,21,0,0,0,-3,-6,77,776,4.1,280,0.18
2002,11,20,22,0,0,0,-3,-6,77,776,4.6,270,0.18
2002,11,20,23,0,0,0,-3,-6,77,775,4.6,270,0.18
2002,11,21,0,0,0,0,-4,-6,84,774,4.6,270,0.18
2002,11,21,1,0,0,0,-4,-7,77,774,4.6,270,0.18
2002,11,21,2,0,0,0,-4,-6,84,773,4.6,270,0.18
2002,11,21,3,0,0,0,-4,-7,77,774,2.1,270,0.18
2002,11,21,4,0,0,0,-4,-6,84,774,3.1,270,0.18
2002,11,21,5,0,0,0,-6,-7,92,774,2.6,260,0.18
2002,11,21,6,0,0,0,-5,-6,92,776,5.1,270,0.18
2002,11,21,7,15,327,3,-4,-6,84,777,2.1,240,0.18
2002,11,21,8,188,783,26,1,-3,72,779,2.1,260,0.18
2002,11,21,9,364,930,37,7,-2,52,783,0,0,0.18
2002,11,21,10,499,996,42,10,-3,39,784,3.1,130,0.18
2002,11,21,11,582,1025,48,11,-3,36,784,3.6,140,0.18
2002,11,21,12,601,1033,50,12,-3,34,784,4.1,140,0.18
2002,11,21,13,559,1033,48,13,-3,32,784,5.1,150,0.18
2002,11,21,14,469,1011,56,13,-4,29,784,5.1,150,0.18
2002,11,21,15,329,983,53,12,-3,34,783,5.1,150,0.18
2002,11,21,16,0,0,0,9,-4,38,782,2.1,150,0.18
2002,11,21,17,0,0,0,0,-6,60,777,0,0,0.18
2002,11,21,18,0,0,0,-2,-6,71,776,3.1,240,0.18
2002,11,21,19,0,0,0,-3,-6,77,776,2.1,250,0.18
2002,11,21,20,0,0,0,-4,-6,84,774,1.5,220,0.18
2002,11,21,21,0,0,0,-5,-6,92,772,1.5,250,0.18
2002,11,21,22,0,0,0,-6,-8,84,770,2.6,250,0.18
2002,11,21,23,0,0,0,-7,-8,92,769,1.5,250,0.18
2002,11,22,0,0,0,0,-6,-7,92,769,1.5,250,0.18
2002,11,22,1,0,0,0,-7,-8,92,768,2.6,240,0.18
2002,11,22,2,0,0,0,-6,-8,84,769,2.1,280,0.18
2002,11,22,3,0,0,0,-7,-8,92,768,3.1,240,0.18
2002,11,22,4,0,0,0,-4,-7,77,770,5.1,260,0.18
2002,11,22,5,0,0,0,-7,-8,92,771,2.6,250,0.18
2002,11,22,6,0,0,0,-7,-8,92,771,3.1,240,0.18
2002,11,22,7,13,313,2,-5,-7,84,773,3.1,250,0.18
2002,11,22,8,172,760,17,1,-5,61,776,2.6,260,0.18
2002,11,22,9,344,895,32,7,-4,44,779,0,0,0.18
2002,11,22,10,477,954,42,9,-3,41,780,4.6,150,0.18
2002,11,22,11,559,965,59,10,-4,36,781,4.1,130,0.18
2002,11,22,12,557,870,96,11,-4,33,780,5.7,150,0.18
2002,11,22,13,539,867,113,12,-4,31,780,4.1,150,0.18
2002,11,22,14,335,407,170,11,-3,36,779,6.2,150,0.18
2002,11,22,15,243,633,67,9,-3,41,778,5.7,140,0.18
2002,11,22,16,0,0,0,7,-3,48,776,2.6,170,0.18
2002,11,22,17,0,0,0,5,-4,50,776,3.1,170,0.18
2002,11,22,18,0,0,0,-2,-6,71,772,2.1,260,0.18
2002,11,22,19,0,0,0,-4,-7,77,770,2.1,230,0.18
2002,11,22,20,0,0,0,-6,-7,92,768,2.6,240,0.18
2002,11,22,21,0,0,0,-6,-7,92,766,1.5,260,0.18
2002,11,22,22,0,0,0,-5,-8,77,766,2.6,250,0.18
2002,11,22,23,0,0,0,-4,-7,77,766,2.1,230,0.18
2002,11,23,0,0,0,0,-5,-7,84,765,2.1,240,0.18
2002,11,23,1,0,0,0,-6,-7,92,763,2.1,230,0.18
2002,11,23,2,0,0,0,-6,-7,92,763,3.1,220,0.18
2002,11,23,3,0,0,0,-6,-7,92,763,2.1,260,0.18
2002,11,23,4,0,0,0,-6,-7,92,763,3.1,250,0.18
2002,11,23,5,0,0,0,-7,-8,92,763,3.6,250,0.18
2002,11,23,6,0,0,0,-8,-9,92,763,3.6,250,0.18
2002,11,23,7,10,244,3,-7,-8,92,765,3.1,240,0.18
2002,11,23,8,163,747,13,1,-4,67,769,0,0,0.18
2002,11,23,9,343,883,39,6,-3,51,772,0,0,0.18
2002,11,23,10,471,948,42,7,-4,44,772,5.1,130,0.18
2002,11,23,11,541,965,44,8,-5,37,771,6.7,120,0.18
2002,11,23,12,582,937,89,9,-5,35,771,4.1,140,0.18
2002,11,23,13,453,597,161,9,-6,32,771,5.7,220,0.18
2002,11,23,14,149,0,149,11,-9,22,772,6.2,230,0.18
2002,11,23,15,156,85,133,8,-7,32,771,2.6,260,0.18
2002,11,23,16,0,0,0,7,-8,31,770,4.6,290,0.18
2002,11,23,17,0,0,0,4.3,-7,41,770,4.4,290,0.18
2002,11,23,18,0,0,0,2.7,-6.1,49,770,4.3,300,0.18
2002,11,23,19,0,0,0,2,-5,57,769,4.1,300,0.18
2002,11,23,20,0,0,0,-1,-6,66,766,4.6,280,0.18
2002,11,23,21,0,0,0,-4,-7,77,764,1.5,230,0.18
2002,11,23,22,0,0,0,-3,-7,71,765,3.6,270,0.18
2002,11,23,23,0,0,0,-3,-8,65,765,2.1,10,0.18
2002,11,24,0,0,0,0,-6,-8,84,763,3.6,320,0.18
2002,11,24,1,0,0,0,-7,-8,92,763,4.1,270,0.18
2002,11,24,2,0,0,0,-6,-7,92,763,3.1,250,0.18
2002,11,24,3,0,0,0,-6,-8,84,763,0,0,0.18
2002,11,24,4,0,0,0,-7,-9,84,763,0,0,0.18
2002,11,24,5,0,0,0,-8,-10,84,764,0,0,0.18
2002,11,24,6,0,0,0,-9,-10,92,764,0,0,0.18
2002,11,24,7,9,243,2,-6,-8,84,766,0,0,0.18
2002,11,24,8,162,749,14,-2,-5,78,768,1.5,30,0.18
2002,11,24,9,342,904,33,4,-3,59,772,2.6,30,0.18
2002,11,24,10,470,924,55,6,-4,47,773,2.6,320,0.18
2002,11,24,11,529,929,54,8,-8,29,773,5.1,250,0.18
2002,11,24,12,563,840,123,9,-13,17,774,5.7,250,0.18
2002,11,24,13,379,351,209,9,-16,13,773,2.1,310,0.18
2002,11,24,14,157,0,157,9,-15,14,772,0,0,0.18
2002,11,24,15,156,92,131,8,-10,24,772,4.1,310,0.18
2002,11,24,16,0,0,0,7,-11,24,771,2.1,300,0.18
2002,11,24,17,0,0,0,-2,-12,42,767,2.6,250,0.18
2002,11,24,18,0,0,0,-4,-10,59,766,4.6,230,0.18
2002,11,24,19,0,0,0,-2,-9,55,766,4.1,240,0.18
2002,11,24,20,0,0,0,0,-9,46,766,4.6,270,0.18
2002,11,24,21,0,0,0,0,-10,43,765,3.6,300,0.18
2002,11,24,22,0,0,0,2,-9,40,765,6.2,300,0.18
2002,11,24,23,0,0,0,0,-4,72,763,7.7,290,0.18
2002,11,25,0,0,0,0,-2,-4,85,762,5.1,320,0.18
2002,11,25,1,0,0,0,-3,-6,77,762,5.7,300,0.18
2002,11,25,2,0,0,0,-4,-6,84,761,6.7,330,0.18
2002,11,25,3,0,0,0,-5,-6,92,761,4.6,340,0.18
2002,11,25,4,0,0,0,-6,-7,92,760,4.6,320,0.18
2002,11,25,5,0,0,0,-6,-7,92,763,3.6,330,0.18
2002,11,25,6,0,0,0,-5,-8,77,764,6.2,20,0.18
2002,11,25,7,4,14,3,-5,-8,77,764,8.7,10,0.18
2002,11,25,8,135,411,55,-4,-8,71,764,9.3,10,0.18
2002,11,25,9,250,378,122,-3,-9,60,766,8.2,30,0.18
2002,11,25,10,448,784,99,-1,-9,50,766,9.3,30,0.18
2002,11,25,11,529,935,54,-1,-9,50,766,10.8,20,0.18
2002,11,25,12,539,858,91,2,-10,37,768,10.3,20,0.18
2002,11,25,13,513,917,69,2,-11,34,768,9.3,10,0.18
2002,11,25,14,411,834,78,2,-11,34,769,11.8,30,0.18
2002,11,25,15,304,770,94,-1,-9,50,769,8.7,30,0.18
2002,11,25,16,0,0,0,-3,-9,60,769,6.7,40,0.18
2002,11,25,17,0,0,0,-6,-8,84,768,9.8,30,0.18
2002,11,25,18,0,0,0,-7,-9,84,767,6.7,30,0.18
2002,11,25,19,0,0,0,-7,-9,84,768,5.7,20,0.18
2002,11,25,20,0,0,0,-8,-9,92,767,0,0,0.18
2002,11,25,21,0,0,0,-10,-11,91,767,2.1,350,0.18
2002,11,25,22,0,0,0,-9,-12,77,767,2.6,320,0.18
2002,11,25,23,0,0,0,-10,-11,91,767,3.1,360,0.18
2002,11,26,0,0,0,0,-10,-12,84,766,3.6,360,0.18
2002,11,26,1,0,0,0,-12,-13,91,765,3.1,340,0.18
2002,11,26,2,0,0,0,-11,-12,91,765,0,0,0.18
2002,11,26,3,0,0,0,-12,-13,91,766,2.6,350,0.18
2002,11,26,4,0,0,0,-11,-12,91,767,1.5,320,0.18
2002,11,26,5,0,0,0,-13,-15,83,766,2.6,300,0.18
2002,11,26,6,0,0,0,-13,-14,91,766,2.6,310,0.18
2002,11,26,7,7,247,2,-11.8,-12.3,96,768,2.9,310,0.18
2002,11,26,8,152,729,13,-8,-10,84,770,3.1,310,0.18
2002,11,26,9,322,818,47,-5,-9.5,68,772,3.1,340,0.18
2002,11,26,10,383,550,140,-3,-9,60,773,3.1,360,0.18
2002,11,26,11,499,798,96,0.3,-10.9,38,774,4.1,30,0.18
2002,11,26,12,538,870,87,3,-13,26,775,5.1,50,0.18
2002,11,26,13,526,935,76,4,-14,22,776,4.6,50,0.18
2002,11,26,14,441,975,54,4,-14,22,775,5.1,60,0.18
2002,11,26,15,305,969,43,4,-14,22,776,4.1,60,0.18
2002,11,26,16,0,0,0,1,-12,33,773,3.1,50,0.18
2002,11,26,17,0,0,0,-3,-13,42,772,2.1,20,0.18
2002,11,26,18,0,0,0,-7,-14,54,770,0,0,0.18
2002,11,26,19,0,0,0,-4,-13,45,772,1.5,10,0.18
2002,11,26,20,0,0,0,-6,-12,59,770,3.6,20,0.18
2002,11,26,21,0,0,0,-11,-14,76,767,3.6,270,0.18
2002,11,26,22,0,0,0,-11,-14,76,767,4.6,260,0.18
2002,11,26,23,0,0,0,-12,-15,76,766,3.6,250,0.18
2002,11,27,0,0,0,0,-12,-15,76,765,3.1,260,0.18
2002,11,27,1,0,0,0,-11,-15,70,765,4.1,270,0.18
2002,11,27,2,0,0,0,-12,-16,69,765,4.6,270,0.18
2002,11,27,3,0,0,0,-12,-16,69,764,4.6,270,0.18
2002,11,27,4,0,0,0,-12,-16,69,765,5.1,270,0.18
2002,11,27,5,0,0,0,-12,-17,63,766,4.1,260,0.18
2002,11,27,6,0,0,0,-12,-17,63,768,4.6,270,0.18
2002,11,27,7,6,176,2,-12,-17,63,767,3.1,270,0.18
2002,11,27,8,143,656,21,-7,-15,49,771,2.6,270,0.18
2002,11,27,9,321,868,33,-1,-16,27,776,2.1,360,0.18
2002,11,27,10,436,888,46,2,-19,16,778,4.1,20,0.18
2002,11,27,11,528,971,41,4,-20,13,778,3.1,40,0.18
2002,11,27,12,557,973,55,6,-21,10,779,3.6,50,0.18
2002,11,27,13,526,935,78,7,-18,12,779,3.6,40,0.18
2002,11,27,14,411,739,119,7,-17,14,779,3.6,30,0.18
2002,11,27,15,306,772,98,6,-17,15,779,4.1,140,0.18
2002,11,27,16,0,0,0,2,-16,21,777,1.5,110,0.18
2002,11,27,17,0,0,0,-5,-17,34,773,1.5,50,0.18
2002,11,27,18,0,0,0,-3,-15,35,775,4.6,60,0.18
2002,11,27,19,0,0,0,-8,-16,49,773,3.1,250,0.18
2002,11,27,20,0,0,0,-8,-16,49,772,2.6,280,0.18
2002,11,27,21,0,0,0,-8,-14,58,771,4.1,270,0.18
2002,11,27,22,0,0,0,-8,-14,58,771,4.6,270,0.18
2002,11,27,23,0,0,0,-9,-14,64,770,4.1,270,0.18
2002,11,28,0,0,0,0,-9,-14,64,770,0,0,0.18
2002,11,28,1,0,0,0,-9,-14,64,770,3.1,270,0.18
2002,11,28,2,0,0,0,-11,-14,76,768,3.6,270,0.18
2002,11,28,3,0,0,0,-11,-14,76,768,4.1,270,0.18
2002,11,28,4,0,0,0,-11,-14,76,769,4.1,270,0.18
2002,11,28,5,0,0,0,-11,-14,76,771,4.6,270,0.18
2002,11,28,6,0,0,0,-11,-14,76,771,4.6,270,0.18
2002,11,28,7,5,236,1,-11,-14,76,773,4.6,270,0.18
2002,11,28,8,153,739,17,-4,-12,50,777,2.6,270,0.18
2002,11,28,9,315,862,32,1,-11,36,780,2.6,20,0.18
2002,11,28,10,441,929,36,4,-12,27,781,0,0,0.18
2002,11,28,11,534,994,37,7,-11,24,782,4.1,150,0.18
2002,11,28,12,563,991,55,7,-12,22,781,5.7,160,0.18
2002,11,28,13,526,936,80,7,-12,22,781,5.7,150,0.18
2002,11,28,14,396,714,116,7,-12,22,781,4.1,150,0.18
2002,11,28,15,306,773,100,6,-11,25,781,3.1,150,0.18
2002,11,28,16,0,0,0,4,-12,27,779,2.6,160,0.18
2002,11,28,17,0,0,0,-6,-14,49,774,2.6,180,0.18
2002,11,28,18,0,0,0,-8,-14,58,773,3.1,240,0.18
2002,11,28,19,0,0,0,-9,-14,64,772,2.6,220,0.18
2002,11,28,20,0,0,0,-10,-14,70,770,0,0,0.18
2002,11,28,21,0,0,0,-11,-13,84,768,2.1,250,0.18
2002,11,28,22,0,0,0,-9,-13,70,769,2.1,240,0.18
2002,11,28,23,0,0,0,-8,-12,70,768,2.6,260,0.18
2002,11,29,0,0,0,0,-11,-13,84,765,1.5,260,0.18
2002,11,29,1,0,0,0,-9,-12,77,766,2.6,240,0.18
2002,11,29,2,0,0,0,-6,-10,70,768,2.6,250,0.18
2002,11,29,3,0,0,0,-6,-10,70,768,3.6,270,0.18
2002,11,29,4,0,0,0,-8,-11,77,767,2.1,20,0.18
2002,11,29,5,0,0,0,-7,-9,84,770,1.5,240,0.18
2002,11,29,6,0,0,0,-7,-11,70,770,3.6,300,0.18
2002,11,29,7,4,207,1,-8,-12,70,770,2.6,280,0.18
2002,11,29,8,148,736,15,-2,-9,55,774,0,0,0.18
2002,11,29,9,310,855,31,3,-9,37,777,2.6,80,0.18
2002,11,29,10,446,923,46,4,-11,29,777,1.5,160,0.18
2002,11,29,11,516,952,43,7,-11,24,777,1.5,150,0.18
2002,11,29,12,557,985,54,8,-12,20,778,3.1,130,0.18
2002,11,29,13,520,936,75,8,-12,20,777,4.1,140,0.18
2002,11,29,14,397,721,115,9,-10,23,776,3.6,110,0.18
2002,11,29,15,307,774,101,5,-11,27,774,2.1,190,0.18
2002,11,29,16,0,0,0,4,-11,29,775,0,0,0.18
2002,11,29,17,0,0,0,2,-9,40,774,4.1,170,0.18
2002,11,29,18,0,0,0,0,-11,39,773,2.1,30,0.18
2002,11,29,19,0,0,0,-7,-12,64,769,0,0,0.18
2002,11,29,20,0,0,0,-7,-12,64,768,3.6,250,0.18
2002,11,29,21,0,0,0,-7,-11,70,767,2.1,250,0.18
2002,11,29,22,0,0,0,-8,-12,70,766,3.1,240,0.18
2002,11,29,23,0,0,0,-7,-11,70,766,0,0,0.18
2002,11,30,0,0,0,0,-8,-12,70,764,0,0,0.18
2002,11,30,1,0,0,0,-6,-9,77,766,1.5,260,0.18
2002,11,30,2,0,0,0,-4,-9,65,767,0,0,0.18
2002,11,30,3,0,0,0,-3,-8,65,768,0,0,0.18
2002,11,30,4,0,0,0,-2,-8,60,769,0,0,0.18
2002,11,30,5,0,0,0,-1,-8,55,770,0,0,0.18
2002,11,30,6,0,0,0,1,-7,51,772,3.6,120,0.18
2002,11,30,7,0,0,0,1,-4,67,774,5.7,130,0.18
2002,11,30,8,38,0,38,-1,-3,85,773,0,0,0.18
2002,11,30,9,52,0,52,1,-2,79,774,0,0,0.18
2002,11,30,10,209,64,182,2,-2,73,775,4.1,160,0.18
2002,11,30,11,313,155,236,2,-2,73,774,3.6,130,0.18
2002,11,30,12,470,568,181,2,-1,80,773,4.6,140,0.18
2002,11,30,13,426,548,167,3,0,81,773,3.6,140,0.18
2002,11,30,14,187,51,167,4,-1,69,772,4.6,150,0.18
2002,11,30,15,208,355,114,3,-1,74,772,3.1,170,0.18
2002,11,30,16,0,0,0,2,0,87,771,2.1,140,0.18
2002,11,30,17,0,0,0,1,0,93,770,0,0,0.18
2002,11,30,18,0,0,0,0,0,100,770,0,0,0.18
2002,11,30,19,0,0,0,-1,-1,100,770,2.1,130,0.18
2002,11,30,20,0,0,0,-1,-1,100,770,2.1,270,0.18
2002,11,30,21,0,0,0,-3.3,-3.8,100,770,2,0,0.18
2002,11,30,22,0,0,0,-5.8,-6.6,100,769,1.9,140,0.18
2002,11,30,23,0,0,0,-8.2,-9.5,100,769,1.8,0,0.18
2004,12,1,0,0,0,0,-10.6,-12.3,68,760,1.8,250,0.2
2004,12,1,1,0,0,0,-13,-15.2,75,760,1.7,270,0.2
2004,12,1,2,0,0,0,-15.5,-18,75,759,1.6,240,0.2
2004,12,1,3,0,0,0,-18,-21,75,759,1.5,260,0.2
2004,12,1,4,0,0,0,-18,-21,75,759,2.1,270,0.2
2004,12,1,5,0,0,0,-20,-23,75,760,2.6,280,0.2
2004,12,1,6,0,0,0,-19,-23,68,762,3.6,270,0.2
2004,12,1,7,1,85,1,-20,-23,75,762,2.6,270,0.2
2004,12,1,8,110,466,29,-17,-21,68,763,2.6,250,0.2
2004,12,1,9,251,595,61,-12,-18,57,767,0,0,0.2
2004,12,1,10,311,321,174,-7,-16,45,770,2.6,20,0.2
2004,12,1,11,533,851,116,-6,-15,45,769,1.5,330,0.2
2004,12,1,12,556,979,62,-4,-13,45,770,2.6,50,0.2
2004,12,1,13,480,899,57,-4,-15,38,770,2.1,320,0.2
2004,12,1,14,419,976,41,-4,-13,45,770,2.6,290,0.2
2004,12,1,15,279,982,20,-4,-13,45,770,3.1,280,0.2
2004,12,1,16,149,0,149,-6,-13,54,769,0,0,0.2
2004,12,1,17,0,0,0,-13,-17,69,767,3.1,260,0.2
2004,12,1,18,0,0,0,-12,-15,76,767,3.1,30,0.2
2004,12,1,19,0,0,0,-13,-15,83,767,2.6,30,0.2
2004,12,1,20,0,0,0,-17,-19,83,764,3.1,300,0.2
2004,12,1,21,0,0,0,-17,-19,83,763,1.5,290,0.2
2004,12,1,22,0,0,0,-18,-21,75,761,3.6,280,0.2
2004,12,1,23,0,0,0,-19,-21,83,760,4.1,270,0.2
2004,12,2,0,0,0,0,-18,-21,75,760,4.6,270,0.2
2004,12,2,1,0,0,0,-19,-21,83,760,4.6,270,0.2
2004,12,2,2,0,0,0,-19,-21,83,760,3.1,270,0.2
2004,12,2,3,0,0,0,-18,-20,83,760,4.1,270,0.2
2004,12,2,4,0,0,0,-20,-22,82,760,0,0,0.2
2004,12,2,5,0,0,0,-20,-22,82,762,0,0,0.2
2004,12,2,6,0,0,0,-21,-24,75,761,0,0,0.2
2004,12,2,7,1,147,0,-22,-24,82,761,0,0,0.2
2004,12,2,8,140,735,14,-18,-20.4,80,764,0,0,0.2
2004,12,2,9,321,914,33,-13.6,-17.3,71,766,2.6,280,0.2
2004,12,2,10,466,992,46,-9.7,-14.9,63,769,1.5,10,0.2
2004,12,2,11,544,1023,45,-7,-13,59,772,0,0,0.2
2004,12,2,12,575,1039,52,-3,-13,42,773,2.1,360,0.2
2004,12,2,13,539,1034,55,-3,-12,46,773,3.6,170,0.2
2004,12,2,14,434,1015,43,-2,-12,42,774,2.6,160,0.2
2004,12,2,15,289,982,31,-2,-12,42,773,2.1,140,0.2
2004,12,2,16,305,1058,193,-6,-13,54,772,1.5,180,0.2
2004,12,2,17,0,0,0,-11,-16,63,770,2.6,60,0.2
2004,12,2,18,0,0,0,-17,-19,83,767,2.1,250,0.2
2004,12,2,19,0,0,0,-16,-18,83,768,1.5,270,0.2
2004,12,2,20,0,0,0,-16,-18,83,767,3.6,280,0.2
2004,12,2,21,0,0,0,-17,-19,83,765,3.6,270,0.2
2004,12,2,22,0,0,0,-17,-19,83,764,4.1,270,0.2
2004,12,2,23,0,0,0,-17,-19,83,764,5.1,280,0.2
2004,12,3,0,0,0,0,-18,-21,75,762,4.6,280,0.2
2004,12,3,1,0,0,0,-18,-20,83,762,4.1,270,0.2
2004,12,3,2,0,0,0,-19,-22,75,761,3.6,260,0.2
2004,12,3,3,0,0,0,-20,-22,82,761,3.6,270,0.2
2004,12,3,4,0,0,0,-21,-23,82,760,4.6,270,0.2
2004,12,3,5,0,0,0,-22,-24,82,761,2.6,270,0.2
2004,12,3,6,0,0,0,-21,-24,75,763,4.1,270,0.2
2004,12,3,7,1,69,0,-20,-23,75,764,4.6,270,0.2
2004,12,3,8,88,256,45,-17,-21,68,766,3.6,280,0.2
2004,12,3,9,264,583,82,-12,-17,63,769,1.5,290,0.2
2004,12,3,10,166,52,144,-8,-14,58,772,1.5,330,0.2
2004,12,3,11,491,755,125,-4,-17,31,773,0,0,0.2
2004,12,3,12,439,574,151,-2,-17,27,774,0,0,0.2
2004,12,3,13,360,431,159,-2,-13,38,773,1.5,220,0.2
2004,12,3,14,292,434,125,-1,-12,39,774,0,0,0.2
2004,12,3,15,199,399,95,0,-13,32,775,2.1,150,0.2
2004,12,3,16,232,0,232,-4,-14,41,773,2.6,150,0.2
2004,12,3,17,0,0,0,-12,-17,63,768,1.5,250,0.2
2004,12,3,18,0,0,0,-17,-20,75,765,3.1,240,0.2
2004,12,3,19,0,0,0,-18,-21,75,765,3.6,260,0.2
2004,12,3,20,0,0,0,-18,-21,75,764,1.5,270,0.2
2004,12,3,21,0,0,0,-18,-21,75,762,2.1,280,0.2
2004,12,3,22,0,0,0,-17,-20,75,762,1.5,280,0.2
2004,12,3,23,0,0,0,-16,-19,75,761,3.1,270,0.2
2004,12,4,0,0,0,0,-19,-22,75,758,2.6,250,0.2
2004,12,4,1,0,0,0,-19,-22,75,758,1.5,260,0.2
2004,12,4,2,0,0,0,-19,-23,68,757,1.5,260,0.2
2004,12,4,3,0,0,0,-21,-24,75,755,3.1,250,0.2
2004,12,4,4,0,0,0,-19,-23,68,757,2.1,250,0.2
2004,12,4,5,0,0,0,-18,-22,68,759,2.6,260,0.2
2004,12,4,6,0,0,0,-18,-22,68,760,2.6,260,0.2
2004,12,4,7,0,117,0,-19,-23,68,760,3.1,260,0.2
2004,12,4,8,124,714,6,-16,-20,69,761,1.5,240,0.2
2004,12,4,9,291,895,14,-6,-17,37,766,2.1,250,0.2
2004,12,4,10,449,985,36,-2,-14,35,768,5.1,160,0.2
2004,12,4,11,543,1023,49,-2,-13,38,766,4.6,170,0.2
2004,12,4,12,574,1033,59,-2,-12,42,766,4.1,160,0.2
2004,12,4,13,533,776,172,-2,-12,42,765,5.7,160,0.2
2004,12,4,14,247,243,154,-1,-12,39,765,6.2,150,0.2
2004,12,4,15,170,150,131,-2,-11,46,764,3.6,150,0.2
2004,12,4,16,78,0,78,-4,-10,59,762,3.1,170,0.2
2004,12,4,17,0,0,0,-5,-12,54,761,4.1,140,0.2
2004,12,4,18,0,0,0,-8,-13,64,759,0,0,0.2
2004,12,4,19,0,0,0,-6,-11,64,760,2.1,300,0.2
2004,12,4,20,0,0,0,-7,-11,70,759,1.5,270,0.2
2004,12,4,21,0,0,0,-6,-11,64,758,2.1,240,0.2
2004,12,4,22,0,0,0,-6,-9,77,756,0,0,0.2
2004,12,4,23,0,0,0,-6,-9,77,756,1.5,20,0.2
2004,12,5,0,0,0,0,-6,-8,84,755,0,0,0.2
2004,12,5,1,0,0,0,-9,-11,84,754,1.5,200,0.2
2004,12,5,2,0,0,0,-12,-13,91,752,3.1,270,0.2
2004,12,5,3,0,0,0,-11,-12,91,753,3.1,250,0.2
2004,12,5,4,0,0,0,-13,-14,91,752,2.1,260,0.2
2004,12,5,5,0,0,0,-14,-16,83,752,4.1,270,0.2
2004,12,5,6,0,0,0,-16,-17,91,752,2.1,260,0.2
2004,12,5,7,0,0,0,-17,-18,91,751,1.5,250,0.2
2004,12,5,8,129,722,12,-16,-17,91,752,1.5,220,0.2
2004,12,5,9,300,906,21,-9,-12,77,757,1.5,270,0.2
2004,12,5,10,438,985,28,-6,-8,84,758,3.6,130,0.2
2004,12,5,11,531,1023,40,-4,-7,77,759,5.1,130,0.2
2004,12,5,12,568,1033,55,-4,-6,84,759,3.6,150,0.2
2004,12,5,13,532,862,133,-4,-7,77,759,4.1,140,0.2
2004,12,5,14,322,498,132,-3,-8,65,759,4.1,190,0.2
2004,12,5,15,130,86,108,-4,-10,59,759,3.6,220,0.2
2004,12,5,16,79,0,79,-4,-11,54,760,2.6,230,0.2
2004,12,5,17,0,0,0,-10,-12,84,756,0,0,0.2
2004,12,5,18,0,0,0,-11,-13,84,756,2.1,360,0.2
2004,12,5,19,0,0,0,-10,-12,84,757,0,0,0.2
2004,12,5,20,0,0,0,-8,-10,84,758,0,0,0.2
2004,12,5,21,0,0,0,-6,-7,92,757,2.6,140,0.2
2004,12,5,22,0,0,0,-6,-7,92,756,2.1,130,0.2
2004,12,5,23,0,0,0,-6,-6,100,756,0,0,0.2
2004,12,6,0,0,0,0,-6,-6,100,755,3.1,150,0.2
2004,12,6,1,0,0,0,-6,-6,100,755,2.6,150,0.2
2004,12,6,2,0,0,0,-6,-6,100,755,0,0,0.2
2004,12,6,3,0,0,0,-5,-6,92,756,1.5,130,0.2
2004,12,6,4,0,0,0,-6,-6,100,755,1.5,140,0.2
2004,12,6,5,0,0,0,-6,-7,92,756,1.5,330,0.2
2004,12,6,6,0,0,0,-5,-6,92,758,0,0,0.2
2004,12,6,7,0,0,0,-6,-6,100,758,1.5,180,0.2
2004,12,6,8,128,592,33,-5,-6,92,758,2.1,150,0.2
2004,12,6,9,266,681,59,-4,-5,92,759,2.1,120,0.2
2004,12,6,10,330,472,135,-4,-6,84,759,3.6,140,0.2
2004,12,6,11,364,363,190,-4,-6,84,759,3.1,130,0.2
2004,12,6,12,549,858,124,-2,-6,71,760,2.6,170,0.2
2004,12,6,13,526,1034,48,-1,-8,55,761,2.1,300,0.2
2004,12,6,14,427,1015,40,-1,-8,55,762,5.1,300,0.2
2004,12,6,15,289,983,34,-2,-9,55,762,5.1,320,0.2
2004,12,6,16,551,1400,403,-4,-11,54,761,3.1,310,0.2
2004,12,6,17,0,0,0,-10,-14,70,759,2.6,280,0.2
2004,12,6,18,0,0,0,-11,-14,76,759,2.1,240,0.2
2004,12,6,19,0,0,0,-13,-16,76,758,2.6,200,0.2
2004,12,6,20,0,0,0,-14,-16,83,758,2.1,270,0.2
2004,12,6,21,0,0,0,-13,-14,91,758,2.1,210,0.2
2004,12,6,22,0,0,0,-12,-13,91,760,0,0,0.2
2004,12,6,23,0,0,0,-12,-14,83,760,1.5,260,0.2
2004,12,7,0,0,0,0,-11,-13,84,760,0,0,0.2
2004,12,7,1,0,0,0,-11,-12,91,759,0,0,0.2
2004,12,7,2,0,0,0,-10,-12,84,760,1.5,250,0.2
2004,12,7,3,0,0,0,-8,-10,84,761,2.1,150,0.2
2004,12,7,4,0,0,0,-6,-7,92,763,3.6,130,0.2
2004,12,7,5,0,0,0,-6,-7,92,764,4.1,130,0.2
2004,12,7,6,0,0,0,-6,-7,92,764,5.1,150,0.2
2004,12,7,7,0,0,0,-6,-6,100,765,5.1,130,0.2
2004,12,7,8,98,396,35,-5,-6,92,766,5.1,130,0.2
2004,12,7,9,177,201,116,-4,-5,92,767,5.1,130,0.2
2004,12,7,10,272,233,176,-4,-4,100,766,5.7,130,0.2
2004,12,7,11,427,606,138,-4,-4,100,765,5.1,140,0.2
2004,12,7,12,197,18,188,-3,-4,92,765,5.1,140,0.2
2004,12,7,13,279,166,203,-3,-4,92,764,4.6,130,0.2
2004,12,7,14,344,715,72,-3,-4,92,764,5.1,130,0.2
2004,12,7,15,249,841,32,-3,-4,92,763,4.6,130,0.2
2004,12,7,16,235,1304,99,-3,-4,92,763,5.1,130,0.2
2004,12,7,17,0,0,0,-3,-4,92,763,5.1,140,0.2
2004,12,7,18,0,0,0,-3,-4,92,763,4.1,140,0.2
2004,12,7,19,0,0,0,-3,-4,92,763,4.6,140,0.2
2004,12,7,20,0,0,0,-4,-4,100,763,4.1,140,0.2
2004,12,7,21,0,0,0,-4,-4,100,762,4.6,150,0.2
2004,12,7,22,0,0,0,-4,-4,100,763,3.1,150,0.2
2004,12,7,23,0,0,0,-4,-5,92,763,2.6,150,0.2
2004,12,8,0,0,0,0,-7,-7,100,761,0,0,0.2
2004,12,8,1,0,0,0,-4,-6,84,763,0,0,0.2
2004,12,8,2,0,0,0,-5,-6,92,762,2.1,150,0.2
2004,12,8,3,0,0,0,-5,-6,92,762,3.6,140,0.2
2004,12,8,4,0,0,0,-4,-5,92,763,2.1,20,0.2
2004,12,8,5,0,0,0,-8,-8,100,761,1.5,270,0.2
2004,12,8,6,0,0,0,-12,-13,91,759,2.1,260,0.2
2004,12,8,7,0,0,0,-14,-16,83,758,2.6,250,0.2
2004,12,8,8,19,0,19,-13,-14,91,759,0,0,0.2
2004,12,8,9,56,0,56,-8,-8,100,762,0,0,0.2
2004,12,8,10,112,0,112,-4,-4,100,765,0,0,0.2
2004,12,8,11,202,36,185,-3,-3,100,766,0,0,0.2
2004,12,8,12,86,0,86,-3,-3,100,765,0,0,0.2
2004,12,8,13,80,0,80,-2,-3,92,766,0,0,0.2
2004,12,8,14,240,217,157,-2,-3,92,766,1.5,150,0.2
2004,12,8,15,219,492,92,-2,-3,92,766,0,0,0.2
2004,12,8,16,155,0,155,-2,-3,92,766,0,0,0.2
2004,12,8,17,0,0,0,-3,-3,100,767,0,0,0.2
2004,12,8,18,0,0,0,-4,-4,100,768,0,0,0.2
2004,12,8,19,0,0,0,-6,-7,92,767,0,0,0.2
2004,12,8,20,0,0,0,-5,-6,92,768,0,0,0.2
2004,12,8,21,0,0,0,-6,-7,92,767,0,0,0.2
2004,12,8,22,0,0,0,-7,-8,92,765,0,0,0.2
2004,12,8,23,0,0,0,-11,-13,84,763,0,0,0.2
2004,12,9,0,0,0,0,-4,-6,84,767,1.5,320,0.2
2004,12,9,1,0,0,0,-2,-4,85,768,2.1,340,0.2
2004,12,9,2,0,0,0,-2,-4,85,769,3.1,360,0.2
2004,12,9,3,0,0,0,-2,-5,78,769,2.6,310,0.2
2004,12,9,4,0,0,0,-3,-5,84,769,3.1,330,0.2
2004,12,9,5,0,0,0,-2,-5,78,770,3.1,10,0.2
2004,12,9,6,0,0,0,-2,-4,85,771,3.6,330,0.2
2004,12,9,7,0,0,0,-2,-4,85,772,5.7,300,0.2
2004,12,9,8,93,499,17,-1,-3,85,772,8.2,300,0.2
2004,12,9,9,246,596,68,1,-2,79,775,8.7,280,0.2
2004,12,9,10,303,349,161,2,-2,73,776,8.2,280,0.2
2004,12,9,11,513,850,111,3,-2,68,778,6.2,280,0.2
2004,12,9,12,555,1032,48,5,-3,55,777,7.2,300,0.2
2004,12,9,13,492,1008,31,6,-3,51,777,7.2,300,0.2
2004,12,9,14,427,1015,41,6,-3,51,777,8.7,310,0.2
2004,12,9,15,269,983,15,6,-3,51,777,7.7,310,0.2
2004,12,9,16,230,0,230,4,-3,59,777,4.6,310,0.2
2004,12,9,17,0,0,0,3,-3,63,776,5.7,300,0.2
2004,12,9,18,0,0,0,2,-2,73,777,4.1,350,0.2
2004,12,9,19,0,0,0,2,-2,73,777,6.2,290,0.2
2004,12,9,20,0,0,0,-2,-4,85,775,2.6,240,0.2
2004,12,9,21,0,0,0,-2,-4,85,775,4.1,310,0.2
2004,12,9,22,0,0,0,-5,-7,84,774,2.6,270,0.2
2004,12,9,23,0,0,0,-6,-7,92,773,3.1,240,0.2
2004,12,10,0,0,0,0,-5,-7,84,774,3.6,250,0.2
2004,12,10,1,0,0,0,-7,-8,92,772,3.6,250,0.2
2004,12,10,2,0,0,0,-7.5,-8.4,92,773,2.9,250,0.2
2004,12,10,3,0,0,0,-7.7,-8.7,92,772,2.2,250,0.2
2004,12,10,4,0,0,0,-8,-9,92,772,1.5,250,0.2
2004,12,10,5,0,0,0,-8,-9,92,773,4.1,270,0.2
2004,12,10,6,0,0,0,-7,-8,92,773,2.6,270,0.2
2004,12,10,7,0,0,0,-7,-8,92,774,4.6,280,0.2
2004,12,10,8,114,697,9,-6,-8,84,775,3.1,270,0.2
2004,12,10,9,291,901,25,-2,-5,78,778,1.5,260,0.2
2004,12,10,10,440,983,42,2,-3,67,781,0,0,0.2
2004,12,10,11,501,998,31,4,-2,64,781,0,0,0.2
2004,12,10,12,542,1032,37,8,-3,44,783,0,0,0.2
2004,12,10,13,518,1028,48,8,-2,48,783,1.5,60,0.2
2004,12,10,14,426,1015,42,9,-2,45,783,0,0,0.2
2004,12,10,15,279,983,25,8,-1,52,782,3.1,130,0.2
2004,12,10,16,75,0,75,5,-1,64,781,4.1,130,0.2
2004,12,10,17,0,0,0,-1,-2,92,778,2.6,160,0.2
2004,12,10,18,0,0,0,-3,-5,84,777,1.5,260,0.2
2004,12,10,19,0,0,0,-6,-7,92,775,2.6,230,0.2
2004,12,10,20,0,0,0,-7,-8,92,774,2.6,240,0.2
2004,12,10,21,0,0,0,-8,-9,92,772,2.6,260,0.2
2004,12,10,22,0,0,0,-5,-7,84,773,2.1,230,0.2
2004,12,10,23,0,0,0,-4,-7,77,773,3.1,270,0.2
2004,12,11,0,0,0,0,-7,-9,84,770,1.5,270,0.2
2004,12,11,1,0,0,0,-7,-9,84,770,3.6,260,0.2
2004,12,11,2,0,0,0,-6,-8,84,770,4.6,270,0.2
2004,12,11,3,0,0,0,-7,-9,84,769,3.1,260,0.2
2004,12,11,4,0,0,0,-9,-11,84,768,2.6,250,0.2
2004,12,11,5,0,0,0,-11,-12,91,768,2.1,250,0.2
2004,12,11,6,0,0,0,-12,-14,83,769,2.6,240,0.2
2004,12,11,7,0,0,0,-8,-10,84,771,4.6,260,0.2
2004,12,11,8,100,414,39,-5,-9,71,774,3.1,260,0.2
2004,12,11,9,111,28,103,-1,-7,60,776,2.1,260,0.2
2004,12,11,10,207,99,167,2,-4,62,777,1.5,240,0.2
2004,12,11,11,529,778,163,4,-3,59,777,1.5,220,0.2
2004,12,11,12,419,489,180,7,-1,56,778,3.1,150,0.2
2004,12,11,13,472,831,92,8,-1,52,778,1.5,140,0.2
2004,12,11,14,404,983,32,8,-1,52,778,2.1,220,0.2
2004,12,11,15,278,982,25,7,-2,52,777,3.1,170,0.2
2004,12,11,16,294,1045,184,4,-1,69,776,5.1,150,0.2
2004,12,11,17,0,0,0,-1,-3,85,774,2.6,250,0.2
2004,12,11,18,0,0,0,-3,-6,77,774,2.1,230,0.2
2004,12,11,19,0,0,0,-4,-6,84,773,0,0,0.2
2004,12,11,20,0,0,0,-3,-7,71,773,4.1,270,0.2
2004,12,11,21,0,0,0,-3,-7,71,772,5.1,260,0.2
2004,12,11,22,0,0,0,-2,-7,65,772,5.1,270,0.2
2004,12,11,23,0,0,0,-5,-8,77,769,2.6,240,0.2
2004,12,12,0,0,0,0,-4,-8,71,769,4.6,270,0.2
2004,12,12,1,0,0,0,-4,-9,65,768,4.6,270,0.2
2004,12,12,2,0,0,0,-5,-9,71,768,4.6,280,0.2
2004,12,12,3,0,0,0,-5,-9,71,768,5.1,270,0.2
2004,12,12,4,0,0,0,-5,-9,71,768,5.1,270,0.2
2004,12,12,5,0,0,0,-5,-9,71,770,4.6,280,0.2
2004,12,12,6,0,0,0,-6,-10,70,770,4.1,280,0.2
2004,12,12,7,0,0,0,-7,-10,77,770,4.6,270,0.2
2004,12,12,8,102,635,10,-4,-9,65,772,3.1,260,0.2
2004,12,12,9,290,750,71,1,-7,51,775,2.1,260,0.2
2004,12,12,10,302,366,155,5,-4,50,776,1.5,230,0.2
2004,12,12,11,494,766,135,7,-3,48,777,0,0,0.2
2004,12,12,12,455,712,108,8,-3,44,777,0,0,0.2
2004,12,12,13,525,923,103,9,-4,38,778,1.5,140,0.2
2004,12,12,14,426,1014,42,8,-3,44,777,2.6,150,0.2
2004,12,12,15,288,982,34,8,-2,48,777,1.5,150,0.2
2004,12,12,16,72,0,72,4,-2,64,775,3.1,160,0.2
2004,12,12,17,0,0,0,-1,-4,78,773,1.5,210,0.2
2004,12,12,18,0,0,0,-3,-5,84,772,1.5,230,0.2
2004,12,12,19,0,0,0,-5,-7,84,771,2.6,230,0.2
2004,12,12,20,0,0,0,-6,-8,84,770,2.6,240,0.2
2004,12,12,21,0,0,0,-6,-8,84,769,2.6,230,0.2
2004,12,12,22,0,0,0,-7,-10,77,768,2.1,230,0.2
2004,12,12,23,0,0,0,-7,-10,77,767,2.1,250,0.2
2004,12,13,0,0,0,0,-9,-11,84,766,2.6,220,0.2
2004,12,13,1,0,0,0,-8,-11,77,766,1.5,270,0.2
2004,12,13,2,0,0,0,-7,-9,84,767,3.1,250,0.2
2004,12,13,3,0,0,0,-8,-10,84,766,2.1,280,0.2
2004,12,13,4,0,0,0,-10,-12,84,766,0,0,0.2
2004,12,13,5,0,0,0,-9,-11,84,769,2.6,260,0.2
2004,12,13,6,0,0,0,-9,-11,84,770,2.6,270,0.2
2004,12,13,7,0,0,0,-9,-11,84,770,2.1,250,0.2
2004,12,13,8,101,664,6,-6,-8,84,773,2.6,250,0.2
2004,12,13,9,289,866,39,-3,-7,71,775,0,0,0.2
2004,12,13,10,402,924,32,4,-1,69,779,2.6,140,0.2
2004,12,13,11,529,968,76,4,-1,69,779,3.1,140,0.2
2004,12,13,12,517,972,44,5,-1,64,779,4.6,150,0.2
2004,12,13,13,504,1027,36,5,-1,64,779,4.1,160,0.2
2004,12,13,14,411,1008,29,6,0,65,780,3.6,150,0.2
2004,12,13,15,287,981,33,5,1,75,779,3.6,150,0.2
2004,12,13,16,139,0,139,3,0,81,779,3.1,160,0.2
2004,12,13,17,0,0,0,-1,-2,92,777,1.5,210,0.2
2004,12,13,18,0,0,0,-3,-4,92,777,2.1,230,0.2
2004,12,13,19,0,0,0,-4,-6,84,777,2.6,250,0.2
2004,12,13,20,0,0,0,-4,-6,84,776,2.6,270,0.2
2004,12,13,21,0,0,0,-7,-8,92,774,1.5,270,0.2
2004,12,13,22,0,0,0,-7,-8,92,772,2.6,260,0.2
2004,12,13,23,0,0,0,-6,-7,92,773,3.6,270,0.2
2004,12,14,0,0,0,0,-6,-7,92,773,4.1,270,0.2
2004,12,14,1,0,0,0,-8,-9,92,772,0,0,0.2
2004,12,14,2,0,0,0,-8,-10,84,772,2.1,240,0.2
2004,12,14,3,0,0,0,-7,-9,84,772,3.1,260,0.2
2004,12,14,4,0,0,0,-7,-9,84,773,1.5,250,0.2
2004,12,14,5,0,0,0,-10,-12,84,772,1.5,230,0.2
2004,12,14,6,0,0,0,-11,-13,84,772,1.5,230,0.2
2004,12,14,7,0,0,0,-12,-13,91,772,2.1,240,0.2
2004,12,14,8,94,432,33,-7,-9,84,775,1.5,220,0.2
2004,12,14,9,183,310,94,-4,-6,84,778,1.5,290,0.2
2004,12,14,10,333,581,101,0,-4,72,780,0,0,0.2
2004,12,14,11,528,849,132,4,-2,64,781,3.1,150,0.2
2004,12,14,12,498,893,64,4,-2,64,779,4.1,150,0.2
2004,12,14,13,478,972,35,5,-2,59,780,2.6,160,0.2
2004,12,14,14,418,1014,34,6,-2,55,780,3.6,150,0.2
2004,12,14,15,286,980,33,5,-2,59,779,4.1,150,0.2
2004,12,14,16,335,1016,227,1,-3,72,777,3.6,160,0.2
2004,12,14,17,0,0,0,-2,-3,92,776,0,0,0.2
2004,12,14,18,0,0,0,-5,-6,92,774,2.1,230,0.2
2004,12,14,19,0,0,0,-6,-7,92,774,2.6,250,0.2
2004,12,14,20,0,0,0,-4,-6,84,774,1.5,250,0.2
2004,12,14,21,0,0,0,-7,-9,84,771,2.6,250,0.2
2004,12,14,22,0,0,0,-7,-8,92,770,2.6,250,0.2
2004,12,14,23,0,0,0,-7,-9,84,769,5.7,270,0.2
2004,12,15,0,0,0,0,-7,-9,84,768,5.1,270,0.2
2004,12,15,1,0,0,0,-8,-10,84,767,4.6,270,0.2
2004,12,15,2,0,0,0,-8,-10,84,767,5.7,270,0.2
2004,12,15,3,0,0,0,-2,-6,71,770,5.1,330,0.2
2004,12,15,4,0,0,0,-2,-6,71,771,5.7,310,0.2
2004,12,15,5,0,0,0,-3,-6,77,772,5.1,300,0.2
2004,12,15,6,0,0,0,-4,-6,84,772,5.1,310,0.2
2004,12,15,7,0,0,0,-3,-6,77,773,5.1,320,0.2
2004,12,15,8,106,674,12,-1,-5,71,775,5.1,350,0.2
2004,12,15,9,274,803,45,1,-4,67,777,6.7,10,0.2
2004,12,15,10,343,639,89,2,-5,57,777,4.6,340,0.2
2004,12,15,11,482,896,65,2,-4,62,777,7.7,290,0.2
2004,12,15,12,547,977,73,2,-5,57,776,7.2,300,0.2
2004,12,15,13,517,1033,47,2,-4,62,776,9.3,290,0.2
2004,12,15,14,425,1014,41,3,-5,53,777,5.7,300,0.2
2004,12,15,15,286,979,32,2,-5,57,775,7.2,300,0.2
2004,12,15,16,129,0,129,0,-6,60,774,6.2,300,0.2
2004,12,15,17,0,0,0,-2,-6,71,774,6.2,330,0.2
2004,12,15,18,0,0,0,-3,-7,71,774,6.2,320,0.2
2004,12,15,19,0,0,0,-3,-7,71,775,3.6,340,0.2
2004,12,15,20,0,0,0,-5,-7,84,773,4.6,270,0.2
2004,12,15,21,0,0,0,-6,-8,84,773,0,0,0.2
2004,12,15,22,0,0,0,-6,-8,84,773,2.6,320,0.2
2004,12,15,23,0,0,0,-6,-7,92,773,6.2,330,0.2
2004,12,16,0,0,0,0,-7,-8,92,772,0,0,0.2
2004,12,16,1,0,0,0,-4,-8,71,775,5.7,320,0.2
2004,12,16,2,0,0,0,-6,-8,84,774,5.7,340,0.2
2004,12,16,3,0,0,0,-6,-8,84,773,5.7,320,0.2
2004,12,16,4,0,0,0,-7,-8,92,773,4.1,320,0.2
2004,12,16,5,0,0,0,-7,-9,84,774,1.5,320,0.2
2004,12,16,6,0,0,0,-8,-9,92,775,2.1,310,0.2
2004,12,16,7,0,0,0,-11,-13,84,773,2.1,310,0.2
2004,12,16,8,90,620,4,-11,-13,84,774,2.1,210,0.2
2004,12,16,9,260,858,16,-4,-7,77,779,3.6,30,0.2
2004,12,16,10,417,871,72,-1,-7,60,781,5.1,40,0.2
2004,12,16,11,447,754,97,0,-8,51,781,7.7,40,0.2
2004,12,16,12,553,917,109,2,-8,44,782,6.2,40,0.2
2004,12,16,13,510,1027,43,2,-8,44,781,5.7,50,0.2
2004,12,16,14,424,1013,41,3,-9,37,783,4.1,30,0.2
2004,12,16,15,275,985,19,2,-9,40,782,3.1,60,0.2
2004,12,16,16,62,0,62,1,-9,43,782,2.6,60,0.2
2004,12,16,17,0,0,0,-3,-10,55,780,1.5,80,0.2
2004,12,16,18,0,0,0,-8,-12,70,778,4.1,270,0.2
2004,12,16,19,0,0,0,-9,-13,70,778,3.6,270,0.2
2004,12,16,20,0,0,0,-8,-12,70,779,2.1,340,0.2
2004,12,16,21,0,0,0,-11,-13,84,776,2.6,270,0.2
2004,12,16,22,0,0,0,-11,-14,76,775,4.1,290,0.2
2004,12,16,23,0,0,0,-12,-14,83,774,4.1,280,0.2
2004,12,17,0,0,0,0,-12,-14,83,773,3.1,240,0.2
2004,12,17,1,0,0,0,-13,-16,76,772,4.6,280,0.2
2004,12,17,2,0,0,0,-13,-15,83,772,4.6,270,0.2
2004,12,17,3,0,0,0,-13,-15,83,771,4.6,270,0.2
2004,12,17,4,0,0,0,-13,-15,83,772,2.1,270,0.2
2004,12,17,5,0,0,0,-14,-16,83,772,3.6,270,0.2
2004,12,17,6,0,0,0,-14,-16,83,773,4.1,280,0.2
2004,12,17,7,0,0,0,-14,-16,83,774,2.1,270,0.2
2004,12,17,8,95,534,22,-10,-13,76,775,3.1,290,0.2
2004,12,17,9,223,586,57,-6,-11,64,779,2.1,20,0.2
2004,12,17,10,395,865,54,-1,-8,55,782,1.5,360,0.2
2004,12,17,11,521,1015,51,2,-11,34,782,1.5,320,0.2
2004,12,17,12,552,863,135,3,-12,29,782,2.1,280,0.2
2004,12,17,13,397,584,131,4,-12,27,782,3.6,300,0.2
2004,12,17,14,327,688,67,4,-11,29,781,4.1,290,0.2
2004,12,17,15,264,757,67,4,-9,35,782,2.6,50,0.2
2004,12,17,16,60,0,60,1,-8,47,781,2.6,10,0.2
2004,12,17,17,0,0,0,1,-11,36,781,2.6,340,0.2
2004,12,17,18,0,0,0,-2,-12,42,780,2.6,320,0.2
2004,12,17,19,0,0,0,-4,-11,54,779,3.6,280,0.2
2004,12,17,20,0,0,0,-4,-11,54,777,2.6,270,0.2
2004,12,17,21,0,0,0,-4,-12,50,776,3.1,280,0.2
2004,12,17,22,0,0,0,-7,-12,64,773,1.5,290,0.2
2004,12,17,23,0,0,0,-8,-12,70,772,5.1,260,0.2
2004,12,18,0,0,0,0,-6,-12,59,772,4.1,230,0.2
2004,12,18,1,0,0,0,-7,-13,59,772,2.1,270,0.2
2004,12,18,2,0,0,0,-10,-13,76,771,3.6,300,0.2
2004,12,18,3,0,0,0,-6,-13,54,772,5.7,330,0.2
2004,12,18,4,0,0,0,-6,-12,59,773,4.1,300,0.2
2004,12,18,5,0,0,0,-7,-12,64,773,3.6,300,0.2
2004,12,18,6,0,0,0,-4,-12,50,776,4.6,350,0.2
2004,12,18,7,0,0,0,-9,-12,77,774,3.6,340,0.2
2004,12,18,8,71,277,33,-3,-11,50,778,3.6,350,0.2
2004,12,18,9,272,740,64,-1,-9,50,779,2.1,360,0.2
2004,12,18,10,405,969,24,2,-8,44,781,2.1,10,0.2
2004,12,18,11,487,997,26,4,-8,38,782,2.6,20,0.2
2004,12,18,12,527,1025,32,6,-7,36,782,3.6,360,0.2
2004,12,18,13,509,1027,42,7,-7,34,782,2.1,360,0.2
2004,12,18,14,431,1013,47,7,-6,37,783,1.5,30,0.2
2004,12,18,15,283,983,26,7,-7,34,782,1.5,60,0.2
2004,12,18,16,114,0,114,2,-6,52,780,1.5,230,0.2
2004,12,18,17,0,0,0,-2,-7,65,779,2.1,220,0.2
2004,12,18,18,0,0,0,-6,-8,84,776,0,0,0.2
2004,12,18,19,0,0,0,-7,-9,84,777,2.6,260,0.2
2004,12,18,20,0,0,0,-6,-9,77,777,3.6,280,0.2
2004,12,18,21,0,0,0,-7,-10,77,776,4.1,270,0.2
2004,12,18,22,0,0,0,-7,-10,77,775,0,0,0.2
2004,12,18,23,0,0,0,-9,-12,77,773,3.6,270,0.2
2004,12,19,0,0,0,0,-9,-12,77,773,3.6,280,0.2
2004,12,19,1,0,0,0,-10,-12,84,771,4.1,280,0.2
2004,12,19,2,0,0,0,-10,-13,76,771,4.1,280,0.2
2004,12,19,3,0,0,0,-11,-13,84,770,4.1,270,0.2
2004,12,19,4,0,0,0,-11,-13,84,771,2.1,270,0.2
2004,12,19,5,0,0,0,-11,-13,84,772,3.6,270,0.2
2004,12,19,6,0,0,0,-12,-14,83,772,3.6,270,0.2
2004,12,19,7,0,0,0,-11,-14,76,773,4.6,270,0.2
2004,12,19,8,73,313,31,-8,-13,64,774,2.6,260,0.2
2004,12,19,9,267,740,60,-3,-11,50,778,2.1,270,0.2
2004,12,19,10,400,963,22,1,-9,43,780,0,0,0.2
2004,12,19,11,509,1014,41,4,-7,42,781,1.5,170,0.2
2004,12,19,12,533,1031,35,8,-8,29,782,3.6,140,0.2
2004,12,19,13,503,1027,35,7,-8,31,780,3.6,150,0.2
2004,12,19,14,430,1012,46,7,-7,34,780,3.6,150,0.2
2004,12,19,15,292,981,34,6,-6,39,779,4.1,150,0.2
2004,12,19,16,54,0,54,3,-6,49,777,0,0,0.2
2004,12,19,17,0,0,0,-4,-7,77,773,2.1,210,0.2
2004,12,19,18,0,0,0,-6,-8,84,772,2.1,250,0.2
2004,12,19,19,0,0,0,-7,-9,84,771,2.1,240,0.2
2004,12,19,20,0,0,0,-8,-11,77,770,2.1,220,0.2
2004,12,19,21,0,0,0,-9,-12,77,768,2.6,230,0.2
2004,12,19,22,0,0,0,-9,-13,70,766,0,0,0.2
2004,12,19,23,0,0,0,-8,-12,70,766,1.5,310,0.2
2004,12,20,0,0,0,0,-6.9,-12.4,61,765,2.8,290,0.2
2004,12,20,1,0,0,0,-6,-13,54,764,4.1,270,0.2
2004,12,20,2,0,0,0,-7,-13,59,763,5.1,280,0.2
2004,12,20,3,0,0,0,-6,-13,54,764,5.1,280,0.2
2004,12,20,4,0,0,0,-7,-13,59,763,5.1,260,0.2
2004,12,20,5,0,0,0,-8,-13,64,764,4.6,270,0.2
2004,12,20,6,0,0,0,-8,-13,64,765,2.6,270,0.2
2004,12,20,7,0,0,0,-7,-12,64,765,6.7,270,0.2
2004,12,20,8,49,92,37,-3,-11,50,767,5.1,270,0.2
2004,12,20,9,249,634,72,2,-9,40,770,3.6,270,0.2
2004,12,20,10,410,928,47,4,-7,42,771,4.6,270,0.2
2004,12,20,11,515,902,99,7,-7,34,772,2.6,270,0.2
2004,12,20,12,472,760,105,6,-5,43,770,4.1,250,0.2
2004,12,20,13,522,922,102,8,-9,26,770,6.2,310,0.2
2004,12,20,14,430,1012,45,8,-10,24,770,6.2,320,0.2
2004,12,20,15,291,980,33,7,-9,28,769,4.1,320,0.2
2004,12,20,16,156,0,156,4,-8,38,768,3.1,340,0.2
2004,12,20,17,0,0,0,3,-8,41,767,2.6,330,0.2
2004,12,20,18,0,0,0,1,-7,51,766,2.1,320,0.2
2004,12,20,19,0,0,0,-2,-7,65,764,0,0,0.2
2004,12,20,20,0,0,0,-3,-7,71,763,2.1,270,0.2
2004,12,20,21,0,0,0,-3,-7,71,761,3.1,350,0.2
2004,12,20,22,0,0,0,-6,-9,77,759,2.1,240,0.2
2004,12,20,23,0,0,0,-4,-8,71,760,1.5,270,0.2
2004,12,21,0,0,0,0,-3,-8,65,760,3.1,40,0.2
2004,12,21,1,0,0,0,-3,-7,71,760,2.1,340,0.2
2004,12,21,2,0,0,0,-3,-8,65,760,3.6,320,0.2
2004,12,21,3,0,0,0,-5,-8,77,759,2.1,270,0.2
2004,12,21,4,0,0,0,-4,-8,71,760,0,0,0.2
2004,12,21,5,0,0,0,-6,-9,77,759,0,0,0.2
2004,12,21,6,0,0,0,-6,-9,77,761,3.1,280,0.2
2004,12,21,7,0,0,0,-6,-8,84,761,5.1,300,0.2
2004,12,21,8,20,0,20,-6,-8,84,761,6.2,300,0.2
2004,12,21,9,235,584,72,-4.2,-8.6,68,763,6,310,0.2
2004,12,21,10,378,777,74,-3,-10,55,764,5.7,310,0.2
2004,12,21,11,354,356,190,-2,-11,46,763,4.6,290,0.2
2004,12,21,12,551,862,135,-1,-10,46,763,4.6,300,0.2
2004,12,21,13,522,1032,51,0,-12,36,763,5.7,290,0.2
2004,12,21,14,429,1011,44,0,-12,36,763,6.7,290,0.2
2004,12,21,15,280,985,19,-1,-13,35,762,8.2,310,0.2
2004,12,21,16,149,0,149,-2,-13,38,761,6.7,300,0.2
2004,12,21,17,0,0,0,-4,-14,41,761,4.6,300,0.2
2004,12,21,18,0,0,0,-7,-14,54,760,3.6,310,0.2
2004,12,21,19,0,0,0,-6,-17,37,760,4.6,320,0.2
2004,12,21,20,0,0,0,-7,-16,45,761,7.2,310,0.2
2004,12,21,21,0,0,0,-7,-13,59,761,5.7,310,0.2
2004,12,21,22,0,0,0,-8,-12,70,760,7.7,300,0.2
2004,12,21,23,0,0,0,-9,-11,84,759,5.7,330,0.2
2004,12,22,0,0,0,0,-9,-12,77,759,6.7,320,0.2
2004,12,22,1,0,0,0,-9.6,-12.6,76,759,1.5,340,0.2
2004,12,22,2,0,0,0,-10,-13,76,759,4.6,320,0.2
2004,12,22,3,0,0,0,-10,-14,70,759,4.1,350,0.2
2004,12,22,4,0,0,0,-10,-13,76,760,7.7,320,0.2
2004,12,22,5,0,0,0,-11,-13,84,761,2.6,360,0.2
2004,12,22,6,0,0,0,-12,-14,83,761,2.6,10,0.2
2004,12,22,7,0,0,0,-11,-14,76,762,4.1,340,0.2
2004,12,22,8,57,169,35,-10,-13,76,763,5.7,10,0.2
2004,12,22,9,270,656,89,-9,-13,70,764,7.2,40,0.2
2004,12,22,10,414,973,35,-8,-14,58,766,3.1,20,0.2
2004,12,22,11,520,1014,53,-7,-13,59,765,2.6,320,0.2
2004,12,22,12,520,1019,28,-7,-13,59,765,5.7,260,0.2
2004,12,22,13,521,1032,50,-5,-14,45,766,7.2,340,0.2
2004,12,22,14,421,1011,35,-6,-13,54,765,5.7,300,0.2
2004,12,22,15,279,984,18,-6,-13,54,765,7.7,310,0.2
2004,12,22,16,94,0,94,-8,-14,58,764,8.7,300,0.2
2004,12,22,17,0,0,0,-9,-14,64,764,6.7,310,0.2
2004,12,22,18,0,0,0,-11,-15,70,763,2.6,320,0.2
2004,12,22,19,0,0,0,-11,-16,63,763,4.1,330,0.2
2004,12,22,20,0,0,0,-13,-16,76,761,3.1,320,0.2
2004,12,22,21,0,0,0,-12,-17,63,761,4.1,340,0.2
2004,12,22,22,0,0,0,-13,-16,76,761,4.1,310,0.2
2004,12,22,23,0,0,0,-14,-17,76,760,3.6,290,0.2
2004,12,23,0,0,0,0,-15,-17,83,759,3.1,250,0.2
2004,12,23,1,0,0,0,-16,-18,83,757,4.1,240,0.2
2004,12,23,2,0,0,0,-14,-17,76,759,3.6,260,0.2
2004,12,23,3,0,0,0,-11,-15,70,761,5.1,310,0.2
2004,12,23,4,0,0,0,-12,-14,83,760,3.1,330,0.2
2004,12,23,5,0,0,0,-11,-14,76,761,4.6,310,0.2
2004,12,23,6,0,0,0,-11,-14,76,762,5.7,300,0.2
2004,12,23,7,0,0,0,-11,-13,84,763,3.1,360,0.2
2004,12,23,8,17,0,17,-10,-14,70,764,7.7,30,0.2
2004,12,23,9,162,220,101,-9,-13,70,765,6.2,50,0.2
2004,12,23,10,377,701,104,-9,-14,64,766,7.7,50,0.2
2004,12,23,11,497,960,55,-8,-17,44,767,8.2,30,0.2
2004,12,23,12,538,1031,40,-7,-18,37,767,7.2,10,0.2
2004,12,23,13,521,1032,49,-8,-18,40,767,7.2,20,0.2
2004,12,23,14,406,1004,21,-8,-18,40,766,10.3,30,0.2
2004,12,23,15,278,982,16,-9,-18,44,765,6.7,30,0.2
2004,12,23,16,180,743,93,-10,-18,48,765,6.2,20,0.2
2004,12,23,17,0,0,0,-12,-19,52,764,3.6,340,0.2
2004,12,23,18,0,0,0,-12,-20,48,765,4.6,10,0.2
2004,12,23,19,0,0,0,-13,-19,57,765,5.1,330,0.2
2004,12,23,20,0,0,0,-13,-19,57,765,3.6,340,0.2
2004,12,23,21,0,0,0,-15,-20,62,764,3.1,330,0.2
2004,12,23,22,0,0,0,-15,-20,62,764,3.6,340,0.2
2004,12,23,23,0,0,0,-15,-19,69,764,6.2,300,0.2
2004,12,24,0,0,0,0,-15,-20,62,763,5.7,310,0.2
2004,12,24,1,0,0,0,-14,-22,47,764,5.1,330,0.2
2004,12,24,2,0,0,0,-14,-23,43,765,6.2,320,0.2
2004,12,24,3,0,0,0,-13,-24,35,765,7.2,310,0.2
2004,12,24,4,0,0,0,-13,-23,39,766,6.2,320,0.2
2004,12,24,5,0,0,0,-13,-23,39,766,6.7,320,0.2
2004,12,24,6,0,0,0,-13,-22,43,767,6.2,330,0.2
2004,12,24,7,0,0,0,-12,-20,48,768,6.7,330,0.2
2004,12,24,8,90,644,8,-10,-19,44,770,5.7,320,0.2
2004,12,24,9,270,881,27,-7,-16,45,772,7.2,360,0.2
2004,12,24,10,419,973,40,-5,-16,38,773,4.6,290,0.2
2004,12,24,11,519,1014,53,-3,-13,42,774,5.1,270,0.2
2004,12,24,12,556,862,139,-2,-11,46,774,5.7,10,0.2
2004,12,24,13,402,590,132,-1,-12,39,774,6.7,320,0.2
2004,12,24,14,391,800,83,-1,-11,42,774,8.7,300,0.2
2004,12,24,15,296,910,51,-1,-11,42,773,6.7,320,0.2
2004,12,24,16,43,0,43,-2,-11,46,774,6.2,320,0.2
2004,12,24,17,0,0,0,-4,-12,50,773,6.2,310,0.2
2004,12,24,18,0,0,0,-6,-12,59,772,6.2,290,0.2
2004,12,24,19,0,0,0,-7,-12,64,771,3.6,290,0.2
2004,12,24,20,0,0,0,-8,-12,70,770,3.6,360,0.2
2004,12,24,21,0,0,0,-9,-12,77,769,3.1,310,0.2
2004,12,24,22,0,0,0,-9,-13,70,768,3.6,340,0.2
2004,12,24,23,0,0,0,-10,-13,76,767,3.6,350,0.2
2004,12,25,0,0,0,0,-11,-14,76,766,3.1,330,0.2
2004,12,25,1,0,0,0,-12,-14,83,765,2.6,360,0.2
2004,12,25,2,0,0,0,-12,-14,83,765,1.5,330,0.2
2004,12,25,3,0,0,0,-12,-15,76,764,0,0,0.2
2004,12,25,4,0,0,0,-10,-14,70,766,4.6,280,0.2
2004,12,25,5,0,0,0,-11,-14,76,765,2.6,310,0.2
2004,12,25,6,0,0,0,-11,-14,76,766,3.6,270,0.2
2004,12,25,7,0,0,0,-11,-14,76,766,3.1,270,0.2
2004,12,25,8,84,634,4,-8,-13,64,768,2.6,260,0.2
2004,12,25,9,269,798,50,-3,-11,50,771,2.1,290,0.2
2004,12,25,10,356,788,50,1,-9,43,773,0,0,0.2
2004,12,25,11,445,895,33,2,-11,34,773,4.1,150,0.2
2004,12,25,12,489,880,63,2,-11,34,773,3.6,170,0.2
2004,12,25,13,507,982,56,3,-11,31,773,4.1,150,0.2
2004,12,25,14,434,1016,42,3,-11,31,773,4.1,150,0.2
2004,12,25,15,294,985,28,3,-11,31,772,5.7,150,0.2
2004,12,25,16,81,0,81,1,-12,33,771,4.1,140,0.2
2004,12,25,17,0,0,0,-3,-12,46,769,1.5,190,0.2
2004,12,25,18,0,0,0,-7,-12,64,767,1.5,210,0.2
2004,12,25,19,0,0,0,-11,-13,84,765,1.5,230,0.2
2004,12,25,20,0,0,0,-12,-14,83,763,2.1,240,0.2
2004,12,25,21,0,0,0,-11,-13,84,763,2.6,270,0.2
2004,12,25,22,0,0,0,-12,-14,83,761,2.6,230,0.2
2004,12,25,23,0,0,0,-12,-14,83,761,2.6,260,0.2
2004,12,26,0,0,0,0,-12,-14,83,760,3.1,250,0.2
2004,12,26,1,0,0,0,-11,-14,76,761,1.5,200,0.2
2004,12,26,2,0,0,0,-11,-13,84,760,2.1,250,0.2
2004,12,26,3,0,0,0,-7,-13,59,763,0,0,0.2
2004,12,26,4,0,0,0,-7,-13,59,763,1.5,290,0.2
2004,12,26,5,0,0,0,-10,-13,76,762,1.5,240,0.2
2004,12,26,6,0,0,0,-11,-13,84,762,2.1,220,0.2
2004,12,26,7,0,0,0,-9,-13,70,765,2.1,270,0.2
2004,12,26,8,61,289,25,-6.3,-12.3,59,767,2.6,220,0.2
2004,12,26,9,224,605,58,-3,-12,46,769,3.1,170,0.2
2004,12,26,10,298,423,134,-1,-12,39,771,3.6,150,0.2
2004,12,26,11,279,154,208,0,-11,39,770,7.2,140,0.2
2004,12,26,12,366,343,200,1,-11,36,770,6.7,150,0.2
2004,12,26,13,467,669,159,2,-11,34,770,6.2,130,0.2
2004,12,26,14,125,0,125,2,-11,34,769,8.7,140,0.2
2004,12,26,15,189,314,104,2,-11,34,769,6.7,140,0.2
2004,12,26,16,155,855,50,0,-9,46,768,5.1,160,0.2
2004,12,26,17,0,0,0,-2,-9,55,768,3.6,160,0.2
2004,12,26,18,0,0,0,-3,-9,60,768,3.6,170,0.2
2004,12,26,19,0,0,0,-2,-9,55,768,4.1,190,0.2
2004,12,26,20,0,0,0,-4,-9,65,767,2.6,190,0.2
2004,12,26,21,0,0,0,-2,-9,55,766,1.5,160,0.2
2004,12,26,22,0,0,0,-1,-11,42,767,3.6,140,0.2
2004,12,26,23,0,0,0,-2,-9,55,765,3.6,260,0.2
2004,12,27,0,0,0,0,-3,-8,65,765,1.5,250,0.2
2004,12,27,1,0,0,0,-4,-9,65,764,2.1,280,0.2
2004,12,27,2,0,0,0,-6,-9,77,762,2.6,270,0.2
2004,12,27,3,0,0,0,-6,-9,77,762,2.6,270,0.2
2004,12,27,4,0,0,0,-6,-9,77,763,2.1,320,0.2
2004,12,27,5,0,0,0,-6,-9,77,764,0,0,0.2
2004,12,27,6,0,0,0,-3,-9,60,766,2.6,170,0.2
2004,12,27,7,0,0,0,-2,-9,55,767,5.1,150,0.2
2004,12,27,8,50,126,34,-2,-9,55,767,3.1,140,0.2
2004,12,27,9,183,440,63,-3,-6,77,766,3.1,140,0.2
2004,12,27,10,293,452,117,-3,-5,84,767,0,0,0.2
2004,12,27,11,370,409,182,-1,-3,85,768,2.6,150,0.2
2004,12,27,12,177,18,168,-2,-3,92,767,3.1,150,0.2
2004,12,27,13,447,687,130,-1,-4,78,768,3.6,150,0.2
2004,12,27,14,440,850,110,-2,-3,92,767,4.1,150,0.2
2004,12,27,15,235,515,94,-2,-3,92,768,2.6,130,0.2
2004,12,27,16,148,210,122,-2,-4,85,768,2.1,160,0.2
2004,12,27,17,0,0,0,-3,-4,92,768,1.5,140,0.2
2004,12,27,18,0,0,0,-3,-4,92,768,1.5,120,0.2
2004,12,27,19,0,0,0,-3,-4,92,767,0,0,0.2
2004,12,27,20,0,0,0,-3,-4,92,768,0,0,0.2
2004,12,27,21,0,0,0,-4,-4,100,767,0,0,0.2
2004,12,27,22,0,0,0,-6,-7,92,767,2.1,250,0.2
2004,12,27,23,0,0,0,-4,-5,92,767,2.1,180,0.2
2004,12,28,0,0,0,0,-3,-6,77,768,3.1,160,0.2
2004,12,28,1,0,0,0,-2,-5,78,768,3.6,150,0.2
2004,12,28,2,0,0,0,-2,-5,78,768,0,0,0.2
2004,12,28,3,0,0,0,-2,-5,78,768,0,0,0.2
2004,12,28,4,0,0,0,-1,-6,66,769,0,0,0.2
2004,12,28,5,0,0,0,-2,-5,78,768,1.5,80,0.2
2004,12,28,6,0,0,0,-3,-5,84,768,0,0,0.2
2004,12,28,7,0,0,0,-3,-5,84,768,0,0,0.2
2004,12,28,8,58,224,30,-2,-4,85,768,0,0,0.2
2004,12,28,9,121,77,100,-1,-4,78,769,2.6,140,0.2
2004,12,28,10,84,0,84,1,-4,67,771,5.7,140,0.2
2004,12,28,11,399,551,144,2,-4,62,770,7.2,150,0.2
2004,12,28,12,470,753,103,2,-4,62,769,8.7,150,0.2
2004,12,28,13,309,221,207,2,-4,62,768,7.7,150,0.2
2004,12,28,14,278,349,142,2,-4,62,768,7.2,140,0.2
2004,12,28,15,290,667,107,1,-4,67,767,7.2,150,0.2
2004,12,28,16,176,715,86,1,-4,67,767,7.7,140,0.2
2004,12,28,17,0,0,0,0,-3,78,766,5.7,160,0.2
2004,12,28,18,0,0,0,-1,-2,92,765,6.2,130,0.2
2004,12,28,19,0,0,0,-1,-2,92,765,5.7,150,0.2
2004,12,28,20,0,0,0,-1,-1,100,764,6.7,150,0.2
2004,12,28,21,0,0,0,-1,-1,100,764,6.7,160,0.2
2004,12,28,22,0,0,0,-1,-1,100,764,5.7,160,0.2
2004,12,28,23,0,0,0,-1,-1,100,763,5.1,150,0.2
2004,12,29,0,0,0,0,0,-1,92,763,5.7,150,0.2
2004,12,29,1,0,0,0,0,-1,92,763,8.2,160,0.2
2004,12,29,2,0,0,0,-0.1,-1.1,92,762,6.8,160,0.2
2004,12,29,3,0,0,0,0,-1,92,761,5.5,150,0.2
2004,12,29,4,0,0,0,0,-1,92,760,4.1,150,0.2
2004,12,29,5,0,0,0,-1,-1,100,759,2.1,140,0.2
2004,12,29,6,0,0,0,-1,-1,100,758,3.1,140,0.2
2004,12,29,7,0,0,0,0,-1,92,758,8.7,150,0.2
2004,12,29,8,14,0,14,-1,-1,100,757,7.2,140,0.2
2004,12,29,9,45,0,45,-1,-2,92,758,9.3,130,0.2
2004,12,29,10,110,0,110,-1,-2,92,757,6.7,160,0.2
2004,12,29,11,250,89,209,0,0,100,757,4.1,170,0.2
2004,12,29,12,213,36,196,1,-1,86,758,6.2,200,0.2
2004,12,29,13,420,460,207,0,-1,92,757,5.1,200,0.2
2004,12,29,14,146,6,144,-1,-3,85,757,7.7,210,0.2
2004,12,29,15,102,0,102,-1,-4,78,757,7.2,210,0.2
2004,12,29,16,34,0,34,-1,-5,71,758,8.2,230,0.2
2004,12,29,17,0,0,0,-2,-4,85,758,8.2,240,0.2
2004,12,29,18,0,0,0,-3,-6,77,757,6.2,200,0.2
2004,12,29,19,0,0,0,-3,-4,92,758,3.6,140,0.2
2004,12,29,20,0,0,0,-4,-5,92,758,3.1,140,0.2
2004,12,29,21,0,0,0,-3,-4,92,759,2.1,120,0.2
2004,12,29,22,0,0,0,-3,-3,100,760,4.1,130,0.2
2004,12,29,23,0,0,0,-3,-4,92,760,0,0,0.2
2004,12,30,0,0,0,0,-3,-6,77,760,4.1,240,0.2
2004,12,30,1,0,0,0,-3,-7,71,760,4.1,240,0.2
2004,12,30,2,0,0,0,-3,-6,77,761,3.6,180,0.2
2004,12,30,3,0,0,0,-4,-6,84,761,2.1,150,0.2
2004,12,30,4,0,0,0,-4,-6,84,761,3.1,150,0.2
2004,12,30,5,0,0,0,-4,-6,84,762,3.1,130,0.2
2004,12,30,6,0,0,0,-3,-7,71,763,1.5,150,0.2
2004,12,30,7,0,0,0,-4,-8,71,763,3.1,190,0.2
2004,12,30,8,22,0,22,-6,-9,77,763,3.6,200,0.2
2004,12,30,9,85,0,85,-5,-9,71,764,4.6,200,0.2
2004,12,30,10,104,0,104,-4,-6,84,764,4.6,140,0.2
2004,12,30,11,80,0,80,-2,-5,78,766,5.7,150,0.2
2004,12,30,12,171,12,165,-2,-6,71,764,3.1,180,0.2
2004,12,30,13,531,705,203,-2,-5,78,764,4.1,160,0.2
2004,12,30,14,95,0,95,-1,-7,60,765,7.7,210,0.2
2004,12,30,15,46,0,46,-2,-6,71,764,6.7,210,0.2
2004,12,30,16,32,0,32,-3,-7,71,764,5.1,200,0.2
2004,12,30,17,0,0,0,-7,-10,77,762,3.6,180,0.2
2004,12,30,18,0,0,0,-7,-9,84,762,2.6,170,0.2
2004,12,30,19,0,0,0,-3,-6,77,764,4.1,130,0.2
2004,12,30,20,0,0,0,-4,-6,84,764,3.1,140,0.2
2004,12,30,21,0,0,0,-6,-7,92,763,3.6,130,0.2
2004,12,30,22,0,0,0,-3,-6,77,765,5.1,140,0.2
2004,12,30,23,0,0,0,-4,-6,84,763,5.7,130,0.2
2004,12,31,0,0,0,0,-3,-6,77,763,7.2,130,0.2
2004,12,31,1,0,0,0,-3,-6,77,762,6.2,130,0.2
2004,12,31,2,0,0,0,-3,-7,71,762,6.7,120,0.2
2004,12,31,3,0,0,0,-4,-7,77,762,3.6,150,0.2
2004,12,31,4,0,0,0,-4,-7,77,762,6.2,150,0.2
2004,12,31,5,0,0,0,-4,-7,77,762,8.2,140,0.2
2004,12,31,6,0,0,0,-5,-7,84,761,6.2,150,0.2
2004,12,31,7,0,0,0,-6,-8,84,760,4.6,150,0.2
2004,12,31,8,35,27,32,-4,-7,77,762,2.6,150,0.2
2004,12,31,9,40,0,40,-4,-6,84,762,3.6,140,0.2
2004,12,31,10,63,0,63,-3,-6,77,762,2.6,150,0.2
2004,12,31,11,80,0,80,-2,-4,85,762,5.1,140,0.2
2004,12,31,12,310,181,222,-2,-4,85,760,9.8,130,0.2
2004,12,31,13,314,239,203,-1,-4,78,760,7.2,150,0.2
2004,12,31,14,66,0,66,-1,-4,78,760,8.2,160,0.2
2004,12,31,15,55,0,55,-1,-4,78,760,7.2,160,0.2
2004,12,31,16,31,0,31,-2,-3,92,759,6.2,150,0.2
2004,12,31,17,0,0,0,-4.5,-4.5,100,759,5.9,150,0.2
2004,12,31,18,0,0,0,-5.9,-5.9,100,759,5.5,160,0.2
2004,12,31,19,0,0,0,-6.8,-6.8,100,759,5.2,160,0.2
2004,12,31,20,0,0,0,-7.1,-7.5,97,758,4.9,160,0.2
2004,12,31,21,0,0,0,-7.3,-8.5,90,758,4.6,160,0.2
2004,12,31,22,0,0,0,-7.3,-9.7,81,758,4.3,170,0.2
2004,12,31,23,0,0,0,-7.2,-10.1,78,758,3.9,170,0.2
>>>>>>> 2c85b0ce6a18646fb532eb72a604d646517b67ae
